from,to,weight
  0,  1,-1.394
  0,  3,-1.374
  1,  2, 0.788
  1,  4, 3.235
  1,  9, 1.170
  3,  4, 2.174
  3,  5,-0.243
  3,  6, 0.621
  3,  8,-0.701
  4,  5,-0.038
  4,  9,-0.689
  6,  8, 0.225
  6, 11,-0.003
  7,  8,-0.634
  7,  9,-0.411
  7, 10, 0.112
  8,  9,-0.156
  8, 11,-0.071
 10, 11, 1.254
 10, 12, 1.259
 10, 14,-1.676
 12, 15, 1.034
 13, 18,-0.816
 13, 20,-1.356
 14, 15,-1.686
 15, 16,-1.144
 15, 17, 0.141
 15, 18,-0.082
 16, 17, 1.915
 17, 18, 0.504
 17, 19, 0.856
 18, 20, 1.652
 19, 20,-1.310
 19, 26, 0.880
 20, 21,-1.543
 20, 22, 0.469
 20, 27, 0.779
 21, 22,-1.572
 22, 29, 1.453
 23, 24, 0.978
 23, 25,-0.915
 23, 26,-0.195
 23, 28, 1.432
 24, 25, 0.084
 24, 26, 0.775
 24, 30,-0.135
 24, 37, 1.636
 25, 28,-1.489
 25, 31,-1.139
 26, 27, 0.170
 26, 28,-0.768
 27, 28, 0.524
 27, 29,-0.886
 28, 29, 1.482
 29, 33, 1.670
 29, 35,-0.746
 30, 31,-1.233
 30, 37,-0.636
 31, 32,-1.076
 31, 38,-1.676
 32, 34,-0.589
 32, 39, 0.225
 33, 35, 1.069
 34, 39, 0.727
 34, 55,-0.719
 36, 37,-0.925
 36, 40,-1.060
 37, 38,-1.656
 37, 39, 0.938
 37, 40, 2.924
 38, 39,-1.659
 39, 40, 0.058
 39, 42, 0.790
 39, 43, 0.769
 39, 50,-1.561
 39, 55,-0.252
 40, 41,-1.519
 42, 43,-0.422
 42, 50,-0.215
 42, 55,-1.408
 43, 44, 1.255
 43, 45, 0.073
 43, 50,-1.525
 44, 45, 0.737
 44, 51, 1.945
 45, 46,-0.774
 45, 47, 1.863
 45, 53,-0.385
 47, 48, 0.925
 47, 49,-1.272
 47, 53,-0.065
 47, 77, 0.053
 48, 49,-1.419
 48, 81, 0.495
 48, 84, 0.143
 49, 78,-1.562
 49, 82,-1.144
 50, 51,-0.008
 50, 55,-1.280
 51, 52, 0.156
 51, 53,-0.096
 51, 54, 1.619
 51, 56,-1.690
 51, 59, 0.840
 51, 75,-0.888
 52, 60,-0.717
 52, 76,-0.540
 53, 77,-1.329
 54, 56, 1.015
 54, 57, 0.780
 55, 56, 0.282
 56, 57,-0.769
 57, 58,-0.871
 59, 60,-0.148
 60, 61, 0.364
 60, 62, 0.010
 60, 76, 1.437
 61, 63,-0.694
 61, 70,-0.349
 61, 71,-1.448
 61, 72,-1.327
 61, 79,-1.402
 62, 63,-0.496
 62, 66,-0.407
 63, 68,-0.785
 63, 70,-0.262
 64, 65, 2.140
 64, 67, 1.534
 65, 69, 0.440
 66, 67,-0.008
 67, 68, 0.073
 68, 70,-0.564
 69,119,-0.226
 70, 71, 0.952
 70, 72,-1.541
 71, 72, 1.753
 72, 73, 0.074
 72, 74, 1.407
 72, 79, 2.458
 73, 74,-1.013
 73, 80,-1.055
 74,115, 2.180
 74,117,-1.406
 75, 76,-0.761
 75, 77,-1.265
 76, 77,-0.334
 76, 78, 0.933
 76, 79, 1.591
 77, 78,-1.022
 78, 79, 0.792
 78, 80, 0.443
 78, 82, 2.088
 79, 80,-1.133
 81, 82, 1.665
 81, 84, 0.434
 81, 88,-0.942
 83, 84, 0.910
 84, 88, 0.063
 85, 86,-1.333
 85, 87,-1.216
 86, 87,-0.402
 87, 89, 0.711
 89, 90,-0.966
 90, 91,-0.965
 90, 95,-1.414
 91, 92,-1.630
 91, 96,-0.556
 92, 96,-1.429
 92,115,-1.573
 93, 94, 0.279
 93,170, 0.422
 94, 95,-0.427
 94, 97, 0.540
 94,172, 0.037
 95, 96, 0.290
 95, 97,-0.166
 96, 97, 1.782
 96,115, 3.596
 96,156,-0.460
 97, 98,-0.889
 97,157,-1.346
 97,173, 1.320
 98,159,-0.703
 98,174,-1.099
100,101, 0.439
100,102, 0.613
100,108,-0.913
100,146,-1.651
100,150, 1.388
100,161, 1.041
101,110, 0.589
101,163,-1.120
102,108,-0.538
102,146,-1.622
103,105,-1.134
103,138, 0.533
104,106, 0.169
104,107,-0.090
106,111, 1.363
107,109, 1.250
107,111, 0.296
108,109, 0.397
108,110, 0.564
109,110, 1.258
109,111,-0.524
110,111, 0.239
110,112,-0.184
110,114,-0.884
111,112,-0.223
115,117,-0.096
115,156,-0.831
116,118, 0.837
116,120,-0.124
116,135,-1.308
116,136,-0.400
116,145,-0.632
116,148,-1.373
116,154, 0.773
117,118, 0.182
118,121, 0.077
118,129,-1.069
118,158,-1.184
120,121,-0.002
120,128,-0.356
120,135, 0.411
120,136,-0.692
121,129, 0.399
122,128,-0.292
122,131, 0.077
122,133,-0.170
123,124,-0.803
123,127, 0.467
124,125,-0.872
124,127,-0.762
125,126, 0.399
125,127,-0.447
126,127, 0.746
126,130, 0.491
127,130,-1.154
127,131, 0.575
128,129, 0.071
128,131,-0.219
128,134,-0.966
128,135, 0.106
129,130, 0.958
130,131, 0.910
132,133,-1.251
132,141, 0.036
134,135,-0.339
134,143,-1.512
135,136,-0.065
135,143, 0.075
135,145, 1.468
137,142, 0.277
139,140,-0.847
139,141,-0.379
140,142,-0.593
141,142, 1.808
141,143, 0.063
141,144, 2.054
143,144,-0.474
143,145,-0.122
144,147,-0.057
145,147,-1.535
145,148, 2.432
146,147,-1.647
146,150,-1.057
147,152,-0.035
148,149, 2.022
148,150, 0.065
148,152, 0.140
148,153, 0.358
148,154, 1.013
149,150, 0.109
149,151,-1.006
149,153, 0.145
149,155, 0.637
149,160, 0.219
150,151,-1.264
150,152, 1.188
150,161, 0.956
151,162,-1.141
153,159, 0.277
154,158,-0.802
154,159, 0.114
155,159,-1.095
155,160, 0.060
155,165, 0.379
156,157,-1.476
156,158,-1.402
156,159,-0.681
157,159,-1.344
158,159,-1.329
159,174, 0.880
160,162, 1.078
160,164, 0.594
160,165, 0.807
161,162, 0.321
161,163, 0.206
162,163,-1.594
164,171, 1.808
165,166, 0.813
165,167, 1.080
165,171,-1.187
165,174, 0.245
166,167, 0.038
166,169,-0.519
166,170,-0.231
166,171, 0.195
167,168,-0.730
167,173,-0.489
167,174, 0.562
168,173,-0.210
169,170,-0.501
170,171, 1.157
170,172,-0.665
172,173,-0.927
173,174, 1.121
  1,  0,-1.394
  3,  0,-1.374
  2,  1, 0.788
  4,  1, 3.235
  9,  1, 1.170
  4,  3, 2.174
  5,  3,-0.243
  6,  3, 0.621
  8,  3,-0.701
  5,  4,-0.038
  9,  4,-0.689
  8,  6, 0.225
 11,  6,-0.003
  8,  7,-0.634
  9,  7,-0.411
 10,  7, 0.112
  9,  8,-0.156
 11,  8,-0.071
 11, 10, 1.254
 12, 10, 1.259
 14, 10,-1.676
 15, 12, 1.034
 18, 13,-0.816
 20, 13,-1.356
 15, 14,-1.686
 16, 15,-1.144
 17, 15, 0.141
 18, 15,-0.082
 17, 16, 1.915
 18, 17, 0.504
 19, 17, 0.856
 20, 18, 1.652
 20, 19,-1.310
 26, 19, 0.880
 21, 20,-1.543
 22, 20, 0.469
 27, 20, 0.779
 22, 21,-1.572
 29, 22, 1.453
 24, 23, 0.978
 25, 23,-0.915
 26, 23,-0.195
 28, 23, 1.432
 25, 24, 0.084
 26, 24, 0.775
 30, 24,-0.135
 37, 24, 1.636
 28, 25,-1.489
 31, 25,-1.139
 27, 26, 0.170
 28, 26,-0.768
 28, 27, 0.524
 29, 27,-0.886
 29, 28, 1.482
 33, 29, 1.670
 35, 29,-0.746
 31, 30,-1.233
 37, 30,-0.636
 32, 31,-1.076
 38, 31,-1.676
 34, 32,-0.589
 39, 32, 0.225
 35, 33, 1.069
 39, 34, 0.727
 55, 34,-0.719
 37, 36,-0.925
 40, 36,-1.060
 38, 37,-1.656
 39, 37, 0.938
 40, 37, 2.924
 39, 38,-1.659
 40, 39, 0.058
 42, 39, 0.790
 43, 39, 0.769
 50, 39,-1.561
 55, 39,-0.252
 41, 40,-1.519
 43, 42,-0.422
 50, 42,-0.215
 55, 42,-1.408
 44, 43, 1.255
 45, 43, 0.073
 50, 43,-1.525
 45, 44, 0.737
 51, 44, 1.945
 46, 45,-0.774
 47, 45, 1.863
 53, 45,-0.385
 48, 47, 0.925
 49, 47,-1.272
 53, 47,-0.065
 77, 47, 0.053
 49, 48,-1.419
 81, 48, 0.495
 84, 48, 0.143
 78, 49,-1.562
 82, 49,-1.144
 51, 50,-0.008
 55, 50,-1.280
 52, 51, 0.156
 53, 51,-0.096
 54, 51, 1.619
 56, 51,-1.690
 59, 51, 0.840
 75, 51,-0.888
 60, 52,-0.717
 76, 52,-0.540
 77, 53,-1.329
 56, 54, 1.015
 57, 54, 0.780
 56, 55, 0.282
 57, 56,-0.769
 58, 57,-0.871
 60, 59,-0.148
 61, 60, 0.364
 62, 60, 0.010
 76, 60, 1.437
 63, 61,-0.694
 70, 61,-0.349
 71, 61,-1.448
 72, 61,-1.327
 79, 61,-1.402
 63, 62,-0.496
 66, 62,-0.407
 68, 63,-0.785
 70, 63,-0.262
 65, 64, 2.140
 67, 64, 1.534
 69, 65, 0.440
 67, 66,-0.008
 68, 67, 0.073
 70, 68,-0.564
119, 69,-0.226
 71, 70, 0.952
 72, 70,-1.541
 72, 71, 1.753
 73, 72, 0.074
 74, 72, 1.407
 79, 72, 2.458
 74, 73,-1.013
 80, 73,-1.055
115, 74, 2.180
117, 74,-1.406
 76, 75,-0.761
 77, 75,-1.265
 77, 76,-0.334
 78, 76, 0.933
 79, 76, 1.591
 78, 77,-1.022
 79, 78, 0.792
 80, 78, 0.443
 82, 78, 2.088
 80, 79,-1.133
 82, 81, 1.665
 84, 81, 0.434
 88, 81,-0.942
 84, 83, 0.910
 88, 84, 0.063
 86, 85,-1.333
 87, 85,-1.216
 87, 86,-0.402
 89, 87, 0.711
 90, 89,-0.966
 91, 90,-0.965
 95, 90,-1.414
 92, 91,-1.630
 96, 91,-0.556
 96, 92,-1.429
115, 92,-1.573
 94, 93, 0.279
170, 93, 0.422
 95, 94,-0.427
 97, 94, 0.540
172, 94, 0.037
 96, 95, 0.290
 97, 95,-0.166
 97, 96, 1.782
115, 96, 3.596
156, 96,-0.460
 98, 97,-0.889
157, 97,-1.346
173, 97, 1.320
159, 98,-0.703
174, 98,-1.099
101,100, 0.439
102,100, 0.613
108,100,-0.913
146,100,-1.651
150,100, 1.388
161,100, 1.041
110,101, 0.589
163,101,-1.120
108,102,-0.538
146,102,-1.622
105,103,-1.134
138,103, 0.533
106,104, 0.169
107,104,-0.090
111,106, 1.363
109,107, 1.250
111,107, 0.296
109,108, 0.397
110,108, 0.564
110,109, 1.258
111,109,-0.524
111,110, 0.239
112,110,-0.184
114,110,-0.884
112,111,-0.223
117,115,-0.096
156,115,-0.831
118,116, 0.837
120,116,-0.124
135,116,-1.308
136,116,-0.400
145,116,-0.632
148,116,-1.373
154,116, 0.773
118,117, 0.182
121,118, 0.077
129,118,-1.069
158,118,-1.184
121,120,-0.002
128,120,-0.356
135,120, 0.411
136,120,-0.692
129,121, 0.399
128,122,-0.292
131,122, 0.077
133,122,-0.170
124,123,-0.803
127,123, 0.467
125,124,-0.872
127,124,-0.762
126,125, 0.399
127,125,-0.447
127,126, 0.746
130,126, 0.491
130,127,-1.154
131,127, 0.575
129,128, 0.071
131,128,-0.219
134,128,-0.966
135,128, 0.106
130,129, 0.958
131,130, 0.910
133,132,-1.251
141,132, 0.036
135,134,-0.339
143,134,-1.512
136,135,-0.065
143,135, 0.075
145,135, 1.468
142,137, 0.277
140,139,-0.847
141,139,-0.379
142,140,-0.593
142,141, 1.808
143,141, 0.063
144,141, 2.054
144,143,-0.474
145,143,-0.122
147,144,-0.057
147,145,-1.535
148,145, 2.432
147,146,-1.647
150,146,-1.057
152,147,-0.035
149,148, 2.022
150,148, 0.065
152,148, 0.140
153,148, 0.358
154,148, 1.013
150,149, 0.109
151,149,-1.006
153,149, 0.145
155,149, 0.637
160,149, 0.219
151,150,-1.264
152,150, 1.188
161,150, 0.956
162,151,-1.141
159,153, 0.277
158,154,-0.802
159,154, 0.114
159,155,-1.095
160,155, 0.060
165,155, 0.379
157,156,-1.476
158,156,-1.402
159,156,-0.681
159,157,-1.344
159,158,-1.329
174,159, 0.880
162,160, 1.078
164,160, 0.594
165,160, 0.807
162,161, 0.321
163,161, 0.206
163,162,-1.594
171,164, 1.808
166,165, 0.813
167,165, 1.080
171,165,-1.187
174,165, 0.245
167,166, 0.038
169,166,-0.519
170,166,-0.231
171,166, 0.195
168,167,-0.730
173,167,-0.489
174,167, 0.562
173,168,-0.210
170,169,-0.501
171,170, 1.157
172,170,-0.665
173,172,-0.927
174,173, 1.121
  0,  0,-1.551
  1,  1, 5.000
  2,  2, 0.140
  3,  3, 4.193
  4,  4, 1.185
  5,  5, 3.253
  6,  6, 2.075
  7,  7, 0.970
  8,  8, 1.669
  9,  9, 2.142
 10, 10, 2.493
 11, 11, 2.938
 12, 12, 1.021
 13, 13,-0.835
 14, 14,-1.687
 15, 15, 1.127
 16, 16, 3.682
 17, 17, 3.501
 18, 18, 2.465
 19, 19, 0.852
 20, 20, 3.405
 21, 21,-1.613
 22, 22, 3.824
 23, 23, 1.729
 24, 24, 3.216
 25, 25, 0.598
 26, 26, 3.174
 27, 27, 1.317
 28, 28, 2.459
 29, 29, 3.919
 30, 30,-0.618
 31, 31,-0.560
 32, 32, 0.327
 33, 33, 0.711
 34, 34, 1.196
 35, 35, 3.503
 36, 36,-0.777
 37, 37, 4.681
 38, 38,-1.660
 39, 39, 5.000
 40, 40, 4.992
 41, 41,-1.643
 42, 42,-0.169
 43, 43, 2.224
 44, 44, 1.964
 45, 45, 4.476
 46, 46,-1.029
 47, 47, 3.239
 48, 48, 1.919
 49, 49,-1.188
 50, 50,-0.142
 51, 51, 5.000
 52, 52,-0.375
 53, 53, 0.298
 54, 54, 2.057
 55, 55, 0.582
 56, 56, 2.312
 57, 57, 1.856
 58, 58,-0.191
 59, 59, 1.548
 60, 60, 3.718
 61, 61, 0.688
 62, 62, 0.609
 63, 63, 0.525
 64, 64, 4.349
 65, 65, 3.887
 66, 66,-0.366
 67, 67, 4.071
 68, 68, 0.833
 69, 69, 0.722
 70, 70, 1.707
 71, 71, 0.614
 72, 72, 5.000
 73, 73, 0.034
 74, 74, 4.293
 75, 75,-0.890
 76, 76, 3.908
 77, 77, 0.217
 78, 78, 3.793
 79, 79, 1.518
 80, 80,-0.244
 81, 81, 2.440
 82, 82, 0.861
 83, 83, 1.950
 84, 84, 2.172
 85, 85,-0.467
 86, 86,-0.535
 87, 87, 4.310
 88, 88, 0.484
 89, 89, 2.569
 90, 90, 1.539
 91, 91, 0.268
 92, 92,-1.412
 93, 93, 0.942
 94, 94, 3.282
 95, 95, 1.311
 96, 96, 3.643
 97, 97, 3.394
 98, 98,-0.835
 99, 99, 1.791
100,100, 3.113
101,101, 0.737
102,102, 0.905
103,103, 3.238
104,104, 1.435
105,105,-1.277
106,106, 3.372
107,107, 2.043
108,108, 1.035
109,109, 2.772
110,110, 4.897
111,111, 2.832
112,112, 0.319
113,113, 0.143
114,114, 0.346
115,115, 3.473
116,116, 2.861
117,117, 1.292
118,118, 4.127
119,119, 1.671
120,120, 1.961
121,121, 0.341
122,122, 1.079
123,123, 1.669
124,124,-0.235
125,125, 2.750
126,126, 2.287
127,127, 3.432
128,128, 2.101
129,129, 2.231
130,130, 2.171
131,131, 2.523
132,132, 0.009
133,133, 0.176
134,134,-0.365
135,135, 3.530
136,136,-0.010
137,137, 0.725
138,138, 3.909
139,139, 1.049
140,140, 0.332
141,141, 3.962
142,142, 2.264
143,143, 1.130
144,144, 3.012
145,145, 2.541
146,146,-1.239
147,147,-0.535
148,148, 4.469
149,149, 3.521
150,150, 3.895
151,151,-1.194
152,152, 0.957
153,153, 1.025
154,154, 1.873
155,155, 1.220
156,156, 0.792
157,157,-1.354
158,158,-0.379
159,159, 3.035
160,160, 3.717
161,161, 2.521
162,162, 1.978
163,163, 0.258
164,164, 2.531
165,165, 3.439
166,166, 2.735
167,167, 2.832
168,168,-0.048
169,169, 0.164
170,170, 2.966
171,171, 3.743
172,172, 0.184
173,173, 2.768
174,174, 2.963
