from,to,weight
  1,  7,-0.376
  3,  4, 0.496
  3,  5, 0.430
  3,  6, 0.287
  3,  8, 0.605
  4,  5,-0.602
  6,  7,-0.896
  6, 11,-0.484
  7, 14, 2.153
  7, 16,-1.459
  8,  9,-0.263
  8, 10, 1.186
  8, 11, 1.749
  9, 11,-0.108
 11, 12, 1.371
 11, 13,-0.005
 11, 14, 0.406
 12, 13, 1.008
 13, 14, 0.463
 13, 15,-0.288
 14, 16, 3.086
 15, 16,-0.875
 15, 22, 0.518
 15, 26,-1.516
 16, 17,-0.246
 16, 18,-0.647
 16, 23, 0.912
 17, 18,-0.385
 18, 19,-1.294
 18, 25, 1.318
 20, 21, 0.643
 20, 22,-0.357
 20, 24, 0.641
 21, 22, 0.892
 21, 30, 1.754
 22, 23, 0.177
 22, 24,-0.960
 22, 26, 0.624
 22, 34,-1.300
 23, 24, 0.368
 23, 25,-0.698
 24, 25, 1.116
 25, 27,-0.512
 25, 28,-0.278
 26, 34,-1.522
 27, 28,-1.341
 29, 30, 2.051
 29, 32,-0.884
 29, 33,-0.085
 30, 32, 1.628
 30, 34,-1.153
 31, 32,-0.499
 31, 35,-0.828
 32, 33,-0.189
 32, 38, 0.952
 35, 38,-0.054
 36, 37,-1.119
 36, 38,-0.758
 36, 47,-0.413
 37, 38,-0.720
 38, 39, 0.759
 38, 42, 1.183
 40, 45,-1.662
 40, 47,-1.482
 40, 65,-0.632
 41, 42,-0.691
 41, 45,-0.952
 42, 43, 0.946
 42, 45,-1.565
 43, 44,-0.169
 44, 45,-0.853
 44, 68,-0.460
 44, 70,-0.775
 45, 67,-0.933
 45, 69,-0.113
 47, 65, 0.785
 48, 49, 1.169
 48, 51, 1.437
 49, 50, 1.202
 49, 51, 3.682
 50, 65, 0.786
 51, 52,-0.434
 51, 53, 2.500
 52, 54,-0.232
 53, 54, 1.766
 54, 55,-0.437
 54, 56, 1.431
 56, 57,-0.358
 56, 90,-0.849
 57, 90,-0.845
 58, 59,-0.938
 58, 61,-0.713
 58, 66,-0.783
 58, 71,-0.258
 59, 60, 0.711
 59, 61,-1.027
 59, 64, 0.232
 59, 73,-0.092
 59, 75,-1.063
 60, 61, 1.040
 60, 64,-0.288
 61, 62, 2.045
 61, 64,-1.075
 61, 67, 1.439
 62, 63,-1.439
 62, 64, 0.623
 65, 67, 2.163
 66, 67,-0.719
 66, 68,-0.151
 66, 71,-1.294
 67, 69, 1.230
 68, 69, 0.843
 68, 70, 0.687
 68, 71, 0.590
 70, 71, 1.197
 71, 73, 2.146
 72, 73, 0.794
 73, 75,-0.264
 77, 78,-0.580
 78, 79,-0.257
 78, 80, 0.501
 78, 82,-0.479
 78, 85,-0.947
 78,114, 1.233
 79, 80,-0.005
 80, 81, 0.471
 80, 82, 0.648
 80, 88,-0.028
 81, 82,-0.535
 81, 89, 0.370
 81,105, 0.964
 82,106,-0.954
 82,116, 0.787
 83, 84,-0.091
 83,111,-0.706
 84, 86, 0.980
 84,113,-0.430
 86,113,-1.388
 87, 88,-1.569
 87, 89,-0.801
 87, 92,-1.271
 88, 89, 0.968
 89, 93, 1.389
 89,105,-0.433
 90, 92, 1.659
 90, 94,-1.324
 91, 92, 0.120
 91, 98,-0.151
 92, 93, 1.858
 92, 94,-1.584
 93,105, 1.380
 95, 96, 0.787
 95, 97, 0.172
 96, 97,-1.171
 97,100, 0.157
 98, 99,-1.061
 98,100, 0.722
 99,100,-1.183
100,101,-0.013
102,103, 0.494
102,104,-1.312
102,105, 1.010
102,115,-1.474
103,104,-0.456
104,117,-0.693
105,106,-0.673
105,115, 0.029
106,116,-0.628
107,117,-0.804
108,111,-1.137
109,117,-0.983
110,114,-1.167
110,116, 0.328
111,112,-0.907
111,113,-0.547
111,114, 0.944
114,116,-0.048
115,116, 0.265
115,117,-0.962
116,117, 1.735
  7,  1,-0.376
  4,  3, 0.496
  5,  3, 0.430
  6,  3, 0.287
  8,  3, 0.605
  5,  4,-0.602
  7,  6,-0.896
 11,  6,-0.484
 14,  7, 2.153
 16,  7,-1.459
  9,  8,-0.263
 10,  8, 1.186
 11,  8, 1.749
 11,  9,-0.108
 12, 11, 1.371
 13, 11,-0.005
 14, 11, 0.406
 13, 12, 1.008
 14, 13, 0.463
 15, 13,-0.288
 16, 14, 3.086
 16, 15,-0.875
 22, 15, 0.518
 26, 15,-1.516
 17, 16,-0.246
 18, 16,-0.647
 23, 16, 0.912
 18, 17,-0.385
 19, 18,-1.294
 25, 18, 1.318
 21, 20, 0.643
 22, 20,-0.357
 24, 20, 0.641
 22, 21, 0.892
 30, 21, 1.754
 23, 22, 0.177
 24, 22,-0.960
 26, 22, 0.624
 34, 22,-1.300
 24, 23, 0.368
 25, 23,-0.698
 25, 24, 1.116
 27, 25,-0.512
 28, 25,-0.278
 34, 26,-1.522
 28, 27,-1.341
 30, 29, 2.051
 32, 29,-0.884
 33, 29,-0.085
 32, 30, 1.628
 34, 30,-1.153
 32, 31,-0.499
 35, 31,-0.828
 33, 32,-0.189
 38, 32, 0.952
 38, 35,-0.054
 37, 36,-1.119
 38, 36,-0.758
 47, 36,-0.413
 38, 37,-0.720
 39, 38, 0.759
 42, 38, 1.183
 45, 40,-1.662
 47, 40,-1.482
 65, 40,-0.632
 42, 41,-0.691
 45, 41,-0.952
 43, 42, 0.946
 45, 42,-1.565
 44, 43,-0.169
 45, 44,-0.853
 68, 44,-0.460
 70, 44,-0.775
 67, 45,-0.933
 69, 45,-0.113
 65, 47, 0.785
 49, 48, 1.169
 51, 48, 1.437
 50, 49, 1.202
 51, 49, 3.682
 65, 50, 0.786
 52, 51,-0.434
 53, 51, 2.500
 54, 52,-0.232
 54, 53, 1.766
 55, 54,-0.437
 56, 54, 1.431
 57, 56,-0.358
 90, 56,-0.849
 90, 57,-0.845
 59, 58,-0.938
 61, 58,-0.713
 66, 58,-0.783
 71, 58,-0.258
 60, 59, 0.711
 61, 59,-1.027
 64, 59, 0.232
 73, 59,-0.092
 75, 59,-1.063
 61, 60, 1.040
 64, 60,-0.288
 62, 61, 2.045
 64, 61,-1.075
 67, 61, 1.439
 63, 62,-1.439
 64, 62, 0.623
 67, 65, 2.163
 67, 66,-0.719
 68, 66,-0.151
 71, 66,-1.294
 69, 67, 1.230
 69, 68, 0.843
 70, 68, 0.687
 71, 68, 0.590
 71, 70, 1.197
 73, 71, 2.146
 73, 72, 0.794
 75, 73,-0.264
 78, 77,-0.580
 79, 78,-0.257
 80, 78, 0.501
 82, 78,-0.479
 85, 78,-0.947
114, 78, 1.233
 80, 79,-0.005
 81, 80, 0.471
 82, 80, 0.648
 88, 80,-0.028
 82, 81,-0.535
 89, 81, 0.370
105, 81, 0.964
106, 82,-0.954
116, 82, 0.787
 84, 83,-0.091
111, 83,-0.706
 86, 84, 0.980
113, 84,-0.430
113, 86,-1.388
 88, 87,-1.569
 89, 87,-0.801
 92, 87,-1.271
 89, 88, 0.968
 93, 89, 1.389
105, 89,-0.433
 92, 90, 1.659
 94, 90,-1.324
 92, 91, 0.120
 98, 91,-0.151
 93, 92, 1.858
 94, 92,-1.584
105, 93, 1.380
 96, 95, 0.787
 97, 95, 0.172
 97, 96,-1.171
100, 97, 0.157
 99, 98,-1.061
100, 98, 0.722
100, 99,-1.183
101,100,-0.013
103,102, 0.494
104,102,-1.312
105,102, 1.010
115,102,-1.474
104,103,-0.456
117,104,-0.693
106,105,-0.673
115,105, 0.029
116,106,-0.628
117,107,-0.804
111,108,-1.137
117,109,-0.983
114,110,-1.167
116,110, 0.328
112,111,-0.907
113,111,-0.547
114,111, 0.944
116,114,-0.048
116,115, 0.265
117,115,-0.962
117,116, 1.735
  0,  0,-0.883
  1,  1, 0.964
  2,  2, 0.014
  3,  3, 2.551
  4,  4, 1.589
  5,  5, 1.592
  6,  6, 0.605
  7,  7, 2.013
  8,  8, 2.443
  9,  9, 1.069
 10, 10, 1.572
 11, 11, 4.076
 12, 12, 2.917
 13, 13, 2.418
 14, 14, 3.980
 15, 15, 1.084
 16, 16, 2.368
 17, 17,-1.152
 18, 18, 3.576
 19, 19,-1.555
 20, 20, 1.019
 21, 21, 3.551
 22, 22, 3.397
 23, 23, 1.511
 24, 24, 1.560
 25, 25, 4.454
 26, 26, 0.142
 27, 27,-0.844
 28, 28, 0.687
 29, 29, 1.821
 30, 30, 4.952
 31, 31, 1.390
 32, 32, 3.471
 33, 33, 1.063
 34, 34,-1.053
 35, 35, 1.354
 36, 36,-0.052
 37, 37,-0.970
 38, 38, 4.808
 39, 39, 0.695
 40, 40,-0.781
 41, 41,-0.854
 42, 42, 1.655
 43, 43,-0.088
 44, 44, 1.004
 45, 45, 0.691
 46, 46,-0.877
 47, 47, 1.588
 48, 48, 3.342
 49, 49, 4.488
 50, 50, 1.577
 51, 51, 4.308
 52, 52,-0.390
 53, 53, 1.568
 54, 54, 5.000
 55, 55,-0.721
 56, 56, 0.894
 57, 57,-0.807
 58, 58, 0.030
 59, 59, 2.762
 60, 60, 0.753
 61, 61, 2.820
 62, 62, 3.400
 63, 63,-1.339
 64, 64, 3.262
 65, 65, 4.047
 66, 66,-0.129
 67, 67, 3.251
 68, 68, 2.566
 69, 69, 1.304
 70, 70, 2.924
 71, 71, 3.418
 72, 72, 1.441
 73, 73, 5.000
 74, 74, 0.327
 75, 75, 0.418
 76, 76,-0.041
 77, 77,-0.859
 78, 78, 4.357
 79, 79, 0.167
 80, 80, 3.978
 81, 81, 1.376
 82, 82, 1.688
 83, 83, 0.362
 84, 84, 3.600
 85, 85,-1.127
 86, 86, 2.127
 87, 87,-0.705
 88, 88, 1.027
 89, 89, 2.953
 90, 90, 2.832
 91, 91,-0.615
 92, 92, 4.478
 93, 93, 3.787
 94, 94,-1.389
 95, 95, 1.824
 96, 96, 3.459
 97, 97, 1.584
 98, 98, 3.786
 99, 99,-0.824
100,100, 1.998
101,101, 2.398
102,102, 1.297
103,103, 2.494
104,104, 1.100
105,105, 4.451
106,106,-0.674
107,107, 0.620
108,108,-0.681
109,109,-0.942
110,110, 0.249
111,111, 3.967
112,112,-1.168
113,113, 0.432
114,114, 1.920
115,115, 0.137
116,116, 4.471
117,117, 3.716
