from,to,weight
 0, 1, 0.731
 0, 3, 1.649
 0, 8,-0.560
 2, 3, 0.909
 2, 4, 2.636
 3, 5,-0.078
 3, 8, 0.712
 4, 5,-0.156
 4, 7, 0.374
 4,13, 1.986
 5, 8,-0.344
 6, 7,-0.313
 6, 8, 1.240
 6,10, 0.574
 6,11, 0.353
 6,14,-0.576
 7, 8,-1.663
 7,13,-0.060
 8, 9, 1.659
 8,10,-1.098
 9,10, 0.568
11,12, 0.002
11,13,-0.201
11,14,-0.210
11,54,-1.150
12,13, 2.392
12,15,-0.303
12,32, 0.511
12,55,-0.030
14,54, 0.279
15,17,-1.509
15,32,-0.322
15,55,-0.250
16,45,-0.521
16,49,-1.183
17,32,-0.305
17,55,-0.407
19,20,-0.680
19,25, 0.531
19,46, 0.494
20,21, 0.777
20,27,-1.469
21,22, 0.418
21,23,-0.291
21,27, 1.145
21,28, 0.776
22,23, 0.213
23,30, 0.390
24,26,-0.105
25,26, 1.836
25,27, 0.961
26,27, 0.489
27,28, 1.316
28,29,-1.224
28,30, 1.206
29,30,-1.005
29,31,-1.645
30,31, 1.639
33,36,-0.587
34,35,-0.876
34,36, 0.768
35,36, 0.307
37,38,-1.223
37,39,-0.536
38,39, 0.015
39,40, 1.290
39,42, 2.220
41,42,-1.472
41,43,-1.018
42,43, 2.220
43,44,-0.224
43,59, 2.542
44,48, 0.137
44,60,-1.381
45,47,-0.997
45,48, 1.596
45,49, 2.118
47,51,-1.163
48,60,-0.156
49,50, 0.701
49,51,-1.184
49,55, 0.847
50,51, 0.492
50,53, 0.012
50,54,-0.511
50,55, 0.254
51,52, 0.790
51,60,-0.040
52,53,-0.133
52,56, 0.811
52,57,-1.175
52,59, 0.668
52,60,-1.702
53,54,-0.060
53,56,-0.879
54,55, 0.071
54,56, 1.279
56,57,-1.184
56,58,-1.299
56,59, 0.929
57,59,-1.141
58,59,-1.246
59,60, 0.650
 1, 0, 0.731
 3, 0, 1.649
 8, 0,-0.560
 3, 2, 0.909
 4, 2, 2.636
 5, 3,-0.078
 8, 3, 0.712
 5, 4,-0.156
 7, 4, 0.374
13, 4, 1.986
 8, 5,-0.344
 7, 6,-0.313
 8, 6, 1.240
10, 6, 0.574
11, 6, 0.353
14, 6,-0.576
 8, 7,-1.663
13, 7,-0.060
 9, 8, 1.659
10, 8,-1.098
10, 9, 0.568
12,11, 0.002
13,11,-0.201
14,11,-0.210
54,11,-1.150
13,12, 2.392
15,12,-0.303
32,12, 0.511
55,12,-0.030
54,14, 0.279
17,15,-1.509
32,15,-0.322
55,15,-0.250
45,16,-0.521
49,16,-1.183
32,17,-0.305
55,17,-0.407
20,19,-0.680
25,19, 0.531
46,19, 0.494
21,20, 0.777
27,20,-1.469
22,21, 0.418
23,21,-0.291
27,21, 1.145
28,21, 0.776
23,22, 0.213
30,23, 0.390
26,24,-0.105
26,25, 1.836
27,25, 0.961
27,26, 0.489
28,27, 1.316
29,28,-1.224
30,28, 1.206
30,29,-1.005
31,29,-1.645
31,30, 1.639
36,33,-0.587
35,34,-0.876
36,34, 0.768
36,35, 0.307
38,37,-1.223
39,37,-0.536
39,38, 0.015
40,39, 1.290
42,39, 2.220
42,41,-1.472
43,41,-1.018
43,42, 2.220
44,43,-0.224
59,43, 2.542
48,44, 0.137
60,44,-1.381
47,45,-0.997
48,45, 1.596
49,45, 2.118
51,47,-1.163
60,48,-0.156
50,49, 0.701
51,49,-1.184
55,49, 0.847
51,50, 0.492
53,50, 0.012
54,50,-0.511
55,50, 0.254
52,51, 0.790
60,51,-0.040
53,52,-0.133
56,52, 0.811
57,52,-1.175
59,52, 0.668
60,52,-1.702
54,53,-0.060
56,53,-0.879
55,54, 0.071
56,54, 1.279
57,56,-1.184
58,56,-1.299
59,56, 0.929
59,57,-1.141
59,58,-1.246
60,59, 0.650
 0, 0, 4.048
 1, 1, 1.792
 2, 2, 3.327
 3, 3, 4.038
 4, 4, 4.626
 5, 5, 0.331
 6, 6, 3.612
 7, 7,-0.025
 8, 8, 3.732
 9, 9, 2.969
10,10, 1.981
11,11, 1.409
12,12, 4.063
13,13, 5.000
14,14, 0.517
15,15, 0.104
16,16,-0.298
17,17,-0.839
18,18,-0.179
19,19, 3.799
20,20, 0.886
21,21, 3.682
22,22, 2.314
23,23, 1.798
24,24,-0.432
25,25, 2.040
26,26, 4.630
27,27, 3.243
28,28, 3.152
29,29,-1.086
30,30, 4.340
31,31, 2.820
32,32, 3.248
33,33, 0.066
34,34, 4.321
35,35, 1.300
36,36, 2.384
37,37, 0.218
38,38,-0.257
39,39, 5.000
40,40, 3.086
41,41,-1.115
42,42, 2.769
43,43, 2.724
44,44,-0.198
45,45, 4.017
46,46, 1.733
47,47,-1.123
48,48, 4.215
49,49, 1.951
50,50, 2.763
51,51, 2.222
52,52, 2.653
53,53, 1.076
54,54, 3.213
55,55, 3.316
56,56, 4.558
57,57,-1.036
58,58,-1.424
59,59, 4.065
60,60, 1.165
