from,to,weight
 0, 1, 0.913
 0, 2, 1.338
 0,25, 2.348
 1, 2,-0.209
 1, 3, 1.217
 1, 5,-1.198
 1,20, 0.925
 2, 4, 0.703
 3, 4, 1.091
 3, 5, 0.684
 5,10, 0.313
 5,20, 0.412
 6, 7,-1.363
 6, 8, 0.710
 6,10,-0.509
 7, 8, 0.692
 7, 9,-0.952
 7,10, 0.235
 7,17, 0.149
 8, 9,-0.513
 8,11, 2.096
 8,18,-1.426
 9,19,-0.531
10,20,-1.454
11,12, 0.936
11,13,-0.574
11,18,-1.497
12,13,-1.003
12,14, 1.102
13,16,-1.106
13,19,-1.214
14,16, 1.400
14,42,-0.402
14,47, 1.255
15,16,-0.421
15,22,-1.595
15,46,-0.529
16,19, 1.122
16,24,-0.215
17,19, 1.230
17,20, 1.525
18,19,-1.408
19,24, 0.570
21,22, 0.049
21,23, 0.212
21,52, 0.076
22,23, 0.551
22,24, 0.776
22,25, 1.082
22,46, 1.618
22,53, 0.437
23,25,-0.091
24,25,-0.614
26,27,-0.655
26,42, 0.845
26,47,-0.984
27,28, 0.612
27,29,-0.427
27,43,-0.854
28,29,-0.319
28,40, 1.538
28,44, 2.102
30,36, 0.937
30,41, 1.299
31,32, 0.117
31,33,-1.314
32,33,-0.337
32,34, 0.085
32,56, 0.475
33,34, 0.915
33,35,-0.626
34,35,-1.655
34,36, 0.144
34,37, 0.865
34,55, 0.482
34,57,-0.391
35,36,-0.374
36,38,-0.078
36,41,-1.587
37,38,-0.155
37,39,-0.354
37,55, 1.182
38,39, 1.013
38,41, 1.847
39,54,-0.821
40,41, 1.753
40,44,-0.491
42,43,-1.005
42,46,-0.496
42,47, 0.053
43,44,-1.094
44,45,-1.182
44,46, 1.460
45,46,-1.263
46,53,-0.397
48,50, 0.641
49,59, 1.104
55,57,-0.468
55,58, 0.251
56,57,-1.009
59,60, 1.933
60,61,-0.388
 1, 0, 0.913
 2, 0, 1.338
25, 0, 2.348
 2, 1,-0.209
 3, 1, 1.217
 5, 1,-1.198
20, 1, 0.925
 4, 2, 0.703
 4, 3, 1.091
 5, 3, 0.684
10, 5, 0.313
20, 5, 0.412
 7, 6,-1.363
 8, 6, 0.710
10, 6,-0.509
 8, 7, 0.692
 9, 7,-0.952
10, 7, 0.235
17, 7, 0.149
 9, 8,-0.513
11, 8, 2.096
18, 8,-1.426
19, 9,-0.531
20,10,-1.454
12,11, 0.936
13,11,-0.574
18,11,-1.497
13,12,-1.003
14,12, 1.102
16,13,-1.106
19,13,-1.214
16,14, 1.400
42,14,-0.402
47,14, 1.255
16,15,-0.421
22,15,-1.595
46,15,-0.529
19,16, 1.122
24,16,-0.215
19,17, 1.230
20,17, 1.525
19,18,-1.408
24,19, 0.570
22,21, 0.049
23,21, 0.212
52,21, 0.076
23,22, 0.551
24,22, 0.776
25,22, 1.082
46,22, 1.618
53,22, 0.437
25,23,-0.091
25,24,-0.614
27,26,-0.655
42,26, 0.845
47,26,-0.984
28,27, 0.612
29,27,-0.427
43,27,-0.854
29,28,-0.319
40,28, 1.538
44,28, 2.102
36,30, 0.937
41,30, 1.299
32,31, 0.117
33,31,-1.314
33,32,-0.337
34,32, 0.085
56,32, 0.475
34,33, 0.915
35,33,-0.626
35,34,-1.655
36,34, 0.144
37,34, 0.865
55,34, 0.482
57,34,-0.391
36,35,-0.374
38,36,-0.078
41,36,-1.587
38,37,-0.155
39,37,-0.354
55,37, 1.182
39,38, 1.013
41,38, 1.847
54,39,-0.821
41,40, 1.753
44,40,-0.491
43,42,-1.005
46,42,-0.496
47,42, 0.053
44,43,-1.094
45,44,-1.182
46,44, 1.460
46,45,-1.263
53,46,-0.397
50,48, 0.641
59,49, 1.104
57,55,-0.468
58,55, 0.251
57,56,-1.009
60,59, 1.933
61,60,-0.388
 0, 0, 4.973
 1, 1, 2.572
 2, 2, 3.957
 3, 3, 4.847
 4, 4, 2.238
 5, 5, 1.994
 6, 6, 2.340
 7, 7, 1.453
 8, 8, 4.564
 9, 9,-0.478
10,10, 2.101
11,11, 4.472
12,12, 1.342
13,13,-0.513
14,14, 3.142
15,15,-0.761
16,16, 2.191
17,17, 2.072
18,18,-1.410
19,19, 2.890
20,20, 1.700
21,21, 1.310
22,22, 4.789
23,23, 1.961
24,24, 2.146
25,25, 4.379
26,26, 1.556
27,27, 2.779
28,28, 5.000
29,29,-0.376
30,30, 2.266
31,31, 0.856
32,32, 2.798
33,33, 0.457
34,34, 3.785
35,35,-0.455
36,36, 1.982
37,37, 2.069
38,38, 2.366
39,39, 2.355
40,40, 1.249
41,41, 2.766
42,42, 2.707
43,43,-0.379
44,44, 3.834
45,45,-0.994
46,46, 4.632
47,47, 1.587
48,48, 2.627
49,49, 3.713
50,50, 2.221
51,51,-1.391
52,52, 1.684
53,53, 0.647
54,54,-0.853
55,55, 4.107
56,56, 1.170
57,57, 0.509
58,58, 1.279
59,59, 3.396
60,60, 3.258
61,61,-0.478
