from,to,weight
 1, 2,-0.655
 1, 3,-0.540
 2, 3,-0.171
 2, 9,-0.864
 3, 9, 1.158
 4, 6,-1.600
 4, 8, 1.027
 4,11, 0.483
 5, 8,-0.910
 5,10,-1.109
 5,13,-1.260
 6, 8,-0.504
 7, 8,-0.523
 7, 9,-0.911
 8, 9, 0.629
 8,10, 0.667
 8,14,-1.184
 9,10, 0.486
10,15, 1.218
10,19, 1.174
11,12, 0.512
11,13,-1.131
11,14,-1.374
11,44, 1.513
12,13,-0.023
12,15,-1.328
12,16, 0.618
12,45,-0.937
13,14,-1.249
13,15, 0.096
15,17, 0.202
15,19,-1.379
16,17, 0.757
16,18, 0.306
16,37,-1.295
16,43, 1.738
16,45,-0.294
17,18, 0.320
17,19, 1.360
17,20,-1.497
18,23, 0.075
18,39,-0.556
19,20, 0.661
20,23, 0.134
21,22, 0.486
21,23, 0.012
21,38,-0.970
22,23, 0.927
22,24, 0.102
22,46,-1.343
23,24, 0.714
23,39, 1.341
25,26, 2.850
25,28, 1.755
25,30,-1.642
25,35,-0.546
26,27, 2.259
26,28,-1.388
26,31,-0.368
26,34,-0.008
27,28, 2.589
27,41,-1.612
28,29, 0.653
28,30,-1.490
28,36, 0.641
28,42,-0.987
29,37, 0.318
29,43,-0.122
30,40,-1.470
31,34,-0.071
32,33, 0.541
33,34, 0.616
35,40,-1.116
36,37,-0.339
36,40, 0.714
37,39, 1.153
37,40,-1.299
37,43, 0.246
38,39,-0.791
38,40,-0.120
39,40, 0.968
41,42,-1.600
42,43, 0.104
43,45, 0.803
44,45, 0.727
 2, 1,-0.655
 3, 1,-0.540
 3, 2,-0.171
 9, 2,-0.864
 9, 3, 1.158
 6, 4,-1.600
 8, 4, 1.027
11, 4, 0.483
 8, 5,-0.910
10, 5,-1.109
13, 5,-1.260
 8, 6,-0.504
 8, 7,-0.523
 9, 7,-0.911
 9, 8, 0.629
10, 8, 0.667
14, 8,-1.184
10, 9, 0.486
15,10, 1.218
19,10, 1.174
12,11, 0.512
13,11,-1.131
14,11,-1.374
44,11, 1.513
13,12,-0.023
15,12,-1.328
16,12, 0.618
45,12,-0.937
14,13,-1.249
15,13, 0.096
17,15, 0.202
19,15,-1.379
17,16, 0.757
18,16, 0.306
37,16,-1.295
43,16, 1.738
45,16,-0.294
18,17, 0.320
19,17, 1.360
20,17,-1.497
23,18, 0.075
39,18,-0.556
20,19, 0.661
23,20, 0.134
22,21, 0.486
23,21, 0.012
38,21,-0.970
23,22, 0.927
24,22, 0.102
46,22,-1.343
24,23, 0.714
39,23, 1.341
26,25, 2.850
28,25, 1.755
30,25,-1.642
35,25,-0.546
27,26, 2.259
28,26,-1.388
31,26,-0.368
34,26,-0.008
28,27, 2.589
41,27,-1.612
29,28, 0.653
30,28,-1.490
36,28, 0.641
42,28,-0.987
37,29, 0.318
43,29,-0.122
40,30,-1.470
34,31,-0.071
33,32, 0.541
34,33, 0.616
40,35,-1.116
37,36,-0.339
40,36, 0.714
39,37, 1.153
40,37,-1.299
43,37, 0.246
39,38,-0.791
40,38,-0.120
40,39, 0.968
42,41,-1.600
43,42, 0.104
45,43, 0.803
45,44, 0.727
 0, 0, 2.992
 1, 1, 0.540
 2, 2, 1.115
 3, 3, 1.905
 4, 4, 0.736
 5, 5,-1.080
 6, 6,-0.712
 7, 7,-0.560
 8, 8, 3.898
 9, 9, 5.000
10,10, 3.283
11,11, 4.316
12,12, 1.419
13,13, 0.430
14,14,-1.190
15,15, 1.480
16,16, 3.210
17,17, 2.159
18,18, 1.442
19,19, 4.136
20,20, 0.533
21,21, 1.085
22,22, 4.574
23,23, 4.499
24,24, 2.802
25,25, 2.690
26,26, 3.667
27,27, 4.808
28,28, 3.136
29,29, 0.482
30,30,-1.560
31,31, 1.123
32,32, 1.591
33,33, 2.025
34,34, 1.918
35,35,-0.529
36,36, 0.129
37,37, 2.268
38,38, 1.587
39,39, 2.723
40,40, 2.457
41,41,-1.589
42,42,-0.185
43,43, 3.782
44,44, 4.248
45,45, 1.246
46,46,-1.586
