from,to,weight
  0,  1,-0.907
  0,  3, 2.273
  0,  7, 0.127
  2,  3, 1.192
  2,  4,-0.628
  2,  5,-0.805
  3,  4,-1.182
  3,  7,-1.008
  5,  6,-0.848
  5, 10,-0.022
  6,  7,-0.385
  6, 10,-0.169
  7, 11,-1.053
  8, 12,-0.986
  9, 10, 1.812
  9, 12,-0.584
  9, 13, 1.642
 10, 11,-1.164
 10, 15,-0.448
 12, 19, 0.794
 12, 21,-1.677
 13, 14,-1.171
 13, 15,-0.824
 13, 16, 1.712
 13, 19,-0.726
 14, 16,-0.574
 16, 17, 1.505
 16, 18, 0.121
 16, 19, 0.025
 17, 18, 1.194
 18, 19,-0.014
 18, 20, 0.126
 19, 21, 2.435
 20, 21,-1.376
 20, 26, 0.640
 21, 22,-0.164
 21, 23,-0.847
 21, 27, 1.752
 22, 23,-0.066
 23, 29, 1.114
 24, 25, 0.849
 24, 26,-0.198
 24, 28, 0.899
 25, 26, 0.936
 25, 30,-1.478
 25, 35, 2.210
 26, 27, 0.951
 26, 28,-0.818
 26, 31,-1.116
 27, 28, 0.473
 27, 29,-0.647
 28, 29, 1.067
 29, 32, 1.366
 29, 33,-0.311
 30, 35,-1.231
 32, 33, 0.672
 34, 35,-0.128
 34, 37,-1.100
 34, 38,-1.290
 35, 36, 0.317
 35, 37, 2.594
 36, 37,-0.374
 36, 39,-1.005
 36, 41, 0.932
 36, 50,-0.653
 36, 55,-0.173
 37, 38,-0.883
 37, 40,-1.116
 37, 44,-0.363
 39, 41,-1.133
 39, 50,-1.262
 40, 44,-1.281
 41, 42, 1.195
 41, 44,-0.467
 41, 50, 0.383
 42, 43, 0.812
 42, 44,-0.919
 42, 45, 0.498
 42, 52, 0.621
 43, 44, 1.273
 43, 46,-0.576
 44, 47,-0.857
 45, 46,-0.791
 45, 49,-0.237
 45, 52, 0.047
 45, 83, 0.347
 45, 87,-1.214
 46, 47,-0.948
 46, 49,-0.130
 48, 49,-1.431
 48, 90,-1.610
 49, 89, 0.210
 49, 91, 0.283
 50, 51, 1.075
 50, 52,-0.970
 50, 53,-0.201
 50, 55,-1.431
 51, 52, 1.249
 51, 54, 0.627
 51, 57,-0.583
 51, 58, 0.464
 51, 61, 1.574
 51, 81,-0.665
 52, 83,-0.541
 53, 54,-0.184
 53, 55, 0.418
 54, 56, 0.552
 54, 57, 0.048
 56, 57, 0.001
 56, 58,-0.844
 56, 59, 0.441
 57, 58,-0.029
 58, 59,-0.380
 58, 61, 0.058
 59, 60,-0.521
 59, 61,-0.900
 60, 61,-0.363
 61, 62, 2.494
 61, 81,-0.101
 62, 63, 1.780
 62, 67,-1.312
 62, 72,-0.169
 62, 74,-1.093
 62, 82, 0.535
 63, 64,-0.728
 63, 67, 1.352
 63, 72,-0.943
 64, 69,-1.615
 64, 73,-0.763
 65, 66, 1.006
 65, 68, 2.286
 67, 68, 2.434
 67, 69,-0.542
 68, 69, 0.683
 69, 71,-0.390
 69, 73,-0.276
 70,141,-0.965
 71, 73, 0.759
 72, 73,-0.042
 72, 74,-0.947
 73, 75, 1.236
 74, 75,-1.039
 74, 76,-0.396
 75, 78, 1.004
 75,133,-0.673
 76, 77,-0.948
 76, 78,-0.680
 76, 82,-0.220
 77, 78, 0.270
 77, 79, 0.891
 77, 85, 2.398
 78, 79, 1.451
 78, 80,-0.661
 78,131,-1.422
 78,133,-0.051
 79, 80, 1.867
 79, 86,-1.342
 79, 97, 0.035
 79,101, 0.632
 79,108, 0.008
 80,109,-1.083
 80,130,-0.131
 80,132, 0.380
 81, 82,-0.010
 81, 83,-0.939
 82, 83, 0.431
 82, 85, 1.993
 83, 84, 0.344
 83, 85,-1.529
 83, 87,-1.556
 84, 85, 2.524
 84, 86,-1.435
 84, 89, 2.106
 84, 96,-1.467
 85, 86,-1.386
 87, 89,-1.183
 88, 89,-0.520
 88, 90,-0.681
 88, 92,-1.380
 89, 91,-0.175
 89, 96, 0.007
 90, 91, 0.870
 90, 92, 1.620
 92, 95, 1.679
 92, 96,-1.273
 93, 94,-1.500
 93, 95, 1.071
 93, 98,-0.355
 94, 95,-0.246
 94, 99,-0.511
 95, 96, 0.354
 95, 97, 0.094
 95,100, 0.543
 97,101,-1.263
 98, 99,-0.428
 99,101,-0.550
 99,102,-0.225
100,101, 0.043
101,103,-0.682
101,108,-1.172
102,103,-1.618
102,107, 0.834
102,114,-1.404
103,108,-0.663
104,105,-1.567
104,107,-0.152
104,110,-1.008
104,183,-0.495
105,106,-1.299
105,107,-0.986
105,184,-0.841
106,107, 0.872
106,112,-0.106
106,185, 0.573
107,108, 0.299
107,110, 0.718
107,114, 0.060
108,109,-0.629
108,110, 0.627
109,110, 1.199
109,130, 2.418
109,170,-1.654
110,111,-0.570
110,171,-0.385
110,187, 1.203
111,173,-0.456
111,188,-1.045
112,113, 1.083
112,114,-0.577
112,185, 0.465
113,129,-0.531
115,178,-0.206
115,186,-0.353
116,117,-0.310
116,118,-0.498
116,123,-0.105
116,165, 1.042
116,175, 1.466
117,125,-0.391
118,123,-0.469
118,165,-0.873
119,124,-0.640
120,124,-1.248
121,126, 0.113
122,124, 2.225
122,126, 0.923
123,124, 1.350
123,125, 0.868
124,125, 0.621
124,126,-1.030
125,126, 0.371
130,132, 0.324
130,136,-0.913
130,139, 2.159
130,170,-0.253
131,132,-0.659
131,133,-0.963
131,134,-1.063
132,135, 0.401
132,136,-1.271
133,134,-1.045
134,135,-0.910
135,136,-1.267
135,138,-0.819
138,139,-0.870
139,140, 1.462
139,170,-0.570
140,143, 1.508
140,150,-1.105
140,172,-0.711
141,146,-0.732
142,143,-0.408
142,149,-0.998
142,154,-0.338
143,150, 0.893
144,145,-1.224
144,148,-0.313
145,146,-0.077
145,148, 0.038
146,147, 1.266
146,148,-1.103
147,148, 1.077
147,150,-1.116
147,151, 0.521
148,151,-0.978
148,152,-0.567
149,150,-0.274
149,151,-0.739
149,152, 0.083
149,153, 0.237
149,154,-0.259
150,151, 0.476
151,152, 0.096
153,154, 0.749
153,159, 0.160
154,159,-0.326
154,161, 1.454
155,156, 0.264
156,157, 1.243
157,158,-0.910
157,160, 0.213
159,161,-0.180
159,162, 0.439
161,162, 2.226
162,163, 0.858
162,164, 0.468
162,165, 0.402
162,167,-1.112
162,168,-1.569
163,165,-0.566
163,167,-1.591
163,169, 0.386
163,174,-1.051
164,165,-0.456
164,166,-1.408
165,166, 1.014
165,175,-0.032
167,173,-0.596
168,173,-1.574
169,173, 0.216
169,174, 0.748
169,179, 0.289
170,171,-0.562
170,172,-0.978
170,173,-0.703
171,173,-0.792
172,173,-0.810
173,188, 0.746
174,175, 0.257
174,176, 2.168
174,178, 0.983
174,179, 1.353
175,176, 0.550
175,177,-0.635
178,186, 1.292
179,180, 0.893
179,182, 1.522
179,186,-1.518
179,188, 0.243
180,181,-1.252
180,182, 0.327
180,184, 0.160
180,185,-0.510
180,186, 0.298
181,182,-0.827
181,183,-1.114
181,184,-1.083
182,183, 0.634
182,187,-1.028
182,188, 1.137
183,184,-0.241
183,187, 0.330
184,185,-0.478
185,186, 1.104
187,188, 0.734
  1,  0,-0.907
  3,  0, 2.273
  7,  0, 0.127
  3,  2, 1.192
  4,  2,-0.628
  5,  2,-0.805
  4,  3,-1.182
  7,  3,-1.008
  6,  5,-0.848
 10,  5,-0.022
  7,  6,-0.385
 10,  6,-0.169
 11,  7,-1.053
 12,  8,-0.986
 10,  9, 1.812
 12,  9,-0.584
 13,  9, 1.642
 11, 10,-1.164
 15, 10,-0.448
 19, 12, 0.794
 21, 12,-1.677
 14, 13,-1.171
 15, 13,-0.824
 16, 13, 1.712
 19, 13,-0.726
 16, 14,-0.574
 17, 16, 1.505
 18, 16, 0.121
 19, 16, 0.025
 18, 17, 1.194
 19, 18,-0.014
 20, 18, 0.126
 21, 19, 2.435
 21, 20,-1.376
 26, 20, 0.640
 22, 21,-0.164
 23, 21,-0.847
 27, 21, 1.752
 23, 22,-0.066
 29, 23, 1.114
 25, 24, 0.849
 26, 24,-0.198
 28, 24, 0.899
 26, 25, 0.936
 30, 25,-1.478
 35, 25, 2.210
 27, 26, 0.951
 28, 26,-0.818
 31, 26,-1.116
 28, 27, 0.473
 29, 27,-0.647
 29, 28, 1.067
 32, 29, 1.366
 33, 29,-0.311
 35, 30,-1.231
 33, 32, 0.672
 35, 34,-0.128
 37, 34,-1.100
 38, 34,-1.290
 36, 35, 0.317
 37, 35, 2.594
 37, 36,-0.374
 39, 36,-1.005
 41, 36, 0.932
 50, 36,-0.653
 55, 36,-0.173
 38, 37,-0.883
 40, 37,-1.116
 44, 37,-0.363
 41, 39,-1.133
 50, 39,-1.262
 44, 40,-1.281
 42, 41, 1.195
 44, 41,-0.467
 50, 41, 0.383
 43, 42, 0.812
 44, 42,-0.919
 45, 42, 0.498
 52, 42, 0.621
 44, 43, 1.273
 46, 43,-0.576
 47, 44,-0.857
 46, 45,-0.791
 49, 45,-0.237
 52, 45, 0.047
 83, 45, 0.347
 87, 45,-1.214
 47, 46,-0.948
 49, 46,-0.130
 49, 48,-1.431
 90, 48,-1.610
 89, 49, 0.210
 91, 49, 0.283
 51, 50, 1.075
 52, 50,-0.970
 53, 50,-0.201
 55, 50,-1.431
 52, 51, 1.249
 54, 51, 0.627
 57, 51,-0.583
 58, 51, 0.464
 61, 51, 1.574
 81, 51,-0.665
 83, 52,-0.541
 54, 53,-0.184
 55, 53, 0.418
 56, 54, 0.552
 57, 54, 0.048
 57, 56, 0.001
 58, 56,-0.844
 59, 56, 0.441
 58, 57,-0.029
 59, 58,-0.380
 61, 58, 0.058
 60, 59,-0.521
 61, 59,-0.900
 61, 60,-0.363
 62, 61, 2.494
 81, 61,-0.101
 63, 62, 1.780
 67, 62,-1.312
 72, 62,-0.169
 74, 62,-1.093
 82, 62, 0.535
 64, 63,-0.728
 67, 63, 1.352
 72, 63,-0.943
 69, 64,-1.615
 73, 64,-0.763
 66, 65, 1.006
 68, 65, 2.286
 68, 67, 2.434
 69, 67,-0.542
 69, 68, 0.683
 71, 69,-0.390
 73, 69,-0.276
141, 70,-0.965
 73, 71, 0.759
 73, 72,-0.042
 74, 72,-0.947
 75, 73, 1.236
 75, 74,-1.039
 76, 74,-0.396
 78, 75, 1.004
133, 75,-0.673
 77, 76,-0.948
 78, 76,-0.680
 82, 76,-0.220
 78, 77, 0.270
 79, 77, 0.891
 85, 77, 2.398
 79, 78, 1.451
 80, 78,-0.661
131, 78,-1.422
133, 78,-0.051
 80, 79, 1.867
 86, 79,-1.342
 97, 79, 0.035
101, 79, 0.632
108, 79, 0.008
109, 80,-1.083
130, 80,-0.131
132, 80, 0.380
 82, 81,-0.010
 83, 81,-0.939
 83, 82, 0.431
 85, 82, 1.993
 84, 83, 0.344
 85, 83,-1.529
 87, 83,-1.556
 85, 84, 2.524
 86, 84,-1.435
 89, 84, 2.106
 96, 84,-1.467
 86, 85,-1.386
 89, 87,-1.183
 89, 88,-0.520
 90, 88,-0.681
 92, 88,-1.380
 91, 89,-0.175
 96, 89, 0.007
 91, 90, 0.870
 92, 90, 1.620
 95, 92, 1.679
 96, 92,-1.273
 94, 93,-1.500
 95, 93, 1.071
 98, 93,-0.355
 95, 94,-0.246
 99, 94,-0.511
 96, 95, 0.354
 97, 95, 0.094
100, 95, 0.543
101, 97,-1.263
 99, 98,-0.428
101, 99,-0.550
102, 99,-0.225
101,100, 0.043
103,101,-0.682
108,101,-1.172
103,102,-1.618
107,102, 0.834
114,102,-1.404
108,103,-0.663
105,104,-1.567
107,104,-0.152
110,104,-1.008
183,104,-0.495
106,105,-1.299
107,105,-0.986
184,105,-0.841
107,106, 0.872
112,106,-0.106
185,106, 0.573
108,107, 0.299
110,107, 0.718
114,107, 0.060
109,108,-0.629
110,108, 0.627
110,109, 1.199
130,109, 2.418
170,109,-1.654
111,110,-0.570
171,110,-0.385
187,110, 1.203
173,111,-0.456
188,111,-1.045
113,112, 1.083
114,112,-0.577
185,112, 0.465
129,113,-0.531
178,115,-0.206
186,115,-0.353
117,116,-0.310
118,116,-0.498
123,116,-0.105
165,116, 1.042
175,116, 1.466
125,117,-0.391
123,118,-0.469
165,118,-0.873
124,119,-0.640
124,120,-1.248
126,121, 0.113
124,122, 2.225
126,122, 0.923
124,123, 1.350
125,123, 0.868
125,124, 0.621
126,124,-1.030
126,125, 0.371
132,130, 0.324
136,130,-0.913
139,130, 2.159
170,130,-0.253
132,131,-0.659
133,131,-0.963
134,131,-1.063
135,132, 0.401
136,132,-1.271
134,133,-1.045
135,134,-0.910
136,135,-1.267
138,135,-0.819
139,138,-0.870
140,139, 1.462
170,139,-0.570
143,140, 1.508
150,140,-1.105
172,140,-0.711
146,141,-0.732
143,142,-0.408
149,142,-0.998
154,142,-0.338
150,143, 0.893
145,144,-1.224
148,144,-0.313
146,145,-0.077
148,145, 0.038
147,146, 1.266
148,146,-1.103
148,147, 1.077
150,147,-1.116
151,147, 0.521
151,148,-0.978
152,148,-0.567
150,149,-0.274
151,149,-0.739
152,149, 0.083
153,149, 0.237
154,149,-0.259
151,150, 0.476
152,151, 0.096
154,153, 0.749
159,153, 0.160
159,154,-0.326
161,154, 1.454
156,155, 0.264
157,156, 1.243
158,157,-0.910
160,157, 0.213
161,159,-0.180
162,159, 0.439
162,161, 2.226
163,162, 0.858
164,162, 0.468
165,162, 0.402
167,162,-1.112
168,162,-1.569
165,163,-0.566
167,163,-1.591
169,163, 0.386
174,163,-1.051
165,164,-0.456
166,164,-1.408
166,165, 1.014
175,165,-0.032
173,167,-0.596
173,168,-1.574
173,169, 0.216
174,169, 0.748
179,169, 0.289
171,170,-0.562
172,170,-0.978
173,170,-0.703
173,171,-0.792
173,172,-0.810
188,173, 0.746
175,174, 0.257
176,174, 2.168
178,174, 0.983
179,174, 1.353
176,175, 0.550
177,175,-0.635
186,178, 1.292
180,179, 0.893
182,179, 1.522
186,179,-1.518
188,179, 0.243
181,180,-1.252
182,180, 0.327
184,180, 0.160
185,180,-0.510
186,180, 0.298
182,181,-0.827
183,181,-1.114
184,181,-1.083
183,182, 0.634
187,182,-1.028
188,182, 1.137
184,183,-0.241
187,183, 0.330
185,184,-0.478
186,185, 1.104
188,187, 0.734
  0,  0, 4.518
  1,  1,-1.084
  2,  2, 2.054
  3,  3, 2.725
  4,  4, 1.882
  5,  5, 1.300
  6,  6, 0.021
  7,  7, 2.381
  8,  8,-0.365
  9,  9, 2.315
 10, 10, 4.180
 11, 11,-1.014
 12, 12, 1.075
 13, 13, 0.993
 14, 14,-0.315
 15, 15, 0.382
 16, 16, 3.273
 17, 17, 3.390
 18, 18, 2.468
 19, 19, 3.190
 20, 20, 0.485
 21, 21, 2.901
 22, 22,-0.300
 23, 23, 3.401
 24, 24, 1.207
 25, 25, 2.630
 26, 26, 4.018
 27, 27, 2.276
 28, 28, 1.763
 29, 29, 3.708
 30, 30,-1.263
 31, 31,-1.319
 32, 32, 1.009
 33, 33, 3.534
 34, 34,-0.434
 35, 35, 5.000
 36, 36, 4.035
 37, 37, 4.129
 38, 38,-0.679
 39, 39,-1.189
 40, 40,-1.058
 41, 41, 2.733
 42, 42, 3.020
 43, 43, 0.783
 44, 44, 3.628
 45, 45, 2.304
 46, 46, 0.142
 47, 47,-0.295
 48, 48,-1.552
 49, 49, 2.500
 50, 50, 2.156
 51, 51, 4.646
 52, 52, 2.422
 53, 53, 0.152
 54, 54, 2.007
 55, 55, 1.323
 56, 56, 2.301
 57, 57, 0.900
 58, 58, 1.909
 59, 59, 1.321
 60, 60,-0.782
 61, 61, 4.803
 62, 62, 4.075
 63, 63, 1.925
 64, 64,-1.062
 65, 65, 4.715
 66, 66, 2.479
 67, 67, 1.227
 68, 68, 4.784
 69, 69, 1.228
 70, 70,-0.632
 71, 71, 0.844
 72, 72, 0.118
 73, 73, 2.509
 74, 74,-0.281
 75, 75, 1.883
 76, 76, 0.461
 77, 77, 2.075
 78, 78, 2.920
 79, 79, 5.000
 80, 80, 2.322
 81, 81, 0.703
 82, 82, 2.395
 83, 83, 1.992
 84, 84, 2.196
 85, 85, 3.490
 86, 86,-1.132
 87, 87,-1.273
 88, 88,-1.087
 89, 89, 3.074
 90, 90, 4.317
 91, 91, 0.138
 92, 92, 1.644
 93, 93, 0.613
 94, 94,-0.882
 95, 95, 5.000
 96, 96, 0.116
 97, 97, 0.417
 98, 98, 1.601
 99, 99, 0.542
100,100,-0.313
101,101, 1.436
102,102, 1.346
103,103,-1.109
104,104,-0.368
105,105,-0.884
106,106, 1.042
107,107, 4.411
108,108, 2.158
109,109, 0.737
110,110, 4.500
111,111,-0.468
112,112, 3.019
113,113, 4.289
114,114, 0.030
115,115, 0.747
116,116, 3.059
117,117,-0.495
118,118, 0.165
119,119,-0.733
120,120,-0.952
121,121, 0.356
122,122, 1.906
123,123, 1.683
124,124, 3.932
125,125, 4.324
126,126, 2.878
127,127, 0.218
128,128, 0.790
129,129, 0.024
130,130, 4.502
131,131,-0.553
132,132, 1.687
133,133, 0.513
134,134, 0.316
135,135, 1.071
136,136,-0.758
137,137,-0.329
138,138,-0.157
139,139, 3.951
140,140, 4.559
141,141, 2.747
142,142,-0.377
143,143, 1.905
144,144, 0.258
145,145, 0.874
146,146, 3.643
147,147, 2.935
148,148, 3.158
149,149, 2.805
150,150, 1.925
151,151, 2.066
152,152, 1.158
153,153, 2.296
154,154, 2.904
155,155, 0.690
156,156, 2.816
157,157, 3.899
158,158,-1.149
159,159, 2.792
160,160, 0.326
161,161, 2.111
162,162, 5.000
163,163, 1.035
164,164, 1.006
165,165, 4.304
166,166, 0.598
167,167,-1.275
168,168,-1.645
169,169, 1.912
170,170, 0.819
171,171,-0.420
172,172,-0.338
173,173, 3.912
174,174, 4.704
175,175, 3.430
176,176, 1.854
177,177,-0.830
178,178, 2.173
179,179, 3.163
180,180, 2.977
181,181,-0.607
182,182, 3.863
183,183, 1.501
184,184, 1.010
185,185, 2.220
186,186, 3.784
187,187, 1.810
188,188, 3.055
