from,to,weight
 0, 1, 0.498
 0, 2,-0.350
 0, 4, 2.182
 0, 6, 1.002
 1, 2,-0.399
 1, 3, 0.291
 1, 5,-0.476
 2, 3, 0.237
 2, 4,-0.404
 3, 5,-1.298
 6, 8, 1.014
 6,12,-0.509
 7, 8, 0.607
 7, 9, 2.395
 7,10,-0.393
 7,11, 2.143
 8,10, 0.453
 8,12,-0.519
 9,10, 1.061
11,12,-0.239
11,13,-0.343
11,21, 3.311
12,13,-0.396
13,16, 0.545
13,24,-0.750
14,15,-0.216
14,16, 1.597
14,23,-0.327
16,24,-1.312
17,19,-1.596
18,19, 1.679
18,20,-1.432
18,21, 0.055
18,22, 0.462
18,23,-0.150
19,21,-0.354
19,25,-0.323
20,21,-1.507
20,22,-1.465
21,22, 0.843
21,24,-1.437
22,23, 0.948
22,24,-1.077
23,24,-0.408
25,26, 0.332
25,27,-0.826
26,30,-0.247
26,32, 0.380
28,29, 0.255
29,30,-0.169
29,31, 0.412
30,32, 0.562
31,32,-0.311
31,33,-0.731
33,34,-1.521
34,35,-0.791
36,37,-0.285
36,38,-1.124
36,57,-0.117
37,38, 0.726
37,58,-0.439
38,51, 1.093
38,66, 1.733
39,46,-1.275
41,42,-0.033
41,43,-0.440
42,43,-0.229
44,45,-1.440
45,48, 1.066
46,47, 0.113
46,48, 0.820
46,54,-0.160
47,48, 0.478
47,49, 0.068
47,55, 0.738
48,50, 0.347
49,50, 1.764
49,55, 1.487
49,64,-1.489
50,51, 2.158
50,65,-0.511
51,66,-0.449
52,55, 0.814
52,63, 1.846
53,54,-0.656
53,55,-0.016
54,55,-0.801
55,64,-0.136
56,57, 0.308
56,59,-0.255
56,62, 0.093
56,63, 0.485
56,64,-0.006
56,65,-0.350
56,66, 0.727
57,58,-0.918
57,59, 0.486
57,66,-1.560
58,59,-0.554
59,60, 1.085
59,61,-1.374
59,62,-0.121
60,61, 1.011
60,62, 0.522
61,62,-0.341
61,63, 0.890
62,63, 0.575
63,64,-0.905
64,65,-1.421
65,66,-0.647
 1, 0, 0.498
 2, 0,-0.350
 4, 0, 2.182
 6, 0, 1.002
 2, 1,-0.399
 3, 1, 0.291
 5, 1,-0.476
 3, 2, 0.237
 4, 2,-0.404
 5, 3,-1.298
 8, 6, 1.014
12, 6,-0.509
 8, 7, 0.607
 9, 7, 2.395
10, 7,-0.393
11, 7, 2.143
10, 8, 0.453
12, 8,-0.519
10, 9, 1.061
12,11,-0.239
13,11,-0.343
21,11, 3.311
13,12,-0.396
16,13, 0.545
24,13,-0.750
15,14,-0.216
16,14, 1.597
23,14,-0.327
24,16,-1.312
19,17,-1.596
19,18, 1.679
20,18,-1.432
21,18, 0.055
22,18, 0.462
23,18,-0.150
21,19,-0.354
25,19,-0.323
21,20,-1.507
22,20,-1.465
22,21, 0.843
24,21,-1.437
23,22, 0.948
24,22,-1.077
24,23,-0.408
26,25, 0.332
27,25,-0.826
30,26,-0.247
32,26, 0.380
29,28, 0.255
30,29,-0.169
31,29, 0.412
32,30, 0.562
32,31,-0.311
33,31,-0.731
34,33,-1.521
35,34,-0.791
37,36,-0.285
38,36,-1.124
57,36,-0.117
38,37, 0.726
58,37,-0.439
51,38, 1.093
66,38, 1.733
46,39,-1.275
42,41,-0.033
43,41,-0.440
43,42,-0.229
45,44,-1.440
48,45, 1.066
47,46, 0.113
48,46, 0.820
54,46,-0.160
48,47, 0.478
49,47, 0.068
55,47, 0.738
50,48, 0.347
50,49, 1.764
55,49, 1.487
64,49,-1.489
51,50, 2.158
65,50,-0.511
66,51,-0.449
55,52, 0.814
63,52, 1.846
54,53,-0.656
55,53,-0.016
55,54,-0.801
64,55,-0.136
57,56, 0.308
59,56,-0.255
62,56, 0.093
63,56, 0.485
64,56,-0.006
65,56,-0.350
66,56, 0.727
58,57,-0.918
59,57, 0.486
66,57,-1.560
59,58,-0.554
60,59, 1.085
61,59,-1.374
62,59,-0.121
61,60, 1.011
62,60, 0.522
62,61,-0.341
63,61, 0.890
63,62, 0.575
64,63,-0.905
65,64,-1.421
66,65,-0.647
 0, 0, 4.151
 1, 1, 1.993
 2, 2, 0.993
 3, 3, 3.052
 4, 4, 3.975
 5, 5,-0.174
 6, 6, 2.191
 7, 7, 5.000
 8, 8, 1.805
 9, 9, 2.981
10,10, 1.714
11,11, 3.450
12,12, 0.732
13,13, 2.512
14,14, 3.197
15,15,-0.411
16,16, 2.826
17,17,-1.647
18,18, 3.519
19,19, 2.983
20,20,-1.438
21,21, 3.670
22,22, 1.898
23,23, 2.545
24,24,-0.023
25,25, 4.156
26,26, 2.253
27,27,-1.014
28,28, 2.987
29,29, 2.060
30,30, 3.117
31,31, 1.795
32,32, 1.346
33,33, 1.985
34,34, 4.064
35,35,-0.220
36,36,-0.351
37,37, 3.860
38,38, 4.249
39,39, 2.276
40,40, 1.224
41,41, 3.066
42,42, 2.940
43,43, 0.842
44,44,-1.164
45,45, 0.873
46,46, 3.638
47,47, 1.669
48,48, 3.583
49,49, 1.666
50,50, 2.711
51,51, 3.635
52,52, 1.840
53,53, 0.725
54,54,-0.115
55,55, 4.589
56,56, 3.999
57,57, 1.347
58,58,-0.286
59,59, 3.275
60,60, 1.493
61,61, 3.409
62,62, 2.107
63,63, 4.215
64,64, 0.009
65,65,-0.049
66,66, 0.966
