from,to,weight
  0,  1, 0.552
  0,  3, 3.035
  0,  8, 0.331
  2,  3, 1.980
  2,  4,-0.323
  2,  5, 0.389
  2,  7,-1.482
  3,  4,-0.171
  3,  8, 0.322
  5,  7, 0.152
  5, 11,-0.014
  6,  7,-1.309
  6,  8,-0.597
  6,  9,-1.097
  6, 10,-0.253
  7,  8, 0.084
  7, 11, 0.095
  9, 13, 0.405
 10, 11, 1.991
 10, 12, 0.758
 10, 13, 0.065
 10, 14,-1.002
 12, 15, 0.412
 13, 18, 0.698
 13, 20,-1.199
 14, 15,-1.286
 14, 18,-1.536
 15, 16,-0.418
 15, 17, 0.126
 15, 18, 0.158
 16, 17, 1.514
 17, 18, 0.275
 17, 19, 0.889
 18, 20, 1.665
 19, 20,-1.296
 19, 25, 1.082
 20, 21,-0.628
 20, 22,-0.353
 20, 26, 0.867
 21, 22,-0.555
 22, 28, 1.300
 23, 24, 1.311
 23, 25, 0.846
 23, 27, 1.514
 24, 25, 1.259
 24, 29, 0.470
 24, 35,-0.370
 25, 26, 0.529
 25, 27,-0.510
 26, 27, 0.407
 26, 28,-0.884
 27, 28, 0.797
 28, 31, 0.412
 28, 33,-0.180
 29, 30,-1.331
 29, 35, 0.986
 30, 32,-0.982
 30, 36,-0.350
 31, 33,-0.147
 32, 36,-0.227
 34, 35, 0.582
 34, 37,-1.005
 34, 38,-0.687
 35, 36, 0.522
 35, 37, 2.377
 36, 37,-0.246
 36, 39, 1.552
 36, 47,-0.415
 36, 52,-0.243
 37, 38, 0.016
 37, 42,-0.017
 39, 40, 0.817
 39, 42,-0.866
 39, 47, 1.164
 40, 41, 1.208
 40, 42,-1.135
 40, 43, 0.985
 40, 49, 0.676
 41, 42, 1.318
 41, 44,-1.486
 43, 44,-1.658
 43, 46, 0.639
 43, 49,-0.215
 43, 80, 0.297
 43, 83,-1.260
 44, 46,-1.474
 45, 46,-0.301
 45, 86, 0.012
 46, 85, 0.417
 46, 87,-1.638
 47, 48, 1.902
 47, 49,-1.530
 47, 50,-0.875
 47, 52,-1.319
 48, 49, 1.030
 48, 51, 0.870
 48, 55,-0.800
 48, 56, 0.117
 48, 59, 1.750
 48, 78,-1.170
 49, 80,-0.081
 50, 51,-0.600
 50, 52,-0.197
 51, 53,-0.958
 51, 54, 0.693
 51, 55,-0.474
 52, 53,-1.339
 54, 55,-0.522
 54, 56,-0.719
 54, 57, 0.684
 55, 56,-0.615
 56, 57,-0.204
 56, 59,-0.031
 57, 58, 0.374
 57, 59,-1.277
 58, 59, 0.636
 59, 60, 2.773
 59, 78, 0.017
 60, 61, 1.955
 60, 65,-0.949
 60, 69,-0.499
 60, 73,-1.275
 60, 79, 0.195
 61, 62,-0.899
 61, 65, 1.309
 61, 69,-0.783
 62, 67,-1.410
 62, 70,-1.013
 63, 64,-0.250
 63, 66, 2.202
 65, 66, 2.917
 65, 67, 0.002
 66, 67, 0.672
 67, 68,-0.001
 67, 70,-0.467
 68, 70, 0.753
 69, 70,-0.150
 69, 71,-0.861
 70, 72, 0.840
 71, 72,-1.297
 71, 73,-0.762
 72, 75, 1.068
 72,107,-1.590
 73, 74,-0.947
 73, 75,-0.802
 73, 79,-0.590
 74, 75, 0.006
 74, 76, 0.952
 74, 82, 2.242
 75, 76, 1.063
 75, 77,-0.653
 75,107,-1.593
 76, 77, 1.475
 76, 90, 0.022
 76, 93,-0.145
 77, 94,-0.563
 77,105,-0.095
 77,106,-0.348
 78, 79,-0.707
 78, 80,-0.267
 79, 80, 0.320
 79, 81,-1.661
 79, 82, 1.795
 80, 81, 0.369
 80, 83,-1.140
 81, 82, 2.063
 81, 85, 1.366
 83, 85,-0.912
 84, 85, 0.842
 84, 86, 0.341
 84, 88,-1.192
 85, 87,-1.620
 86, 87,-1.602
 86, 88, 1.117
 88, 89, 0.895
 90, 93,-0.557
 91, 92, 0.528
 91, 96,-0.373
 91,147, 0.229
 92, 93, 0.526
 92, 95, 0.084
 92,149, 0.695
 93, 94, 0.385
 93, 95, 0.166
 94, 95, 0.401
 94,105, 2.094
 94,134,-0.983
 95,135,-0.010
 95,150, 0.870
 96, 97, 0.411
 96,147, 0.153
 97,104,-0.052
 98,100,-0.712
 98,129, 0.273
 98,139, 0.032
 99,103,-0.135
100,101,-1.293
100,102, 0.855
102,103,-0.068
105,106,-1.157
105,108, 1.173
105,134, 0.044
108,109, 1.597
108,134, 0.469
109,111, 1.528
109,118,-1.129
109,136,-1.451
111,118, 1.577
111,123,-0.117
112,113,-1.063
112,115,-1.107
113,114, 1.426
113,115,-0.484
114,115, 0.597
114,117,-1.574
114,118,-0.272
114,119, 0.539
115,119,-0.695
116,118, 0.511
116,119,-0.690
116,120,-1.058
116,121, 0.520
116,122,-0.274
117,118,-1.560
117,119,-1.639
118,119, 0.655
118,123,-1.541
119,120,-0.920
121,122, 0.305
121,125, 0.631
122,123,-0.917
122,125,-0.043
122,126,-0.005
125,126,-0.136
125,127,-1.324
126,127, 0.615
127,128, 1.245
127,129,-0.013
127,130,-1.277
127,131,-1.088
127,132,-0.054
128,129, 0.505
128,132, 0.658
128,133, 0.060
128,138, 0.527
129,130,-0.157
129,139, 0.749
131,132,-0.525
132,137, 1.435
133,137,-1.304
133,138,-0.195
133,142, 0.001
134,135, 0.189
134,136,-0.440
134,137,-0.761
135,137,-0.320
135,150,-0.980
136,137,-1.270
137,151, 1.203
138,139,-1.605
138,140, 0.119
138,141, 0.744
138,142, 0.726
139,140,-0.193
141,148, 2.103
142,143, 0.623
142,144, 0.825
142,148,-1.553
142,151, 0.129
143,144, 0.433
143,146,-0.165
143,147,-0.444
143,148, 0.270
144,145,-0.100
144,150,-0.740
144,151, 0.582
145,146,-0.410
145,149,-0.218
145,150, 0.342
146,147,-0.204
146,149,-0.965
147,148, 1.523
147,149,-0.534
149,150,-0.713
150,151, 0.956
  1,  0, 0.552
  3,  0, 3.035
  8,  0, 0.331
  3,  2, 1.980
  4,  2,-0.323
  5,  2, 0.389
  7,  2,-1.482
  4,  3,-0.171
  8,  3, 0.322
  7,  5, 0.152
 11,  5,-0.014
  7,  6,-1.309
  8,  6,-0.597
  9,  6,-1.097
 10,  6,-0.253
  8,  7, 0.084
 11,  7, 0.095
 13,  9, 0.405
 11, 10, 1.991
 12, 10, 0.758
 13, 10, 0.065
 14, 10,-1.002
 15, 12, 0.412
 18, 13, 0.698
 20, 13,-1.199
 15, 14,-1.286
 18, 14,-1.536
 16, 15,-0.418
 17, 15, 0.126
 18, 15, 0.158
 17, 16, 1.514
 18, 17, 0.275
 19, 17, 0.889
 20, 18, 1.665
 20, 19,-1.296
 25, 19, 1.082
 21, 20,-0.628
 22, 20,-0.353
 26, 20, 0.867
 22, 21,-0.555
 28, 22, 1.300
 24, 23, 1.311
 25, 23, 0.846
 27, 23, 1.514
 25, 24, 1.259
 29, 24, 0.470
 35, 24,-0.370
 26, 25, 0.529
 27, 25,-0.510
 27, 26, 0.407
 28, 26,-0.884
 28, 27, 0.797
 31, 28, 0.412
 33, 28,-0.180
 30, 29,-1.331
 35, 29, 0.986
 32, 30,-0.982
 36, 30,-0.350
 33, 31,-0.147
 36, 32,-0.227
 35, 34, 0.582
 37, 34,-1.005
 38, 34,-0.687
 36, 35, 0.522
 37, 35, 2.377
 37, 36,-0.246
 39, 36, 1.552
 47, 36,-0.415
 52, 36,-0.243
 38, 37, 0.016
 42, 37,-0.017
 40, 39, 0.817
 42, 39,-0.866
 47, 39, 1.164
 41, 40, 1.208
 42, 40,-1.135
 43, 40, 0.985
 49, 40, 0.676
 42, 41, 1.318
 44, 41,-1.486
 44, 43,-1.658
 46, 43, 0.639
 49, 43,-0.215
 80, 43, 0.297
 83, 43,-1.260
 46, 44,-1.474
 46, 45,-0.301
 86, 45, 0.012
 85, 46, 0.417
 87, 46,-1.638
 48, 47, 1.902
 49, 47,-1.530
 50, 47,-0.875
 52, 47,-1.319
 49, 48, 1.030
 51, 48, 0.870
 55, 48,-0.800
 56, 48, 0.117
 59, 48, 1.750
 78, 48,-1.170
 80, 49,-0.081
 51, 50,-0.600
 52, 50,-0.197
 53, 51,-0.958
 54, 51, 0.693
 55, 51,-0.474
 53, 52,-1.339
 55, 54,-0.522
 56, 54,-0.719
 57, 54, 0.684
 56, 55,-0.615
 57, 56,-0.204
 59, 56,-0.031
 58, 57, 0.374
 59, 57,-1.277
 59, 58, 0.636
 60, 59, 2.773
 78, 59, 0.017
 61, 60, 1.955
 65, 60,-0.949
 69, 60,-0.499
 73, 60,-1.275
 79, 60, 0.195
 62, 61,-0.899
 65, 61, 1.309
 69, 61,-0.783
 67, 62,-1.410
 70, 62,-1.013
 64, 63,-0.250
 66, 63, 2.202
 66, 65, 2.917
 67, 65, 0.002
 67, 66, 0.672
 68, 67,-0.001
 70, 67,-0.467
 70, 68, 0.753
 70, 69,-0.150
 71, 69,-0.861
 72, 70, 0.840
 72, 71,-1.297
 73, 71,-0.762
 75, 72, 1.068
107, 72,-1.590
 74, 73,-0.947
 75, 73,-0.802
 79, 73,-0.590
 75, 74, 0.006
 76, 74, 0.952
 82, 74, 2.242
 76, 75, 1.063
 77, 75,-0.653
107, 75,-1.593
 77, 76, 1.475
 90, 76, 0.022
 93, 76,-0.145
 94, 77,-0.563
105, 77,-0.095
106, 77,-0.348
 79, 78,-0.707
 80, 78,-0.267
 80, 79, 0.320
 81, 79,-1.661
 82, 79, 1.795
 81, 80, 0.369
 83, 80,-1.140
 82, 81, 2.063
 85, 81, 1.366
 85, 83,-0.912
 85, 84, 0.842
 86, 84, 0.341
 88, 84,-1.192
 87, 85,-1.620
 87, 86,-1.602
 88, 86, 1.117
 89, 88, 0.895
 93, 90,-0.557
 92, 91, 0.528
 96, 91,-0.373
147, 91, 0.229
 93, 92, 0.526
 95, 92, 0.084
149, 92, 0.695
 94, 93, 0.385
 95, 93, 0.166
 95, 94, 0.401
105, 94, 2.094
134, 94,-0.983
135, 95,-0.010
150, 95, 0.870
 97, 96, 0.411
147, 96, 0.153
104, 97,-0.052
100, 98,-0.712
129, 98, 0.273
139, 98, 0.032
103, 99,-0.135
101,100,-1.293
102,100, 0.855
103,102,-0.068
106,105,-1.157
108,105, 1.173
134,105, 0.044
109,108, 1.597
134,108, 0.469
111,109, 1.528
118,109,-1.129
136,109,-1.451
118,111, 1.577
123,111,-0.117
113,112,-1.063
115,112,-1.107
114,113, 1.426
115,113,-0.484
115,114, 0.597
117,114,-1.574
118,114,-0.272
119,114, 0.539
119,115,-0.695
118,116, 0.511
119,116,-0.690
120,116,-1.058
121,116, 0.520
122,116,-0.274
118,117,-1.560
119,117,-1.639
119,118, 0.655
123,118,-1.541
120,119,-0.920
122,121, 0.305
125,121, 0.631
123,122,-0.917
125,122,-0.043
126,122,-0.005
126,125,-0.136
127,125,-1.324
127,126, 0.615
128,127, 1.245
129,127,-0.013
130,127,-1.277
131,127,-1.088
132,127,-0.054
129,128, 0.505
132,128, 0.658
133,128, 0.060
138,128, 0.527
130,129,-0.157
139,129, 0.749
132,131,-0.525
137,132, 1.435
137,133,-1.304
138,133,-0.195
142,133, 0.001
135,134, 0.189
136,134,-0.440
137,134,-0.761
137,135,-0.320
150,135,-0.980
137,136,-1.270
151,137, 1.203
139,138,-1.605
140,138, 0.119
141,138, 0.744
142,138, 0.726
140,139,-0.193
148,141, 2.103
143,142, 0.623
144,142, 0.825
148,142,-1.553
151,142, 0.129
144,143, 0.433
146,143,-0.165
147,143,-0.444
148,143, 0.270
145,144,-0.100
150,144,-0.740
151,144, 0.582
146,145,-0.410
149,145,-0.218
150,145, 0.342
147,146,-0.204
149,146,-0.965
148,147, 1.523
149,147,-0.534
150,149,-0.713
151,150, 0.956
  0,  0, 4.931
  1,  1, 0.424
  2,  2, 2.786
  3,  3, 3.506
  4,  4, 2.343
  5,  5, 2.198
  6,  6,-0.009
  7,  7, 0.743
  8,  8, 2.351
  9,  9, 2.275
 10, 10, 2.791
 11, 11, 3.720
 12, 12, 0.500
 13, 13, 1.520
 14, 14,-1.219
 15, 15, 1.733
 16, 16, 3.382
 17, 17, 2.883
 18, 18, 2.664
 19, 19, 0.901
 20, 20, 3.197
 21, 21,-1.118
 22, 22, 3.703
 23, 23, 2.093
 24, 24, 2.630
 25, 25, 4.291
 26, 26, 1.507
 27, 27, 2.040
 28, 28, 3.567
 29, 29, 0.376
 30, 30,-0.061
 31, 31, 0.209
 32, 32, 0.012
 33, 33, 2.805
 34, 34, 0.536
 35, 35, 5.000
 36, 36, 4.194
 37, 37, 4.520
 38, 38, 0.684
 39, 39, 2.736
 40, 40, 3.036
 41, 41, 0.330
 42, 42, 3.167
 43, 43, 2.018
 44, 44,-1.561
 45, 45,-0.179
 46, 46, 2.231
 47, 47, 1.753
 48, 48, 4.608
 49, 49, 2.036
 50, 50,-0.675
 51, 51, 2.017
 52, 52, 1.434
 53, 53,-1.200
 54, 54, 2.211
 55, 55, 0.298
 56, 56, 1.572
 57, 57, 1.575
 58, 58,-0.071
 59, 59, 5.000
 60, 60, 3.549
 61, 61, 1.936
 62, 62,-1.077
 63, 63, 3.856
 64, 64, 1.205
 65, 65, 2.616
 66, 66, 4.463
 67, 67, 2.104
 68, 68, 1.087
 69, 69, 0.273
 70, 70, 2.114
 71, 71,-0.828
 72, 72, 1.388
 73, 73, 0.382
 74, 74, 2.096
 75, 75, 3.003
 76, 76, 4.581
 77, 77, 2.443
 78, 78, 0.397
 79, 79, 1.661
 80, 80, 2.663
 81, 81, 1.896
 82, 82, 3.270
 83, 83,-0.915
 84, 84, 0.232
 85, 85, 2.674
 86, 86, 3.552
 87, 87,-1.611
 88, 88, 1.341
 89, 89, 5.000
 90, 90, 0.576
 91, 91, 0.561
 92, 92, 4.291
 93, 93, 2.573
 94, 94, 2.101
 95, 95, 2.894
 96, 96, 1.405
 97, 97, 4.092
 98, 98, 1.932
 99, 99, 0.576
100,100, 2.650
101,101,-1.437
102,102, 3.748
103,103, 2.255
104,104, 0.556
105,105, 3.749
106,106,-0.366
107,107,-1.554
108,108, 4.377
109,109, 3.544
110,110, 1.432
111,111, 2.125
112,112,-1.014
113,113, 3.926
114,114, 3.330
115,115, 2.698
116,116, 2.688
117,117,-1.589
118,118, 3.206
119,119, 2.097
120,120,-0.684
121,121, 2.472
122,122, 1.962
123,123,-0.561
124,124, 0.105
125,125, 4.043
126,126, 0.943
127,127, 3.376
128,128, 3.347
129,129, 3.638
130,130,-0.198
131,131,-0.483
132,132, 2.624
133,133, 0.721
134,134, 2.217
135,135, 0.725
136,136,-0.644
137,137, 2.715
138,138, 3.683
139,139, 2.307
140,140, 0.191
141,141, 3.044
142,142, 2.849
143,143, 2.802
144,144, 2.971
145,145, 1.255
146,146, 0.825
147,147, 3.569
148,148, 3.250
149,149, 1.015
150,150, 2.957
151,151, 2.657
