from,to,weight
  0,  1, 0.214
  0,  2, 1.267
  0,  3,-0.272
  0,  5, 0.155
  1,  2, 0.625
  1,  3, 0.657
  3,  4, 0.501
  3,  6, 0.069
  4,  7,-0.184
  5,  6, 0.611
  5,  9,-1.174
  6,  7,-0.729
  6,  8, 0.057
  6,  9,-0.227
  7,  8, 1.334
  8,  9,-0.432
 10, 12,-0.528
 11, 12, 1.370
 11, 13,-0.659
 11, 14, 0.550
 12, 13,-0.110
 12, 15, 0.462
 12, 16, 0.511
 12, 18,-0.816
 13, 14, 0.984
 13, 22, 0.862
 13, 24,-0.958
 16, 18, 0.402
 18, 19, 1.149
 18, 20,-1.282
 18, 22, 1.459
 19, 20, 1.014
 19, 21,-1.170
 19, 22,-1.060
 20, 21, 0.436
 20, 23, 1.901
 20, 25,-1.597
 20, 27, 0.439
 21, 22, 0.466
 21, 29,-0.950
 22, 24,-0.251
 22, 31, 0.463
 23, 25, 1.241
 23, 27, 1.412
 24, 31,-1.218
 25, 26, 0.060
 25, 27, 0.148
 26, 28,-1.405
 27, 28, 1.979
 27, 29, 0.070
 28, 29,-0.278
 28, 32, 1.626
 28, 34,-0.465
 28, 37,-0.374
 29, 30,-0.715
 29, 31,-0.552
 30, 31,-0.485
 32, 33,-0.376
 32, 34, 1.840
 34, 36, 0.169
 34, 37,-1.153
 35, 38,-1.261
 35, 46, 0.199
 36, 37,-0.289
 38, 39,-0.626
 38, 46, 0.206
 39, 42,-0.172
 40, 41, 1.363
 40, 43, 1.807
 41, 44, 1.752
 42, 43, 0.942
 44, 60, 1.924
 45, 47, 0.515
 48,113, 0.159
 48,116, 1.406
 49, 52,-0.123
 49, 54,-1.134
 49, 56, 0.446
 49, 98,-1.383
 49,105,-1.620
 50, 51, 0.243
 50, 52,-0.446
 50, 53,-0.272
 50, 94,-1.111
 51, 81, 1.541
 51, 95, 0.534
 52, 54, 1.700
 52, 98, 1.620
 53, 54, 0.050
 53, 55, 0.420
 54, 55,-0.607
 54, 56, 0.838
 56, 57, 0.712
 58, 59, 0.218
 58, 61,-0.550
 58, 80,-1.244
 59, 62, 0.551
 59, 68,-0.484
 60, 63,-0.938
 61, 62, 0.906
 61, 66,-1.621
 61, 78, 0.591
 61, 80,-1.218
 62, 68, 1.396
 63, 64,-0.887
 64, 65, 0.221
 64, 67, 1.456
 64, 70, 2.468
 65, 70,-1.053
 65, 74,-0.196
 66, 68, 0.125
 66, 69,-0.114
 66, 71,-0.676
 66, 75,-0.142
 66, 78,-0.480
 67, 68, 1.867
 67, 70, 1.153
 68, 69,-0.865
 68, 70,-0.122
 68, 79,-1.546
 69, 70,-0.031
 69, 71,-1.414
 70, 71, 0.657
 70, 76,-0.777
 71, 77, 0.549
 72, 75,-0.043
 72, 77, 0.894
 72, 83, 0.206
 72,101, 0.432
 73, 74,-0.056
 73, 84, 0.629
 74, 76,-1.481
 74, 77, 0.665
 75, 77,-0.833
 75, 78, 0.113
 75,102,-0.345
 76, 77,-1.031
 78, 79,-1.514
 78, 80,-1.044
 78,102,-0.113
 78,106, 1.337
 81, 90,-0.770
 81, 95, 0.003
 82, 83, 0.541
 82, 84, 0.386
 82, 85,-0.605
 82, 88, 1.715
 82,100,-1.092
 83,101,-0.751
 85, 86, 1.719
 85, 88, 1.108
 85, 93, 0.055
 87, 88, 0.032
 87, 91,-0.670
 87, 96,-0.351
 87, 99,-0.381
 88, 89,-1.020
 88, 93, 0.562
 88,100,-0.559
 89,101,-1.282
 90, 92,-0.369
 91, 92,-1.463
 91, 93,-1.001
 91, 96, 0.046
 91, 99,-1.458
 92, 93,-0.091
 92, 97, 1.256
 94, 95,-0.301
 94, 96,-1.291
 94, 98,-0.324
 95, 96, 0.876
 95, 97, 0.819
 96, 97, 0.311
 96, 98, 1.798
 96, 99, 1.187
 99,101, 0.466
 99,102,-0.846
 99,103,-1.323
 99,104, 1.142
100,101,-0.868
101,102,-1.038
102,103,-1.292
102,104, 0.942
102,106,-0.701
103,104,-1.682
104,105,-1.255
104,107, 0.327
106,107,-1.135
106,108, 1.627
107,110, 0.515
108,109,-0.825
108,110,-0.132
108,111, 1.885
108,112, 1.363
109,110, 1.017
109,111, 0.435
112,113,-0.190
113,116,-0.058
114,117,-0.872
115,116,-0.748
115,117,-0.748
116,117, 1.510
  1,  0, 0.214
  2,  0, 1.267
  3,  0,-0.272
  5,  0, 0.155
  2,  1, 0.625
  3,  1, 0.657
  4,  3, 0.501
  6,  3, 0.069
  7,  4,-0.184
  6,  5, 0.611
  9,  5,-1.174
  7,  6,-0.729
  8,  6, 0.057
  9,  6,-0.227
  8,  7, 1.334
  9,  8,-0.432
 12, 10,-0.528
 12, 11, 1.370
 13, 11,-0.659
 14, 11, 0.550
 13, 12,-0.110
 15, 12, 0.462
 16, 12, 0.511
 18, 12,-0.816
 14, 13, 0.984
 22, 13, 0.862
 24, 13,-0.958
 18, 16, 0.402
 19, 18, 1.149
 20, 18,-1.282
 22, 18, 1.459
 20, 19, 1.014
 21, 19,-1.170
 22, 19,-1.060
 21, 20, 0.436
 23, 20, 1.901
 25, 20,-1.597
 27, 20, 0.439
 22, 21, 0.466
 29, 21,-0.950
 24, 22,-0.251
 31, 22, 0.463
 25, 23, 1.241
 27, 23, 1.412
 31, 24,-1.218
 26, 25, 0.060
 27, 25, 0.148
 28, 26,-1.405
 28, 27, 1.979
 29, 27, 0.070
 29, 28,-0.278
 32, 28, 1.626
 34, 28,-0.465
 37, 28,-0.374
 30, 29,-0.715
 31, 29,-0.552
 31, 30,-0.485
 33, 32,-0.376
 34, 32, 1.840
 36, 34, 0.169
 37, 34,-1.153
 38, 35,-1.261
 46, 35, 0.199
 37, 36,-0.289
 39, 38,-0.626
 46, 38, 0.206
 42, 39,-0.172
 41, 40, 1.363
 43, 40, 1.807
 44, 41, 1.752
 43, 42, 0.942
 60, 44, 1.924
 47, 45, 0.515
113, 48, 0.159
116, 48, 1.406
 52, 49,-0.123
 54, 49,-1.134
 56, 49, 0.446
 98, 49,-1.383
105, 49,-1.620
 51, 50, 0.243
 52, 50,-0.446
 53, 50,-0.272
 94, 50,-1.111
 81, 51, 1.541
 95, 51, 0.534
 54, 52, 1.700
 98, 52, 1.620
 54, 53, 0.050
 55, 53, 0.420
 55, 54,-0.607
 56, 54, 0.838
 57, 56, 0.712
 59, 58, 0.218
 61, 58,-0.550
 80, 58,-1.244
 62, 59, 0.551
 68, 59,-0.484
 63, 60,-0.938
 62, 61, 0.906
 66, 61,-1.621
 78, 61, 0.591
 80, 61,-1.218
 68, 62, 1.396
 64, 63,-0.887
 65, 64, 0.221
 67, 64, 1.456
 70, 64, 2.468
 70, 65,-1.053
 74, 65,-0.196
 68, 66, 0.125
 69, 66,-0.114
 71, 66,-0.676
 75, 66,-0.142
 78, 66,-0.480
 68, 67, 1.867
 70, 67, 1.153
 69, 68,-0.865
 70, 68,-0.122
 79, 68,-1.546
 70, 69,-0.031
 71, 69,-1.414
 71, 70, 0.657
 76, 70,-0.777
 77, 71, 0.549
 75, 72,-0.043
 77, 72, 0.894
 83, 72, 0.206
101, 72, 0.432
 74, 73,-0.056
 84, 73, 0.629
 76, 74,-1.481
 77, 74, 0.665
 77, 75,-0.833
 78, 75, 0.113
102, 75,-0.345
 77, 76,-1.031
 79, 78,-1.514
 80, 78,-1.044
102, 78,-0.113
106, 78, 1.337
 90, 81,-0.770
 95, 81, 0.003
 83, 82, 0.541
 84, 82, 0.386
 85, 82,-0.605
 88, 82, 1.715
100, 82,-1.092
101, 83,-0.751
 86, 85, 1.719
 88, 85, 1.108
 93, 85, 0.055
 88, 87, 0.032
 91, 87,-0.670
 96, 87,-0.351
 99, 87,-0.381
 89, 88,-1.020
 93, 88, 0.562
100, 88,-0.559
101, 89,-1.282
 92, 90,-0.369
 92, 91,-1.463
 93, 91,-1.001
 96, 91, 0.046
 99, 91,-1.458
 93, 92,-0.091
 97, 92, 1.256
 95, 94,-0.301
 96, 94,-1.291
 98, 94,-0.324
 96, 95, 0.876
 97, 95, 0.819
 97, 96, 0.311
 98, 96, 1.798
 99, 96, 1.187
101, 99, 0.466
102, 99,-0.846
103, 99,-1.323
104, 99, 1.142
101,100,-0.868
102,101,-1.038
103,102,-1.292
104,102, 0.942
106,102,-0.701
104,103,-1.682
105,104,-1.255
107,104, 0.327
107,106,-1.135
108,106, 1.627
110,107, 0.515
109,108,-0.825
110,108,-0.132
111,108, 1.885
112,108, 1.363
110,109, 1.017
111,109, 0.435
113,112,-0.190
116,113,-0.058
117,114,-0.872
116,115,-0.748
117,115,-0.748
117,116, 1.510
  0,  0, 1.801
  1,  1, 4.519
  2,  2, 4.345
  3,  3, 2.357
  4,  4, 0.666
  5,  5, 1.146
  6,  6, 1.982
  7,  7, 2.437
  8,  8, 2.655
  9,  9, 0.722
 10, 10,-0.559
 11, 11, 1.786
 12, 12, 4.334
 13, 13, 3.503
 14, 14, 2.898
 15, 15, 0.544
 16, 16,-0.127
 17, 17, 2.649
 18, 18, 3.954
 19, 19,-0.149
 20, 20, 4.113
 21, 21, 0.744
 22, 22, 3.590
 23, 23, 2.453
 24, 24,-0.210
 25, 25, 2.643
 26, 26,-0.728
 27, 27, 2.980
 28, 28, 3.324
 29, 29, 3.837
 30, 30,-0.753
 31, 31, 3.292
 32, 32, 3.683
 33, 33,-0.225
 34, 34, 3.226
 35, 35, 1.392
 36, 36, 0.649
 37, 37, 1.948
 38, 38, 2.771
 39, 39, 0.129
 40, 40, 4.889
 41, 41, 2.835
 42, 42, 2.025
 43, 43, 2.712
 44, 44, 3.348
 45, 45, 2.981
 46, 46, 2.874
 47, 47, 2.530
 48, 48, 3.805
 49, 49, 2.093
 50, 50, 1.378
 51, 51, 2.950
 52, 52, 1.362
 53, 53, 0.638
 54, 54, 2.911
 55, 55, 3.130
 56, 56, 1.876
 57, 57, 4.266
 58, 58, 1.564
 59, 59, 2.843
 60, 60, 4.860
 61, 61, 1.341
 62, 62, 0.935
 63, 63,-0.704
 64, 64, 4.480
 65, 65, 0.210
 66, 66, 1.265
 67, 67, 2.918
 68, 68, 3.968
 69, 69, 0.170
 70, 70, 3.846
 71, 71, 0.352
 72, 72, 1.895
 73, 73, 0.658
 74, 74, 2.580
 75, 75, 1.477
 76, 76,-0.974
 77, 77, 2.699
 78, 78, 3.034
 79, 79,-1.591
 80, 80,-0.877
 81, 81, 3.949
 82, 82, 2.811
 83, 83, 1.341
 84, 84, 3.422
 85, 85, 2.601
 86, 86, 2.194
 87, 87, 1.190
 88, 88, 4.115
 89, 89,-1.089
 90, 90, 0.398
 91, 91,-0.674
 92, 92, 4.008
 93, 93, 1.476
 94, 94,-0.481
 95, 95, 3.500
 96, 96, 4.781
 97, 97, 1.536
 98, 98, 2.573
 99, 99, 3.424
100,100,-0.674
101,101, 1.560
102,102, 2.063
103,103,-1.463
104,104, 3.090
105,105,-1.179
106,106, 2.185
107,107,-0.175
108,108, 3.228
109,109, 3.533
110,110, 3.742
111,111, 2.371
112,112, 2.099
113,113, 1.825
114,114,-1.012
115,115,-0.395
116,116, 2.856
117,117, 3.037
