from,to,weight
  0,  1, 1.180
  0,  3, 3.054
  0, 10, 0.273
  2,  3, 0.354
  2,  5,-0.301
  2,  6, 0.601
  3,  4, 0.175
  3,  5,-0.986
  3,  7,-0.379
  3, 10, 0.316
  4,  5, 0.041
  6,  7,-0.007
  6,  9, 1.679
  7, 10,-0.598
  8,  9,-1.659
  8, 10, 0.193
  8, 11,-0.983
  8, 12, 0.363
  9, 10,-0.145
  9, 13, 1.875
 11, 15, 0.079
 12, 13, 2.325
 12, 14,-0.381
 12, 15,-0.022
 12, 16, 0.738
 14, 15,-1.483
 14, 17,-0.306
 15, 20, 0.174
 15, 22,-0.567
 16, 17, 0.434
 17, 18, 2.405
 17, 19, 0.029
 17, 20, 0.561
 18, 19, 1.592
 19, 20,-0.089
 19, 21, 0.891
 20, 22, 1.575
 21, 22,-1.116
 21, 27, 1.219
 22, 23,-0.417
 22, 24,-0.259
 22, 28, 1.389
 23, 24,-0.472
 24, 30, 0.716
 25, 26, 1.031
 25, 27, 1.544
 25, 29, 1.936
 26, 27, 0.415
 26, 31, 0.059
 26, 37,-0.909
 27, 28, 0.600
 27, 29,-0.310
 27, 33, 0.273
 28, 29, 0.661
 28, 30,-0.807
 29, 30, 0.824
 30, 34, 0.846
 30, 35,-0.270
 31, 33,-0.460
 31, 37, 2.699
 32, 38,-1.412
 34, 35, 0.333
 36, 37, 1.009
 36, 39,-0.880
 36, 40,-0.727
 37, 38, 0.826
 37, 39, 2.389
 38, 39,-0.270
 38, 41,-1.621
 38, 43, 1.701
 38, 50,-0.425
 38, 55,-0.967
 39, 40,-0.130
 39, 42,-1.390
 39, 47,-0.412
 41, 43,-1.632
 41, 50,-1.639
 43, 44,-1.040
 43, 45, 0.726
 43, 47,-0.752
 43, 50, 1.488
 44, 45,-1.216
 44, 51,-1.235
 45, 46, 0.807
 45, 47,-0.951
 45, 48, 1.411
 45, 52,-0.015
 46, 47, 0.722
 48, 49,-0.761
 48, 52,-0.468
 48, 80, 0.052
 48, 83, 0.276
 49, 84,-0.493
 49, 87,-1.006
 50, 51, 1.655
 50, 53,-0.033
 50, 55,-1.179
 51, 52, 0.389
 51, 54,-0.926
 51, 60, 1.433
 51, 78,-0.132
 52, 80,-0.926
 53, 54,-0.677
 53, 55,-0.678
 57, 58, 0.109
 57, 60,-1.407
 58, 60, 1.489
 59, 60,-1.090
 60, 61, 1.744
 60, 78, 0.390
 61, 62, 1.895
 61, 65,-1.163
 61, 69,-0.392
 61, 79,-0.169
 62, 65, 1.661
 62, 69, 0.001
 63, 66, 1.125
 65, 66, 1.258
 65, 67, 0.062
 65, 69,-0.766
 67, 68,-1.399
 67, 70,-0.553
 68, 70,-1.260
 69, 70,-0.588
 69, 71,-0.686
 70, 72,-0.359
 71, 73,-0.824
 72, 75, 0.244
 73, 74,-1.272
 73, 75,-0.335
 73, 79, 0.294
 74, 75, 0.810
 74, 76,-0.650
 74, 82, 1.589
 75, 76, 0.816
 75, 77, 0.052
 76, 77,-0.383
 77, 93, 0.432
 77, 95,-0.913
 78, 79, 0.747
 78, 80,-0.065
 79, 80, 0.010
 79, 82, 1.288
 80, 81,-1.514
 80, 82,-0.979
 80, 83,-0.222
 81, 82, 0.249
 81, 84, 0.296
 82, 85,-0.825
 83, 84, 0.156
 84, 85,-0.706
 84, 87, 0.432
 84, 90, 0.187
 86, 87, 0.235
 86, 88,-0.758
 87, 90,-0.005
 88, 89,-1.209
 88, 90,-0.232
 91, 92,-0.057
 91, 94,-0.636
 91,114,-0.972
 92, 93, 1.340
 92, 94, 0.519
 93, 94,-0.123
 93, 95, 1.794
 93,110, 0.550
 93,115,-0.649
 94,116, 1.363
 95,110, 0.253
 98,105,-1.145
 99,100, 0.448
 99,101, 0.155
100,101, 0.937
100,102,-1.340
101,102,-1.577
101,104,-0.380
101,105,-0.574
103,105,-1.109
104,105,-0.749
106,108,-0.684
108,109,-0.792
108,111,-0.635
109,118,-0.575
110,111, 0.426
110,115, 0.591
112,118,-0.072
114,116,-0.389
115,116, 1.054
115,117,-1.592
115,118,-0.651
116,118, 1.512
117,118,-1.608
  1,  0, 1.180
  3,  0, 3.054
 10,  0, 0.273
  3,  2, 0.354
  5,  2,-0.301
  6,  2, 0.601
  4,  3, 0.175
  5,  3,-0.986
  7,  3,-0.379
 10,  3, 0.316
  5,  4, 0.041
  7,  6,-0.007
  9,  6, 1.679
 10,  7,-0.598
  9,  8,-1.659
 10,  8, 0.193
 11,  8,-0.983
 12,  8, 0.363
 10,  9,-0.145
 13,  9, 1.875
 15, 11, 0.079
 13, 12, 2.325
 14, 12,-0.381
 15, 12,-0.022
 16, 12, 0.738
 15, 14,-1.483
 17, 14,-0.306
 20, 15, 0.174
 22, 15,-0.567
 17, 16, 0.434
 18, 17, 2.405
 19, 17, 0.029
 20, 17, 0.561
 19, 18, 1.592
 20, 19,-0.089
 21, 19, 0.891
 22, 20, 1.575
 22, 21,-1.116
 27, 21, 1.219
 23, 22,-0.417
 24, 22,-0.259
 28, 22, 1.389
 24, 23,-0.472
 30, 24, 0.716
 26, 25, 1.031
 27, 25, 1.544
 29, 25, 1.936
 27, 26, 0.415
 31, 26, 0.059
 37, 26,-0.909
 28, 27, 0.600
 29, 27,-0.310
 33, 27, 0.273
 29, 28, 0.661
 30, 28,-0.807
 30, 29, 0.824
 34, 30, 0.846
 35, 30,-0.270
 33, 31,-0.460
 37, 31, 2.699
 38, 32,-1.412
 35, 34, 0.333
 37, 36, 1.009
 39, 36,-0.880
 40, 36,-0.727
 38, 37, 0.826
 39, 37, 2.389
 39, 38,-0.270
 41, 38,-1.621
 43, 38, 1.701
 50, 38,-0.425
 55, 38,-0.967
 40, 39,-0.130
 42, 39,-1.390
 47, 39,-0.412
 43, 41,-1.632
 50, 41,-1.639
 44, 43,-1.040
 45, 43, 0.726
 47, 43,-0.752
 50, 43, 1.488
 45, 44,-1.216
 51, 44,-1.235
 46, 45, 0.807
 47, 45,-0.951
 48, 45, 1.411
 52, 45,-0.015
 47, 46, 0.722
 49, 48,-0.761
 52, 48,-0.468
 80, 48, 0.052
 83, 48, 0.276
 84, 49,-0.493
 87, 49,-1.006
 51, 50, 1.655
 53, 50,-0.033
 55, 50,-1.179
 52, 51, 0.389
 54, 51,-0.926
 60, 51, 1.433
 78, 51,-0.132
 80, 52,-0.926
 54, 53,-0.677
 55, 53,-0.678
 58, 57, 0.109
 60, 57,-1.407
 60, 58, 1.489
 60, 59,-1.090
 61, 60, 1.744
 78, 60, 0.390
 62, 61, 1.895
 65, 61,-1.163
 69, 61,-0.392
 79, 61,-0.169
 65, 62, 1.661
 69, 62, 0.001
 66, 63, 1.125
 66, 65, 1.258
 67, 65, 0.062
 69, 65,-0.766
 68, 67,-1.399
 70, 67,-0.553
 70, 68,-1.260
 70, 69,-0.588
 71, 69,-0.686
 72, 70,-0.359
 73, 71,-0.824
 75, 72, 0.244
 74, 73,-1.272
 75, 73,-0.335
 79, 73, 0.294
 75, 74, 0.810
 76, 74,-0.650
 82, 74, 1.589
 76, 75, 0.816
 77, 75, 0.052
 77, 76,-0.383
 93, 77, 0.432
 95, 77,-0.913
 79, 78, 0.747
 80, 78,-0.065
 80, 79, 0.010
 82, 79, 1.288
 81, 80,-1.514
 82, 80,-0.979
 83, 80,-0.222
 82, 81, 0.249
 84, 81, 0.296
 85, 82,-0.825
 84, 83, 0.156
 85, 84,-0.706
 87, 84, 0.432
 90, 84, 0.187
 87, 86, 0.235
 88, 86,-0.758
 90, 87,-0.005
 89, 88,-1.209
 90, 88,-0.232
 92, 91,-0.057
 94, 91,-0.636
114, 91,-0.972
 93, 92, 1.340
 94, 92, 0.519
 94, 93,-0.123
 95, 93, 1.794
110, 93, 0.550
115, 93,-0.649
116, 94, 1.363
110, 95, 0.253
105, 98,-1.145
100, 99, 0.448
101, 99, 0.155
101,100, 0.937
102,100,-1.340
102,101,-1.577
104,101,-0.380
105,101,-0.574
105,103,-1.109
105,104,-0.749
108,106,-0.684
109,108,-0.792
111,108,-0.635
118,109,-0.575
111,110, 0.426
115,110, 0.591
118,112,-0.072
116,114,-0.389
116,115, 1.054
117,115,-1.592
118,115,-0.651
118,116, 1.512
118,117,-1.608
  0,  0, 3.880
  1,  1, 1.612
  2,  2, 0.964
  3,  3, 3.936
  4,  4,-0.716
  5,  5, 3.757
  6,  6, 4.063
  7,  7,-0.198
  8,  8, 0.085
  9,  9, 0.696
 10, 10, 3.182
 11, 11, 1.671
 12, 12, 3.204
 13, 13, 4.080
 14, 14,-0.870
 15, 15, 1.450
 16, 16,-0.233
 17, 17, 3.793
 18, 18, 4.371
 19, 19, 2.363
 20, 20, 2.308
 21, 21, 1.731
 22, 22, 3.904
 23, 23,-0.790
 24, 24, 3.034
 25, 25, 2.433
 26, 26, 1.670
 27, 27, 4.378
 28, 28, 1.849
 29, 29, 2.467
 30, 30, 3.238
 31, 31, 0.710
 32, 32,-1.554
 33, 33,-0.225
 34, 34, 0.865
 35, 35, 3.338
 36, 36, 0.986
 37, 37, 5.000
 38, 38, 4.166
 39, 39, 4.477
 40, 40, 0.455
 41, 41,-1.620
 42, 42,-1.586
 43, 43, 3.353
 44, 44,-1.100
 45, 45, 3.261
 46, 46,-0.188
 47, 47, 2.592
 48, 48, 3.178
 49, 49, 0.314
 50, 50, 2.237
 51, 51, 4.106
 52, 52, 0.856
 53, 53, 0.059
 54, 54, 0.289
 55, 55, 0.287
 56, 56,-0.273
 57, 57, 0.546
 58, 58, 0.650
 59, 59,-1.264
 60, 60, 5.000
 61, 61, 3.001
 62, 62, 2.004
 63, 63, 3.526
 64, 64,-0.352
 65, 65, 3.411
 66, 66, 2.113
 67, 67, 1.875
 68, 68,-1.172
 69, 69, 1.365
 70, 70, 0.600
 71, 71,-1.059
 72, 72, 0.240
 73, 73, 0.634
 74, 74, 1.792
 75, 75, 4.837
 76, 76, 1.261
 77, 77, 1.494
 78, 78, 1.788
 79, 79, 2.586
 80, 80, 2.107
 81, 81,-0.353
 82, 82, 2.966
 83, 83, 0.409
 84, 84, 2.822
 85, 85,-1.165
 86, 86, 2.758
 87, 87, 1.148
 88, 88, 0.311
 89, 89, 3.447
 90, 90, 2.331
 91, 91, 1.274
 92, 92, 2.937
 93, 93, 4.648
 94, 94, 1.093
 95, 95, 2.625
 96, 96,-1.277
 97, 97, 1.063
 98, 98,-0.911
 99, 99, 0.674
100,100, 4.599
101,101, 3.384
102,102,-1.341
103,103, 3.798
104,104,-0.049
105,105, 2.967
106,106, 1.529
107,107, 2.847
108,108, 2.070
109,109, 1.130
110,110, 3.278
111,111, 0.899
112,112, 1.184
113,113,-0.161
114,114, 0.002
115,115, 1.267
116,116, 4.314
117,117,-1.620
118,118, 3.870
