from,to,weight
  0,  1, 1.196
  0,  4, 0.044
  1,  3,-0.475
  1,  4, 0.131
  2,  6,-0.408
  3,  4,-0.196
  4,  5, 2.053
  5,  8, 1.818
  6,  7, 0.949
  6,  8,-0.103
  7,  8, 0.986
  7,  9,-0.433
  7, 11, 1.141
  8, 12,-0.159
  9, 18, 0.356
 10, 11,-0.354
 10, 14, 0.049
 10, 17,-1.287
 10, 21, 0.694
 11, 12,-0.266
 11, 14, 0.667
 11, 17,-0.505
 11, 18,-0.132
 12, 13,-0.994
 14, 15, 0.554
 14, 16,-0.461
 14, 21,-0.377
 15, 16,-1.587
 15, 20, 0.123
 15, 24,-0.606
 16, 20, 0.194
 16, 21,-0.123
 17, 18, 0.655
 17, 21,-0.449
 18, 19, 0.115
 18, 20, 0.362
 18, 21,-0.788
 18, 22,-0.474
 19, 20,-0.417
 19, 21,-0.164
 20, 21,-0.254
 20, 23,-0.475
 20, 26,-0.108
 22, 23,-0.728
 23, 26,-0.401
 23, 28,-0.250
 24, 25, 0.902
 24, 26, 0.858
 25, 26,-1.658
 25, 27, 0.910
 26, 28, 0.938
 27, 28, 1.655
 27, 35, 2.065
 28, 29,-0.626
 28, 31,-0.365
 29, 32,-1.216
 30, 31,-0.317
 30, 32, 1.066
 31, 32,-1.217
 33, 34, 0.162
 33, 35, 0.119
 34, 35, 3.031
 34, 36, 3.005
 36, 37, 1.528
 37, 38,-1.239
 37, 39, 0.666
 37, 40,-0.737
 38, 39, 1.005
 39, 40, 0.176
 41, 42,-1.446
 41,108, 1.930
 42, 43,-0.541
 43, 44,-0.579
 43, 45, 0.117
 43, 85, 0.817
 43,109, 0.586
 44, 88, 0.012
 44, 89,-1.564
 45, 46,-1.199
 45,109,-0.346
 46, 47,-1.179
 46,109,-1.459
 47, 48, 0.169
 47, 49,-0.687
 47, 86, 0.300
 47,110,-1.454
 48, 49, 0.526
 48,104, 1.525
 48,113, 0.239
 49, 61, 0.046
 49,105,-1.453
 50, 51,-1.313
 50, 53,-1.385
 50,100,-1.131
 51, 52,-0.339
 51, 54, 0.669
 51, 98, 0.767
 51,102,-1.076
 52, 54,-0.003
 53, 54, 1.750
 53, 55,-1.036
 53, 56,-0.702
 53, 57, 0.560
 53,100,-1.284
 54, 55,-1.286
 58, 59,-1.696
 58, 62,-1.685
 59, 63,-1.079
 59, 66, 1.041
 60, 61,-1.111
 60, 62,-1.261
 60,103,-1.330
 61, 62, 1.408
 61, 64, 0.264
 61, 71,-1.424
 61,105, 1.002
 62, 63,-0.033
 62, 65, 0.346
 62, 72,-1.627
 63, 66,-0.423
 64, 71, 0.574
 65, 66,-0.528
 65, 72,-0.186
 66, 74, 0.057
 66, 80, 0.713
 66, 82,-1.247
 67, 68, 1.819
 67, 69,-0.858
 67, 71, 0.441
 67, 73, 1.651
 68, 69,-1.443
 68, 70,-1.113
 68, 71, 1.540
 68, 75, 2.417
 68, 81,-1.642
 68, 86, 1.108
 69, 73,-1.304
 69, 76,-0.697
 70, 78,-1.248
 70, 87,-1.368
 71, 72, 0.303
 71, 73,-0.579
 72, 73, 0.186
 72, 74,-1.518
 73, 74, 1.131
 73, 79,-0.958
 74, 80, 0.819
 75, 76, 0.609
 75, 77, 0.568
 75, 78,-1.040
 76, 77, 1.421
 77, 78,-1.374
 77, 83,-1.118
 78, 84,-0.426
 78, 87,-0.984
 79, 80,-0.558
 80, 82,-1.670
 81, 86,-1.636
 83, 84,-0.602
 84, 87, 0.667
 85, 86, 1.434
 85, 88,-0.378
 86, 87, 1.237
 86, 88,-1.288
 87, 88, 0.424
 88, 89,-0.077
 90, 91,-0.665
 91, 92, 0.393
 91, 93,-1.379
 92, 93,-0.233
 92, 94,-0.638
 93, 94, 1.452
 94, 95, 1.219
 96, 97,-0.662
 96, 98,-0.458
 96,100,-0.836
 97, 98, 0.713
 97, 99,-0.708
 97,101, 0.783
 98,102,-1.329
 99,101,-1.590
100,101,-0.694
100,102,-1.084
100,103, 0.381
101,103, 0.757
103,104, 3.441
103,105,-0.292
103,112, 0.693
104,105, 0.687
104,113, 2.261
106,107, 0.662
106,111, 1.106
107,108, 0.010
107,111,-0.350
108,109, 0.860
108,111, 2.255
108,113, 0.114
109,110,-1.338
109,113, 1.741
110,113,-1.379
111,112, 0.572
111,113, 0.217
112,113,-1.556
  1,  0, 1.196
  4,  0, 0.044
  3,  1,-0.475
  4,  1, 0.131
  6,  2,-0.408
  4,  3,-0.196
  5,  4, 2.053
  8,  5, 1.818
  7,  6, 0.949
  8,  6,-0.103
  8,  7, 0.986
  9,  7,-0.433
 11,  7, 1.141
 12,  8,-0.159
 18,  9, 0.356
 11, 10,-0.354
 14, 10, 0.049
 17, 10,-1.287
 21, 10, 0.694
 12, 11,-0.266
 14, 11, 0.667
 17, 11,-0.505
 18, 11,-0.132
 13, 12,-0.994
 15, 14, 0.554
 16, 14,-0.461
 21, 14,-0.377
 16, 15,-1.587
 20, 15, 0.123
 24, 15,-0.606
 20, 16, 0.194
 21, 16,-0.123
 18, 17, 0.655
 21, 17,-0.449
 19, 18, 0.115
 20, 18, 0.362
 21, 18,-0.788
 22, 18,-0.474
 20, 19,-0.417
 21, 19,-0.164
 21, 20,-0.254
 23, 20,-0.475
 26, 20,-0.108
 23, 22,-0.728
 26, 23,-0.401
 28, 23,-0.250
 25, 24, 0.902
 26, 24, 0.858
 26, 25,-1.658
 27, 25, 0.910
 28, 26, 0.938
 28, 27, 1.655
 35, 27, 2.065
 29, 28,-0.626
 31, 28,-0.365
 32, 29,-1.216
 31, 30,-0.317
 32, 30, 1.066
 32, 31,-1.217
 34, 33, 0.162
 35, 33, 0.119
 35, 34, 3.031
 36, 34, 3.005
 37, 36, 1.528
 38, 37,-1.239
 39, 37, 0.666
 40, 37,-0.737
 39, 38, 1.005
 40, 39, 0.176
 42, 41,-1.446
108, 41, 1.930
 43, 42,-0.541
 44, 43,-0.579
 45, 43, 0.117
 85, 43, 0.817
109, 43, 0.586
 88, 44, 0.012
 89, 44,-1.564
 46, 45,-1.199
109, 45,-0.346
 47, 46,-1.179
109, 46,-1.459
 48, 47, 0.169
 49, 47,-0.687
 86, 47, 0.300
110, 47,-1.454
 49, 48, 0.526
104, 48, 1.525
113, 48, 0.239
 61, 49, 0.046
105, 49,-1.453
 51, 50,-1.313
 53, 50,-1.385
100, 50,-1.131
 52, 51,-0.339
 54, 51, 0.669
 98, 51, 0.767
102, 51,-1.076
 54, 52,-0.003
 54, 53, 1.750
 55, 53,-1.036
 56, 53,-0.702
 57, 53, 0.560
100, 53,-1.284
 55, 54,-1.286
 59, 58,-1.696
 62, 58,-1.685
 63, 59,-1.079
 66, 59, 1.041
 61, 60,-1.111
 62, 60,-1.261
103, 60,-1.330
 62, 61, 1.408
 64, 61, 0.264
 71, 61,-1.424
105, 61, 1.002
 63, 62,-0.033
 65, 62, 0.346
 72, 62,-1.627
 66, 63,-0.423
 71, 64, 0.574
 66, 65,-0.528
 72, 65,-0.186
 74, 66, 0.057
 80, 66, 0.713
 82, 66,-1.247
 68, 67, 1.819
 69, 67,-0.858
 71, 67, 0.441
 73, 67, 1.651
 69, 68,-1.443
 70, 68,-1.113
 71, 68, 1.540
 75, 68, 2.417
 81, 68,-1.642
 86, 68, 1.108
 73, 69,-1.304
 76, 69,-0.697
 78, 70,-1.248
 87, 70,-1.368
 72, 71, 0.303
 73, 71,-0.579
 73, 72, 0.186
 74, 72,-1.518
 74, 73, 1.131
 79, 73,-0.958
 80, 74, 0.819
 76, 75, 0.609
 77, 75, 0.568
 78, 75,-1.040
 77, 76, 1.421
 78, 77,-1.374
 83, 77,-1.118
 84, 78,-0.426
 87, 78,-0.984
 80, 79,-0.558
 82, 80,-1.670
 86, 81,-1.636
 84, 83,-0.602
 87, 84, 0.667
 86, 85, 1.434
 88, 85,-0.378
 87, 86, 1.237
 88, 86,-1.288
 88, 87, 0.424
 89, 88,-0.077
 91, 90,-0.665
 92, 91, 0.393
 93, 91,-1.379
 93, 92,-0.233
 94, 92,-0.638
 94, 93, 1.452
 95, 94, 1.219
 97, 96,-0.662
 98, 96,-0.458
100, 96,-0.836
 98, 97, 0.713
 99, 97,-0.708
101, 97, 0.783
102, 98,-1.329
101, 99,-1.590
101,100,-0.694
102,100,-1.084
103,100, 0.381
103,101, 0.757
104,103, 3.441
105,103,-0.292
112,103, 0.693
105,104, 0.687
113,104, 2.261
107,106, 0.662
111,106, 1.106
108,107, 0.010
111,107,-0.350
109,108, 0.860
111,108, 2.255
113,108, 0.114
110,109,-1.338
113,109, 1.741
113,110,-1.379
112,111, 0.572
113,111, 0.217
113,112,-1.556
  0,  0, 3.967
  1,  1, 3.050
  2,  2, 0.832
  3,  3,-0.508
  4,  4, 1.849
  5,  5, 3.027
  6,  6, 2.617
  7,  7, 2.490
  8,  8, 3.367
  9,  9, 1.171
 10, 10, 0.727
 11, 11, 3.379
 12, 12, 1.325
 13, 13, 0.732
 14, 14, 3.179
 15, 15, 0.290
 16, 16, 0.412
 17, 17, 0.502
 18, 18, 5.000
 19, 19, 0.082
 20, 20, 3.374
 21, 21, 2.868
 22, 22,-0.235
 23, 23, 1.165
 24, 24, 5.000
 25, 25, 0.005
 26, 26, 1.474
 27, 27, 3.659
 28, 28, 4.073
 29, 29,-0.988
 30, 30, 3.231
 31, 31,-0.446
 32, 32, 2.387
 33, 33, 1.112
 34, 34, 5.000
 35, 35, 5.000
 36, 36, 2.239
 37, 37, 3.627
 38, 38, 0.763
 39, 39, 2.757
 40, 40, 0.465
 41, 41, 2.325
 42, 42,-0.362
 43, 43, 4.683
 44, 44, 0.679
 45, 45, 0.359
 46, 46,-1.212
 47, 47, 1.527
 48, 48, 2.179
 49, 49, 1.312
 50, 50,-1.266
 51, 51, 1.819
 52, 52, 1.029
 53, 53, 2.805
 54, 54, 3.915
 55, 55,-0.786
 56, 56,-1.082
 57, 57, 1.925
 58, 58,-1.690
 59, 59, 1.436
 60, 60,-0.783
 61, 61, 3.040
 62, 62, 4.188
 63, 63,-0.842
 64, 64,-0.351
 65, 65, 0.097
 66, 66, 4.880
 67, 67, 2.447
 68, 68, 4.483
 69, 69,-0.616
 70, 70,-1.196
 71, 71, 3.619
 72, 72, 0.520
 73, 73, 2.614
 74, 74, 0.989
 75, 75, 2.349
 76, 76, 2.112
 77, 77, 4.973
 78, 78, 0.312
 79, 79,-0.170
 80, 80, 3.925
 81, 81,-1.654
 82, 82,-1.491
 83, 83, 0.677
 84, 84, 4.265
 85, 85, 1.221
 86, 86, 3.677
 87, 87, 2.025
 88, 88, 2.281
 89, 89, 0.542
 90, 90,-0.231
 91, 91, 1.601
 92, 92, 1.312
 93, 93, 1.706
 94, 94, 4.681
 95, 95, 0.945
 96, 96,-0.452
 97, 97, 4.633
 98, 98, 2.812
 99, 99,-0.808
100,100, 0.876
101,101, 1.146
102,102,-1.119
103,103, 4.394
104,104, 4.222
105,105, 0.473
106,106, 2.478
107,107, 2.372
108,108, 4.030
109,109, 2.907
110,110,-1.349
111,111, 4.621
112,112, 0.342
113,113, 3.658
