from,to,weight
  0,  1, 0.495
  0,  4,-1.398
  0,  9, 1.888
  0, 19,-0.720
  0, 62, 2.075
  0, 71,-0.668
  1,  2,-0.064
  1,  4,-0.418
  1, 49,-0.342
  1, 63,-1.266
  2,  4,-0.816
  2,  5,-0.165
  2, 50, 0.039
  3,  5,-0.461
  3,  6,-0.148
  3,  7,-1.336
  3, 13, 0.560
  4,  5, 0.402
  4, 14, 0.055
  5,  6, 1.066
  5, 15,-1.269
  5, 53, 0.085
  6,  7, 0.513
  6, 48,-0.401
  6, 54,-0.723
  6, 67, 0.089
  7, 16, 0.430
  7, 21,-0.366
  7, 68,-0.548
  8,  9,-1.590
  8, 10,-1.409
  8, 18,-1.342
  9, 10, 0.494
  9, 11, 0.975
  9, 14,-1.252
  9, 19, 1.213
 10, 11, 0.341
 10, 12,-1.086
 10, 20,-0.474
 11, 12,-0.488
 11, 14, 1.067
 12, 13, 0.368
 12, 14,-0.191
 12, 17,-1.186
 13, 14, 0.368
 13, 15,-1.277
 13, 16, 1.538
 14, 15,-1.267
 16, 17,-0.188
 16, 21, 2.744
 17, 23,-0.557
 18, 19,-0.045
 18, 20,-1.533
 18, 25, 0.296
 18, 70,-1.532
 19, 71, 0.583
 20, 23,-1.259
 20, 26,-0.059
 21, 22, 3.233
 21, 23,-0.411
 21, 68, 0.392
 22, 23,-0.099
 22, 27, 1.315
 22, 29,-1.142
 22, 69,-0.597
 22, 72, 1.043
 23, 28, 0.044
 23, 30,-0.508
 24, 25,-0.215
 24, 26,-0.695
 25, 26, 1.295
 25, 70,-0.906
 26, 28,-0.058
 27, 29, 0.947
 27, 31, 0.305
 27, 72,-0.271
 28, 30, 0.221
 29, 30, 0.631
 29, 31,-0.079
 29, 94,-0.040
 29,104, 1.453
 30, 76, 1.349
 30, 95, 0.510
 31, 72,-0.377
 31,104,-0.278
 32, 33, 1.087
 33, 34, 2.167
 33, 35,-0.766
 34, 35,-0.662
 35, 39, 0.921
 36, 37, 0.674
 36, 38, 0.749
 37, 38,-0.692
 37, 40, 0.725
 38, 39, 2.863
 38, 40,-1.429
 39, 40, 1.200
 42, 55,-1.094
 43, 56,-0.515
 44, 46,-0.582
 44, 52, 0.616
 44, 60,-0.403
 45, 46,-0.583
 45, 47,-0.296
 46, 52, 1.188
 47, 48,-0.220
 48, 54, 0.861
 48, 67, 1.167
 49, 50,-0.743
 49, 57,-0.301
 49, 63,-1.133
 50, 51,-1.195
 50, 52,-0.100
 50, 53, 0.105
 50, 58, 0.606
 51, 52,-1.152
 51, 59,-1.279
 52, 53, 2.005
 52, 60, 0.008
 53, 54, 0.406
 55, 56,-0.588
 55, 59, 0.161
 56, 61, 1.155
 57, 58,-1.513
 57, 63,-0.073
 58, 59,-0.216
 59, 60,-0.587
 61, 62, 0.810
 61, 63,-1.409
 62, 63, 0.424
 62, 71,-0.787
 64, 65,-0.513
 67, 68, 1.585
 68, 69,-1.523
 69, 72, 0.044
 69, 73,-1.511
 70, 71, 1.369
 72, 73,-0.278
 74, 75, 1.055
 74, 81, 1.519
 75, 76, 0.954
 75, 82,-1.642
 76, 77, 0.780
 76, 78,-0.837
 76, 95,-1.096
 77, 78, 0.256
 77, 79,-1.487
 77, 83,-0.965
 77, 96, 0.497
 78, 84, 0.136
 79, 83,-1.198
 79, 96,-1.448
 79, 97,-1.275
 80, 81, 2.015
 80, 82,-0.709
 80, 90,-0.144
 81, 82,-0.784
 83, 84,-0.053
 83, 86,-0.530
 83, 97,-0.434
 84, 87, 2.402
 85, 87,-0.628
 86, 87, 0.599
 86, 97, 0.114
 87, 88, 2.754
 87, 89,-1.452
 88, 89,-1.189
 91, 92,-0.944
 91, 93, 0.501
 91, 96, 0.437
 91, 99, 1.483
 92, 93,-1.400
 93, 94, 0.374
 94, 95,-0.004
 94, 96,-0.586
 94,104, 0.470
 95, 96, 1.099
 96, 97, 2.651
 96,101, 2.421
 97,101,-0.580
 98, 99,-0.302
 98,103,-0.618
 99,100, 1.866
 99,101,-0.252
 99,103, 1.025
100,102,-0.124
  1,  0, 0.495
  4,  0,-1.398
  9,  0, 1.888
 19,  0,-0.720
 62,  0, 2.075
 71,  0,-0.668
  2,  1,-0.064
  4,  1,-0.418
 49,  1,-0.342
 63,  1,-1.266
  4,  2,-0.816
  5,  2,-0.165
 50,  2, 0.039
  5,  3,-0.461
  6,  3,-0.148
  7,  3,-1.336
 13,  3, 0.560
  5,  4, 0.402
 14,  4, 0.055
  6,  5, 1.066
 15,  5,-1.269
 53,  5, 0.085
  7,  6, 0.513
 48,  6,-0.401
 54,  6,-0.723
 67,  6, 0.089
 16,  7, 0.430
 21,  7,-0.366
 68,  7,-0.548
  9,  8,-1.590
 10,  8,-1.409
 18,  8,-1.342
 10,  9, 0.494
 11,  9, 0.975
 14,  9,-1.252
 19,  9, 1.213
 11, 10, 0.341
 12, 10,-1.086
 20, 10,-0.474
 12, 11,-0.488
 14, 11, 1.067
 13, 12, 0.368
 14, 12,-0.191
 17, 12,-1.186
 14, 13, 0.368
 15, 13,-1.277
 16, 13, 1.538
 15, 14,-1.267
 17, 16,-0.188
 21, 16, 2.744
 23, 17,-0.557
 19, 18,-0.045
 20, 18,-1.533
 25, 18, 0.296
 70, 18,-1.532
 71, 19, 0.583
 23, 20,-1.259
 26, 20,-0.059
 22, 21, 3.233
 23, 21,-0.411
 68, 21, 0.392
 23, 22,-0.099
 27, 22, 1.315
 29, 22,-1.142
 69, 22,-0.597
 72, 22, 1.043
 28, 23, 0.044
 30, 23,-0.508
 25, 24,-0.215
 26, 24,-0.695
 26, 25, 1.295
 70, 25,-0.906
 28, 26,-0.058
 29, 27, 0.947
 31, 27, 0.305
 72, 27,-0.271
 30, 28, 0.221
 30, 29, 0.631
 31, 29,-0.079
 94, 29,-0.040
104, 29, 1.453
 76, 30, 1.349
 95, 30, 0.510
 72, 31,-0.377
104, 31,-0.278
 33, 32, 1.087
 34, 33, 2.167
 35, 33,-0.766
 35, 34,-0.662
 39, 35, 0.921
 37, 36, 0.674
 38, 36, 0.749
 38, 37,-0.692
 40, 37, 0.725
 39, 38, 2.863
 40, 38,-1.429
 40, 39, 1.200
 55, 42,-1.094
 56, 43,-0.515
 46, 44,-0.582
 52, 44, 0.616
 60, 44,-0.403
 46, 45,-0.583
 47, 45,-0.296
 52, 46, 1.188
 48, 47,-0.220
 54, 48, 0.861
 67, 48, 1.167
 50, 49,-0.743
 57, 49,-0.301
 63, 49,-1.133
 51, 50,-1.195
 52, 50,-0.100
 53, 50, 0.105
 58, 50, 0.606
 52, 51,-1.152
 59, 51,-1.279
 53, 52, 2.005
 60, 52, 0.008
 54, 53, 0.406
 56, 55,-0.588
 59, 55, 0.161
 61, 56, 1.155
 58, 57,-1.513
 63, 57,-0.073
 59, 58,-0.216
 60, 59,-0.587
 62, 61, 0.810
 63, 61,-1.409
 63, 62, 0.424
 71, 62,-0.787
 65, 64,-0.513
 68, 67, 1.585
 69, 68,-1.523
 72, 69, 0.044
 73, 69,-1.511
 71, 70, 1.369
 73, 72,-0.278
 75, 74, 1.055
 81, 74, 1.519
 76, 75, 0.954
 82, 75,-1.642
 77, 76, 0.780
 78, 76,-0.837
 95, 76,-1.096
 78, 77, 0.256
 79, 77,-1.487
 83, 77,-0.965
 96, 77, 0.497
 84, 78, 0.136
 83, 79,-1.198
 96, 79,-1.448
 97, 79,-1.275
 81, 80, 2.015
 82, 80,-0.709
 90, 80,-0.144
 82, 81,-0.784
 84, 83,-0.053
 86, 83,-0.530
 97, 83,-0.434
 87, 84, 2.402
 87, 85,-0.628
 87, 86, 0.599
 97, 86, 0.114
 88, 87, 2.754
 89, 87,-1.452
 89, 88,-1.189
 92, 91,-0.944
 93, 91, 0.501
 96, 91, 0.437
 99, 91, 1.483
 93, 92,-1.400
 94, 93, 0.374
 95, 94,-0.004
 96, 94,-0.586
104, 94, 0.470
 96, 95, 1.099
 97, 96, 2.651
101, 96, 2.421
101, 97,-0.580
 99, 98,-0.302
103, 98,-0.618
100, 99, 1.866
101, 99,-0.252
103, 99, 1.025
102,100,-0.124
  0,  0, 2.573
  1,  1, 1.077
  2,  2, 0.810
  3,  3, 0.470
  4,  4, 0.754
  5,  5, 2.699
  6,  6, 3.273
  7,  7, 0.653
  8,  8,-1.484
  9,  9, 3.485
 10, 10, 2.064
 11, 11, 1.166
 12, 12, 2.276
 13, 13, 3.779
 14, 14, 2.458
 15, 15,-1.175
 16, 16, 2.441
 17, 17, 1.488
 18, 18,-0.733
 19, 19, 0.713
 20, 20, 0.091
 21, 21, 3.927
 22, 22, 3.894
 23, 23, 2.165
 24, 24, 0.344
 25, 25, 3.480
 26, 26, 2.653
 27, 27, 2.238
 28, 28, 0.967
 29, 29, 3.336
 30, 30, 3.251
 31, 31, 1.871
 32, 32, 2.054
 33, 33, 4.909
 34, 34, 1.456
 35, 35, 0.316
 36, 36, 2.491
 37, 37, 1.765
 38, 38, 4.838
 39, 39, 5.000
 40, 40, 0.579
 41, 41, 1.859
 42, 42,-0.447
 43, 43,-0.495
 44, 44, 2.969
 45, 45, 0.595
 46, 46, 0.626
 47, 47, 0.751
 48, 48, 2.966
 49, 49, 0.165
 50, 50, 2.301
 51, 51,-1.140
 52, 52, 4.729
 53, 53, 2.061
 54, 54, 0.580
 55, 55, 1.970
 56, 56, 2.354
 57, 57, 1.169
 58, 58, 0.492
 59, 59, 3.650
 60, 60, 0.833
 61, 61, 1.557
 62, 62, 3.321
 63, 63, 0.522
 64, 64,-0.561
 65, 65, 4.696
 66, 66, 0.316
 67, 67, 2.623
 68, 68, 2.946
 69, 69, 1.395
 70, 70, 1.452
 71, 71, 3.442
 72, 72, 2.873
 73, 73,-0.264
 74, 74, 2.325
 75, 75, 0.888
 76, 76, 3.488
 77, 77, 1.281
 78, 78, 0.399
 79, 79,-1.119
 80, 80, 4.280
 81, 81, 2.892
 82, 82,-0.172
 83, 83, 0.790
 84, 84, 3.544
 85, 85,-0.244
 86, 86, 1.644
 87, 87, 5.000
 88, 88, 1.662
 89, 89,-1.242
 90, 90, 2.147
 91, 91, 3.675
 92, 92,-1.035
 93, 93, 1.279
 94, 94, 3.892
 95, 95, 0.996
 96, 96, 5.000
 97, 97, 2.955
 98, 98,-0.363
 99, 99, 4.558
100,100, 4.305
101,101, 2.393
102,102, 0.714
103,103, 3.045
104,104, 5.000
