from,to,weight
 0, 5,-0.235
 1, 4, 0.719
 2, 3,-0.747
 2, 4,-0.571
 3, 4, 2.321
 3, 6, 1.220
 3, 8, 1.618
 5, 6,-0.228
 6, 8, 0.650
 6,20, 1.510
 7, 8,-1.684
 7,26,-1.690
 8, 9, 0.802
 8,20, 2.926
 8,26, 1.322
 9,21,-0.826
 9,23,-1.449
 9,31, 1.231
10,11, 1.067
10,18, 0.419
10,19,-0.501
10,22,-1.199
11,12, 0.576
11,13, 0.060
11,25,-0.014
12,13, 0.575
12,15,-0.907
12,17, 0.692
13,14,-0.357
13,16,-0.382
14,16,-0.826
15,16, 0.643
15,17, 0.827
18,19, 0.255
19,20, 2.816
19,21, 0.734
19,22,-1.042
20,21,-1.657
21,23, 0.738
22,23,-1.219
23,24,-1.250
23,25, 0.819
23,31, 1.787
23,33,-1.043
24,25, 1.377
24,34, 1.689
26,27, 0.529
26,28,-0.551
27,28, 0.608
28,29, 0.839
28,31,-1.474
29,30,-0.159
29,31, 0.372
30,31,-0.127
30,35,-0.681
31,33, 2.130
31,36, 0.305
32,33, 0.826
32,34,-0.286
32,35, 0.493
32,41, 0.199
33,34, 3.479
33,36,-0.391
35,36,-0.001
35,38, 0.625
35,41,-1.424
37,38, 0.575
37,49,-0.452
38,41, 1.330
38,50,-1.460
39,40, 2.106
39,41,-0.167
39,46, 3.675
40,41,-0.612
40,42,-1.045
41,42,-0.435
41,50, 0.631
43,44,-0.466
43,45,-1.562
43,48,-0.378
44,45, 0.033
44,46, 0.285
45,46, 1.368
45,48, 0.725
46,47,-0.267
46,48,-1.195
46,50,-0.024
47,48,-0.475
48,49, 1.204
49,50, 1.244
 5, 0,-0.235
 4, 1, 0.719
 3, 2,-0.747
 4, 2,-0.571
 4, 3, 2.321
 6, 3, 1.220
 8, 3, 1.618
 6, 5,-0.228
 8, 6, 0.650
20, 6, 1.510
 8, 7,-1.684
26, 7,-1.690
 9, 8, 0.802
20, 8, 2.926
26, 8, 1.322
21, 9,-0.826
23, 9,-1.449
31, 9, 1.231
11,10, 1.067
18,10, 0.419
19,10,-0.501
22,10,-1.199
12,11, 0.576
13,11, 0.060
25,11,-0.014
13,12, 0.575
15,12,-0.907
17,12, 0.692
14,13,-0.357
16,13,-0.382
16,14,-0.826
16,15, 0.643
17,15, 0.827
19,18, 0.255
20,19, 2.816
21,19, 0.734
22,19,-1.042
21,20,-1.657
23,21, 0.738
23,22,-1.219
24,23,-1.250
25,23, 0.819
31,23, 1.787
33,23,-1.043
25,24, 1.377
34,24, 1.689
27,26, 0.529
28,26,-0.551
28,27, 0.608
29,28, 0.839
31,28,-1.474
30,29,-0.159
31,29, 0.372
31,30,-0.127
35,30,-0.681
33,31, 2.130
36,31, 0.305
33,32, 0.826
34,32,-0.286
35,32, 0.493
41,32, 0.199
34,33, 3.479
36,33,-0.391
36,35,-0.001
38,35, 0.625
41,35,-1.424
38,37, 0.575
49,37,-0.452
41,38, 1.330
50,38,-1.460
40,39, 2.106
41,39,-0.167
46,39, 3.675
41,40,-0.612
42,40,-1.045
42,41,-0.435
50,41, 0.631
44,43,-0.466
45,43,-1.562
48,43,-0.378
45,44, 0.033
46,44, 0.285
46,45, 1.368
48,45, 0.725
47,46,-0.267
48,46,-1.195
50,46,-0.024
48,47,-0.475
49,48, 1.204
50,49, 1.244
 0, 0, 1.892
 1, 1, 1.033
 2, 2,-0.262
 3, 3, 2.631
 4, 4, 4.625
 5, 5,-0.157
 6, 6, 3.342
 7, 7,-1.689
 8, 8, 5.000
 9, 9, 1.061
10,10, 2.248
11,11, 3.392
12,12, 3.680
13,13, 2.945
14,14,-0.253
15,15, 3.655
16,16, 2.695
17,17, 0.984
18,18, 0.831
19,19, 3.677
20,20, 3.911
21,21, 0.673
22,22,-0.862
23,23, 2.074
24,24, 2.760
25,25, 4.272
26,26, 1.670
27,27, 2.500
28,28, 1.268
29,29, 1.698
30,30, 0.786
31,31, 5.000
32,32, 1.970
33,33, 3.653
34,34, 2.231
35,35, 2.413
36,36, 0.479
37,37, 2.249
38,38, 1.544
39,39, 3.891
40,40, 2.753
41,41, 3.490
42,42,-0.340
43,43,-0.238
44,44, 2.325
45,45, 1.095
46,46, 5.000
47,47,-0.407
48,48, 2.935
49,49, 3.851
50,50, 1.507
