from,to,weight
  0,  1,-1.220
  0,  2, 0.616
  0,  3,-1.259
  0,  8,-0.407
  0, 81,-0.337
  0, 95, 2.087
  0,112, 0.243
  1,  9,-1.314
  1,113,-1.440
  2,  3,-1.520
  2,  5, 0.165
  2, 10,-0.425
  3,  5,-0.483
  3, 82,-0.715
  4,  5, 0.251
  4,  6, 1.134
  4,  7, 1.861
  4, 13, 0.895
  4, 77,-1.257
  5,  6,-0.154
  5, 14, 0.518
  5, 85,-0.829
  6, 78,-1.577
  6, 86, 0.899
  7, 15, 1.131
  7, 19,-0.595
  7,109, 1.122
  8,  9,-1.291
  8, 10,-1.061
  9, 10, 0.487
  9, 12, 1.238
  9, 16,-0.730
  9, 18, 0.928
  9,113,-0.296
 10, 12,-0.234
 10, 14,-0.615
 11, 12, 0.161
 11, 13,-0.423
 11, 16,-0.168
 12, 13, 0.206
 12, 14,-0.101
 12, 16, 0.607
 13, 14,-1.282
 13, 15,-1.343
 15, 16,-0.560
 15, 19, 0.394
 16, 21, 1.036
 17, 18,-1.285
 17, 23,-1.060
 17,111,-0.593
 18, 21,-0.063
 18, 24, 1.736
 18,113,-0.460
 19, 20, 0.550
 19, 21,-0.385
 19,109,-0.320
 20, 21, 0.901
 20,110, 0.152
 20,114, 0.002
 21, 29,-0.301
 21, 33, 1.045
 22, 23,-0.468
 22, 24,-0.362
 22, 25,-0.129
 22, 36,-0.092
 23, 24,-0.053
 23,111,-0.147
 24, 25, 0.973
 24, 28, 0.103
 24, 29,-0.896
 25, 26,-0.209
 25, 28,-0.521
 26, 28,-1.031
 26,119,-1.258
 27, 28, 0.206
 27, 29,-1.465
 27, 31,-1.157
 27,122,-0.361
 28, 29,-0.414
 29, 33, 0.046
 30, 31,-0.412
 30, 35,-0.232
 30,121, 0.714
 31, 33, 0.087
 31, 35,-1.655
 31,122,-1.155
 32,137,-0.756
 33, 34, 0.161
 33, 35,-0.426
 33,132, 0.580
 33,138,-0.443
 34,133,-0.318
 35,134, 0.322
 38, 39,-0.082
 41, 42,-0.181
 41, 67,-0.648
 42, 43, 0.580
 42, 45,-1.569
 42, 51, 1.980
 42, 67,-0.938
 43, 45, 0.085
 43, 68, 0.447
 44, 45,-1.110
 44, 60,-0.829
 44, 64,-0.980
 45, 53,-0.268
 45, 61, 1.179
 45, 65, 0.569
 46, 47,-0.883
 46, 48, 0.095
 47, 48,-1.221
 47, 56, 1.474
 48, 49,-0.072
 48, 54,-0.668
 48, 55,-1.299
 48, 59, 0.483
 49, 50, 0.629
 49, 55, 0.169
 50, 51, 1.468
 50, 52,-0.730
 50, 55,-0.916
 51, 52, 0.245
 51, 53,-1.005
 52, 53,-0.365
 52, 55,-0.600
 53, 54,-0.853
 53, 55,-0.584
 53, 61, 0.708
 54, 55,-0.547
 54, 62,-1.209
 56, 57,-0.618
 56, 59, 1.697
 56, 60, 1.734
 57, 59,-0.958
 58, 59,-0.160
 59, 62, 2.992
 60, 61, 3.339
 60, 62,-0.941
 60, 64, 0.917
 61, 62, 1.967
 63, 64, 0.889
 63, 65,-1.395
 64, 65,-0.684
 66, 68, 0.400
 67, 68, 0.017
 68, 69, 3.189
 69, 70, 1.913
 69, 71, 0.336
 70, 71, 0.832
 70, 72,-1.030
 70, 74, 1.027
 71, 72,-1.616
 71,101,-0.080
 72, 73, 1.229
 72, 74, 0.246
 72, 87,-0.632
 73, 88, 1.339
 73, 94,-0.802
 73,102, 1.518
 74, 87,-1.307
 75, 76,-0.332
 75, 84, 0.991
 75, 93,-0.278
 76, 84,-0.605
 77, 78,-1.209
 78, 79, 0.700
 78, 86, 1.770
 79, 80, 1.278
 80,109, 1.660
 81, 82,-0.573
 81, 89,-1.328
 81, 95,-1.090
 82, 83,-0.673
 82, 85,-1.317
 82, 90,-0.441
 83, 84,-0.221
 83, 85,-0.852
 83, 86, 1.378
 83, 91, 1.768
 84, 86, 2.200
 84, 93,-1.665
 85, 86,-1.038
 87, 88,-1.293
 87, 92,-1.015
 88, 89,-0.612
 88, 90, 0.857
 88, 94,-0.745
 89, 90, 1.393
 89, 95, 1.531
 90, 91, 1.054
 90, 92, 0.815
 91, 92, 1.426
 91, 93,-1.042
 92, 93,-0.688
 94, 95,-0.674
 94,104,-0.335
 95,108, 1.647
 95,112,-0.575
 96, 97,-0.826
 96, 98, 0.551
 97, 98, 0.386
 97, 99,-0.254
 98, 99, 1.113
 98,100,-1.517
 99,100,-1.326
 99,115,-0.115
101,102, 0.237
101,103,-0.169
102,103, 1.843
102,104, 1.364
103,105,-1.352
104,105,-0.743
104,108, 0.029
105,106,-1.285
106,107,-1.012
106,108, 0.680
106,115, 0.490
107,108,-0.415
107,111,-1.215
107,116,-0.259
108,112,-0.051
109,110, 1.348
110,114, 0.146
110,117,-0.054
111,112, 1.161
111,113,-0.066
111,116, 0.849
112,113,-0.027
114,117,-0.795
115,116, 0.283
118,121, 0.295
119,121, 0.080
119,122,-1.005
120,121,-0.212
120,124,-0.213
121,122, 0.843
121,125, 0.484
123,126, 0.427
123,134,-0.374
123,135,-1.518
124,125, 1.296
124,126, 2.346
124,128, 1.676
124,130, 0.393
126,129, 1.151
126,135,-1.562
127,128, 1.619
127,129,-0.063
128,129,-0.189
128,130, 0.455
131,132, 0.247
131,133, 0.321
131,137,-0.340
132,133, 1.126
132,134,-1.442
132,138,-0.725
133,134, 1.627
133,136, 0.518
134,135,-1.480
137,138,-0.771
  1,  0,-1.220
  2,  0, 0.616
  3,  0,-1.259
  8,  0,-0.407
 81,  0,-0.337
 95,  0, 2.087
112,  0, 0.243
  9,  1,-1.314
113,  1,-1.440
  3,  2,-1.520
  5,  2, 0.165
 10,  2,-0.425
  5,  3,-0.483
 82,  3,-0.715
  5,  4, 0.251
  6,  4, 1.134
  7,  4, 1.861
 13,  4, 0.895
 77,  4,-1.257
  6,  5,-0.154
 14,  5, 0.518
 85,  5,-0.829
 78,  6,-1.577
 86,  6, 0.899
 15,  7, 1.131
 19,  7,-0.595
109,  7, 1.122
  9,  8,-1.291
 10,  8,-1.061
 10,  9, 0.487
 12,  9, 1.238
 16,  9,-0.730
 18,  9, 0.928
113,  9,-0.296
 12, 10,-0.234
 14, 10,-0.615
 12, 11, 0.161
 13, 11,-0.423
 16, 11,-0.168
 13, 12, 0.206
 14, 12,-0.101
 16, 12, 0.607
 14, 13,-1.282
 15, 13,-1.343
 16, 15,-0.560
 19, 15, 0.394
 21, 16, 1.036
 18, 17,-1.285
 23, 17,-1.060
111, 17,-0.593
 21, 18,-0.063
 24, 18, 1.736
113, 18,-0.460
 20, 19, 0.550
 21, 19,-0.385
109, 19,-0.320
 21, 20, 0.901
110, 20, 0.152
114, 20, 0.002
 29, 21,-0.301
 33, 21, 1.045
 23, 22,-0.468
 24, 22,-0.362
 25, 22,-0.129
 36, 22,-0.092
 24, 23,-0.053
111, 23,-0.147
 25, 24, 0.973
 28, 24, 0.103
 29, 24,-0.896
 26, 25,-0.209
 28, 25,-0.521
 28, 26,-1.031
119, 26,-1.258
 28, 27, 0.206
 29, 27,-1.465
 31, 27,-1.157
122, 27,-0.361
 29, 28,-0.414
 33, 29, 0.046
 31, 30,-0.412
 35, 30,-0.232
121, 30, 0.714
 33, 31, 0.087
 35, 31,-1.655
122, 31,-1.155
137, 32,-0.756
 34, 33, 0.161
 35, 33,-0.426
132, 33, 0.580
138, 33,-0.443
133, 34,-0.318
134, 35, 0.322
 39, 38,-0.082
 42, 41,-0.181
 67, 41,-0.648
 43, 42, 0.580
 45, 42,-1.569
 51, 42, 1.980
 67, 42,-0.938
 45, 43, 0.085
 68, 43, 0.447
 45, 44,-1.110
 60, 44,-0.829
 64, 44,-0.980
 53, 45,-0.268
 61, 45, 1.179
 65, 45, 0.569
 47, 46,-0.883
 48, 46, 0.095
 48, 47,-1.221
 56, 47, 1.474
 49, 48,-0.072
 54, 48,-0.668
 55, 48,-1.299
 59, 48, 0.483
 50, 49, 0.629
 55, 49, 0.169
 51, 50, 1.468
 52, 50,-0.730
 55, 50,-0.916
 52, 51, 0.245
 53, 51,-1.005
 53, 52,-0.365
 55, 52,-0.600
 54, 53,-0.853
 55, 53,-0.584
 61, 53, 0.708
 55, 54,-0.547
 62, 54,-1.209
 57, 56,-0.618
 59, 56, 1.697
 60, 56, 1.734
 59, 57,-0.958
 59, 58,-0.160
 62, 59, 2.992
 61, 60, 3.339
 62, 60,-0.941
 64, 60, 0.917
 62, 61, 1.967
 64, 63, 0.889
 65, 63,-1.395
 65, 64,-0.684
 68, 66, 0.400
 68, 67, 0.017
 69, 68, 3.189
 70, 69, 1.913
 71, 69, 0.336
 71, 70, 0.832
 72, 70,-1.030
 74, 70, 1.027
 72, 71,-1.616
101, 71,-0.080
 73, 72, 1.229
 74, 72, 0.246
 87, 72,-0.632
 88, 73, 1.339
 94, 73,-0.802
102, 73, 1.518
 87, 74,-1.307
 76, 75,-0.332
 84, 75, 0.991
 93, 75,-0.278
 84, 76,-0.605
 78, 77,-1.209
 79, 78, 0.700
 86, 78, 1.770
 80, 79, 1.278
109, 80, 1.660
 82, 81,-0.573
 89, 81,-1.328
 95, 81,-1.090
 83, 82,-0.673
 85, 82,-1.317
 90, 82,-0.441
 84, 83,-0.221
 85, 83,-0.852
 86, 83, 1.378
 91, 83, 1.768
 86, 84, 2.200
 93, 84,-1.665
 86, 85,-1.038
 88, 87,-1.293
 92, 87,-1.015
 89, 88,-0.612
 90, 88, 0.857
 94, 88,-0.745
 90, 89, 1.393
 95, 89, 1.531
 91, 90, 1.054
 92, 90, 0.815
 92, 91, 1.426
 93, 91,-1.042
 93, 92,-0.688
 95, 94,-0.674
104, 94,-0.335
108, 95, 1.647
112, 95,-0.575
 97, 96,-0.826
 98, 96, 0.551
 98, 97, 0.386
 99, 97,-0.254
 99, 98, 1.113
100, 98,-1.517
100, 99,-1.326
115, 99,-0.115
102,101, 0.237
103,101,-0.169
103,102, 1.843
104,102, 1.364
105,103,-1.352
105,104,-0.743
108,104, 0.029
106,105,-1.285
107,106,-1.012
108,106, 0.680
115,106, 0.490
108,107,-0.415
111,107,-1.215
116,107,-0.259
112,108,-0.051
110,109, 1.348
114,110, 0.146
117,110,-0.054
112,111, 1.161
113,111,-0.066
116,111, 0.849
113,112,-0.027
117,114,-0.795
116,115, 0.283
121,118, 0.295
121,119, 0.080
122,119,-1.005
121,120,-0.212
124,120,-0.213
122,121, 0.843
125,121, 0.484
126,123, 0.427
134,123,-0.374
135,123,-1.518
125,124, 1.296
126,124, 2.346
128,124, 1.676
130,124, 0.393
129,126, 1.151
135,126,-1.562
128,127, 1.619
129,127,-0.063
129,128,-0.189
130,128, 0.455
132,131, 0.247
133,131, 0.321
137,131,-0.340
133,132, 1.126
134,132,-1.442
138,132,-0.725
134,133, 1.627
136,133, 0.518
135,134,-1.480
138,137,-0.771
  0,  0, 3.315
  1,  1,-1.284
  2,  2, 0.543
  3,  3,-0.570
  4,  4, 3.585
  5,  5, 2.630
  6,  6, 0.974
  7,  7, 2.312
  8,  8,-0.818
  9,  9, 3.138
 10, 10, 1.142
 11, 11, 0.650
 12, 12, 3.949
 13, 13, 1.870
 14, 14, 0.290
 15, 15, 1.344
 16, 16, 3.099
 17, 17,-0.979
 18, 18, 1.756
 19, 19, 1.483
 20, 20, 3.276
 21, 21, 4.324
 22, 22, 1.607
 23, 23, 0.755
 24, 24, 3.270
 25, 25, 2.174
 26, 26,-0.242
 27, 27, 0.193
 28, 28, 1.329
 29, 29, 0.654
 30, 30, 0.619
 31, 31,-0.187
 32, 32,-0.143
 33, 33, 4.019
 34, 34,-0.550
 35, 35, 0.412
 36, 36, 1.150
 37, 37,-0.694
 38, 38, 2.957
 39, 39,-0.161
 40, 40,-0.475
 41, 41, 0.303
 42, 42, 1.866
 43, 43, 0.988
 44, 44,-0.879
 45, 45, 3.814
 46, 46, 2.309
 47, 47, 1.611
 48, 48, 2.601
 49, 49, 1.359
 50, 50, 2.254
 51, 51, 4.097
 52, 52, 0.568
 53, 53, 1.845
 54, 54,-0.117
 55, 55, 1.276
 56, 56, 5.000
 57, 57,-0.548
 58, 58,-0.621
 59, 59, 3.809
 60, 60, 5.000
 61, 61, 4.094
 62, 62, 2.540
 63, 63, 1.054
 64, 64, 3.144
 65, 65, 1.120
 66, 66, 1.191
 67, 67,-0.756
 68, 68, 3.253
 69, 69, 3.822
 70, 70, 3.866
 71, 71, 2.604
 72, 72, 0.717
 73, 73, 3.027
 74, 74, 0.845
 75, 75, 3.956
 76, 76, 0.002
 77, 77,-1.134
 78, 78,-0.007
 79, 79, 4.521
 80, 80, 1.009
 81, 81,-0.097
 82, 82, 0.412
 83, 83, 2.227
 84, 84, 2.544
 85, 85,-0.537
 86, 86, 4.761
 87, 87, 0.136
 88, 88, 1.657
 89, 89, 1.166
 90, 90, 3.807
 91, 91, 2.570
 92, 92, 3.710
 93, 93,-0.298
 94, 94, 0.148
 95, 95, 4.088
 96, 96, 0.837
 97, 97, 1.955
 98, 98, 1.941
 99, 99, 5.000
100,100,-1.386
101,101, 1.265
102,102, 3.349
103,103, 3.409
104,104, 1.894
105,105,-0.582
106,106, 2.593
107,107, 0.016
108,108, 2.953
109,109, 4.681
110,110, 4.197
111,111, 4.172
112,112, 2.076
113,113, 0.520
114,114, 1.332
115,115, 1.995
116,116, 1.927
117,117, 0.948
118,118, 0.938
119,119, 1.309
120,120,-0.591
121,121, 5.000
122,122, 0.412
123,123,-0.062
124,124, 5.000
125,125, 1.517
126,126, 3.877
127,127, 3.744
128,128, 4.100
129,129, 1.737
130,130, 1.972
131,131, 1.479
132,132, 1.625
133,133, 5.000
134,134, 3.752
135,135,-1.442
136,136, 2.517
137,137, 4.755
138,138,-0.328
