from,to,weight
 0, 1, 0.744
 0, 4,-0.077
 0, 9, 3.003
 0,86, 1.529
 0,94,-1.009
 1, 2,-0.953
 1, 4,-0.299
 1,73, 0.131
 1,87,-1.460
 2, 4,-1.174
 2, 5,-1.336
 2,74,-0.784
 3, 5,-1.423
 3, 6,-0.030
 3, 7,-0.978
 3,12,-0.389
 4, 5, 0.296
 4,13,-1.685
 5, 6, 0.665
 5,77, 0.188
 6, 7, 0.932
 6,72,-0.531
 6,78,-0.879
 6,92, 0.434
 7,14, 1.430
 7,19,-1.699
 7,93,-1.020
 8, 9, 0.958
 8,10,-1.315
 8,17,-0.592
 9,10, 0.484
 9,11,-0.814
 9,13,-0.528
 9,18,-0.834
 9,94, 0.225
10,11,-1.096
12,14, 0.497
14,15, 0.247
14,16, 0.032
14,19, 1.444
15,16,-0.398
15,20, 0.026
17,18,-1.625
17,21,-0.501
18,22,-1.097
19,20, 0.418
20,23, 1.044
21,22,-0.925
23,95, 0.324
23,96, 0.960
24,26,-0.929
24,31, 1.960
24,48, 1.248
25,26, 1.546
25,40, 0.862
25,45, 2.079
25,46,-1.597
26,32,-0.671
26,41,-0.105
26,47,-1.005
26,51, 0.133
27,29,-0.897
27,34,-1.065
28,35, 2.256
29,30, 0.557
29,33, 0.398
29,39, 0.614
30,31, 2.151
30,33,-0.330
31,33,-1.439
32,41,-0.972
33,43,-0.146
34,35, 0.436
34,37, 0.778
34,38,-1.542
34,39, 1.256
35,36, 1.016
35,37, 0.614
36,37, 0.602
36,40,-1.202
36,44, 1.373
37,38,-1.034
37,39,-0.108
37,42, 1.652
37,43,-0.995
38,39,-1.118
39,43, 0.024
40,41,-0.574
40,42,-1.024
40,45, 0.229
41,42, 0.832
42,43, 0.435
44,45,-1.307
45,46, 1.196
46,47, 0.622
47,51, 0.000
47,57, 0.463
48,49, 1.577
49,50, 0.903
50,52, 0.296
50,58,-1.288
51,57, 1.029
52,58,-0.377
52,59,-0.899
52,61,-0.282
53,54,-0.093
53,55,-0.881
53,57, 2.080
53,62, 1.664
54,55, 0.399
55,56,-0.644
55,57,-0.084
56,57,-1.142
57,64,-1.048
59,60,-1.687
59,61,-0.154
59,80, 1.703
59,89, 0.932
60,81,-1.674
62,64,-1.158
62,66, 0.841
62,84,-0.262
63,67, 0.278
63,69,-1.624
65,66,-1.638
65,67, 0.168
66,67, 2.296
66,75,-1.607
66,84, 1.502
67,69, 1.302
67,76, 0.432
68,69, 0.725
68,71, 0.196
69,70,-1.041
69,71,-0.381
69,76, 1.296
70,71,-1.265
70,72,-0.295
70,77,-0.795
71,72, 0.028
72,78,-0.397
72,92, 1.055
73,74,-0.356
73,82,-0.106
73,87,-1.178
74,75, 0.515
74,77, 1.356
74,83, 1.119
75,76, 0.690
75,77,-0.919
75,84,-1.337
76,77, 2.580
77,78,-0.290
79,80, 0.134
79,81,-1.613
79,82, 0.041
80,81, 1.471
81,82, 0.935
81,85, 1.311
82,83, 0.405
82,84,-1.292
82,87, 0.078
83,84, 0.959
85,86, 0.962
85,87,-1.241
85,91, 0.508
86,87, 0.298
86,94,-1.401
89,90,-0.009
90,91,-0.294
92,93, 0.421
95,96, 0.747
 1, 0, 0.744
 4, 0,-0.077
 9, 0, 3.003
86, 0, 1.529
94, 0,-1.009
 2, 1,-0.953
 4, 1,-0.299
73, 1, 0.131
87, 1,-1.460
 4, 2,-1.174
 5, 2,-1.336
74, 2,-0.784
 5, 3,-1.423
 6, 3,-0.030
 7, 3,-0.978
12, 3,-0.389
 5, 4, 0.296
13, 4,-1.685
 6, 5, 0.665
77, 5, 0.188
 7, 6, 0.932
72, 6,-0.531
78, 6,-0.879
92, 6, 0.434
14, 7, 1.430
19, 7,-1.699
93, 7,-1.020
 9, 8, 0.958
10, 8,-1.315
17, 8,-0.592
10, 9, 0.484
11, 9,-0.814
13, 9,-0.528
18, 9,-0.834
94, 9, 0.225
11,10,-1.096
14,12, 0.497
15,14, 0.247
16,14, 0.032
19,14, 1.444
16,15,-0.398
20,15, 0.026
18,17,-1.625
21,17,-0.501
22,18,-1.097
20,19, 0.418
23,20, 1.044
22,21,-0.925
95,23, 0.324
96,23, 0.960
26,24,-0.929
31,24, 1.960
48,24, 1.248
26,25, 1.546
40,25, 0.862
45,25, 2.079
46,25,-1.597
32,26,-0.671
41,26,-0.105
47,26,-1.005
51,26, 0.133
29,27,-0.897
34,27,-1.065
35,28, 2.256
30,29, 0.557
33,29, 0.398
39,29, 0.614
31,30, 2.151
33,30,-0.330
33,31,-1.439
41,32,-0.972
43,33,-0.146
35,34, 0.436
37,34, 0.778
38,34,-1.542
39,34, 1.256
36,35, 1.016
37,35, 0.614
37,36, 0.602
40,36,-1.202
44,36, 1.373
38,37,-1.034
39,37,-0.108
42,37, 1.652
43,37,-0.995
39,38,-1.118
43,39, 0.024
41,40,-0.574
42,40,-1.024
45,40, 0.229
42,41, 0.832
43,42, 0.435
45,44,-1.307
46,45, 1.196
47,46, 0.622
51,47, 0.000
57,47, 0.463
49,48, 1.577
50,49, 0.903
52,50, 0.296
58,50,-1.288
57,51, 1.029
58,52,-0.377
59,52,-0.899
61,52,-0.282
54,53,-0.093
55,53,-0.881
57,53, 2.080
62,53, 1.664
55,54, 0.399
56,55,-0.644
57,55,-0.084
57,56,-1.142
64,57,-1.048
60,59,-1.687
61,59,-0.154
80,59, 1.703
89,59, 0.932
81,60,-1.674
64,62,-1.158
66,62, 0.841
84,62,-0.262
67,63, 0.278
69,63,-1.624
66,65,-1.638
67,65, 0.168
67,66, 2.296
75,66,-1.607
84,66, 1.502
69,67, 1.302
76,67, 0.432
69,68, 0.725
71,68, 0.196
70,69,-1.041
71,69,-0.381
76,69, 1.296
71,70,-1.265
72,70,-0.295
77,70,-0.795
72,71, 0.028
78,72,-0.397
92,72, 1.055
74,73,-0.356
82,73,-0.106
87,73,-1.178
75,74, 0.515
77,74, 1.356
83,74, 1.119
76,75, 0.690
77,75,-0.919
84,75,-1.337
77,76, 2.580
78,77,-0.290
80,79, 0.134
81,79,-1.613
82,79, 0.041
81,80, 1.471
82,81, 0.935
85,81, 1.311
83,82, 0.405
84,82,-1.292
87,82, 0.078
84,83, 0.959
86,85, 0.962
87,85,-1.241
91,85, 0.508
87,86, 0.298
94,86,-1.401
90,89,-0.009
91,90,-0.294
93,92, 0.421
96,95, 0.747
 0, 0, 2.750
 1, 1, 0.848
 2, 2,-0.633
 3, 3, 0.445
 4, 4, 1.069
 5, 5, 1.605
 6, 6, 3.306
 7, 7, 1.102
 8, 8, 0.371
 9, 9, 5.000
10,10, 1.216
11,11,-0.953
12,12, 0.866
13,13,-0.770
14,14, 3.740
15,15, 0.772
16,16, 1.229
17,17,-0.310
18,18,-1.166
19,19, 3.462
20,20, 2.755
21,21, 2.844
22,22,-0.964
23,23, 2.527
24,24, 1.924
25,25, 1.996
26,26, 3.281
27,27,-0.645
28,28, 2.409
29,29, 2.600
30,30, 2.669
31,31, 4.247
32,32,-0.554
33,33, 1.744
34,34, 2.191
35,35, 4.614
36,36, 4.597
37,37, 4.818
38,38,-1.324
39,39, 2.344
40,40, 2.013
41,41, 0.625
42,42, 3.127
43,43, 0.798
44,44, 2.546
45,45, 5.000
46,46, 1.371
47,47, 1.298
48,48, 1.741
49,49, 2.437
50,50, 2.523
51,51, 1.839
52,52, 1.378
53,53, 3.470
54,54,-0.010
55,55, 3.961
56,56,-0.205
57,57, 4.075
58,58, 0.118
59,59, 2.641
60,60,-1.678
61,61,-0.393
62,62, 3.170
63,63,-0.534
64,64,-1.083
65,65,-0.322
66,66, 2.411
67,67, 4.338
68,68, 1.523
69,69, 3.669
70,70,-0.485
71,71, 1.149
72,72, 2.319
73,73, 0.535
74,74, 2.750
75,75,-0.037
76,76, 3.484
77,77, 3.570
78,78,-0.239
79,79, 0.631
80,80, 2.721
81,81, 1.865
82,82, 3.707
83,83, 1.389
84,84, 3.981
85,85, 2.586
86,86, 2.672
87,87, 0.176
88,88, 1.660
89,89, 3.372
90,90, 0.144
91,91, 1.534
92,92, 2.958
93,93, 0.891
94,94, 0.635
95,95, 2.294
96,96, 5.000
97,97, 4.642
