from,to,weight
 0, 2,-0.928
 0, 4,-0.715
 0,41,-1.313
 0,51,-0.610
 1, 3,-1.349
 1, 4,-1.290
 2, 3,-0.633
 2, 7,-1.209
 2, 9, 2.902
 2,52, 2.879
 2,60,-1.593
 2,61,-0.273
 2,65, 0.268
 3, 4, 2.057
 3, 6, 0.523
 3,11, 1.044
 4, 6,-1.091
 4,42, 2.216
 7,12,-0.207
 7,64,-1.159
 8, 9, 2.129
 8,10, 0.485
 8,14, 1.909
 9,10, 0.582
 9,11,-1.168
 9,15, 2.850
10,11, 1.248
10,13,-0.841
12,13,-0.403
12,16, 1.521
13,18,-1.654
14,19, 0.456
15,16,-0.618
15,61,-0.914
15,65, 1.981
16,17, 2.679
16,64, 0.533
17,18,-0.213
17,20, 2.969
17,86,-0.886
20,66, 1.356
20,69, 1.428
20,86, 0.497
21,27,-1.541
22,23, 0.385
22,24,-0.201
22,25,-0.638
23,24, 0.965
23,27, 1.906
25,26,-0.059
25,27,-1.132
26,27, 1.239
28,32, 1.039
30,31,-1.556
30,32,-0.488
30,47, 0.634
31,48,-1.455
32,47,-0.005
33,36, 0.696
33,39,-0.926
33,55,-0.008
34,35,-1.173
34,37,-1.598
34,43,-1.240
35,36, 0.828
35,38,-1.310
35,44, 0.382
35,50, 0.958
36,39, 1.303
37,38,-1.289
37,39,-0.156
37,40, 0.077
37,43, 0.936
38,39,-1.415
39,40, 1.852
39,53,-0.794
40,45,-0.662
40,62, 0.709
41,42,-0.800
41,48,-0.779
41,51,-1.104
42,43, 2.540
42,44, 0.520
42,49, 1.289
43,44, 1.694
43,45,-0.329
44,50,-0.616
46,47,-1.514
46,48,-0.807
46,49,-1.229
46,50,-0.746
47,48, 1.852
47,50, 1.850
48,49, 0.821
48,51, 1.254
49,50, 0.359
51,52, 0.398
52,60, 0.233
54,63,-0.822
56,57,-0.865
56,59, 2.217
58,59, 3.954
60,65, 0.837
61,64,-1.335
61,65,-0.998
62,63, 0.109
63,64, 1.813
66,69, 1.364
67,68, 1.080
67,71, 0.080
69,70, 2.004
69,71,-0.510
69,78,-0.615
69,86, 0.194
70,71, 1.861
71,73,-1.235
71,79, 0.661
73,79,-1.318
74,75,-0.622
74,76, 0.308
74,84, 1.078
75,77,-0.986
76,77, 1.468
76,81,-1.209
76,84, 1.682
77,81, 0.535
79,80, 0.392
79,81, 0.731
80,81, 0.011
82,83,-0.314
82,84, 0.766
82,85,-0.731
82,87, 0.849
83,84,-0.244
85,87,-0.761
 2, 0,-0.928
 4, 0,-0.715
41, 0,-1.313
51, 0,-0.610
 3, 1,-1.349
 4, 1,-1.290
 3, 2,-0.633
 7, 2,-1.209
 9, 2, 2.902
52, 2, 2.879
60, 2,-1.593
61, 2,-0.273
65, 2, 0.268
 4, 3, 2.057
 6, 3, 0.523
11, 3, 1.044
 6, 4,-1.091
42, 4, 2.216
12, 7,-0.207
64, 7,-1.159
 9, 8, 2.129
10, 8, 0.485
14, 8, 1.909
10, 9, 0.582
11, 9,-1.168
15, 9, 2.850
11,10, 1.248
13,10,-0.841
13,12,-0.403
16,12, 1.521
18,13,-1.654
19,14, 0.456
16,15,-0.618
61,15,-0.914
65,15, 1.981
17,16, 2.679
64,16, 0.533
18,17,-0.213
20,17, 2.969
86,17,-0.886
66,20, 1.356
69,20, 1.428
86,20, 0.497
27,21,-1.541
23,22, 0.385
24,22,-0.201
25,22,-0.638
24,23, 0.965
27,23, 1.906
26,25,-0.059
27,25,-1.132
27,26, 1.239
32,28, 1.039
31,30,-1.556
32,30,-0.488
47,30, 0.634
48,31,-1.455
47,32,-0.005
36,33, 0.696
39,33,-0.926
55,33,-0.008
35,34,-1.173
37,34,-1.598
43,34,-1.240
36,35, 0.828
38,35,-1.310
44,35, 0.382
50,35, 0.958
39,36, 1.303
38,37,-1.289
39,37,-0.156
40,37, 0.077
43,37, 0.936
39,38,-1.415
40,39, 1.852
53,39,-0.794
45,40,-0.662
62,40, 0.709
42,41,-0.800
48,41,-0.779
51,41,-1.104
43,42, 2.540
44,42, 0.520
49,42, 1.289
44,43, 1.694
45,43,-0.329
50,44,-0.616
47,46,-1.514
48,46,-0.807
49,46,-1.229
50,46,-0.746
48,47, 1.852
50,47, 1.850
49,48, 0.821
51,48, 1.254
50,49, 0.359
52,51, 0.398
60,52, 0.233
63,54,-0.822
57,56,-0.865
59,56, 2.217
59,58, 3.954
65,60, 0.837
64,61,-1.335
65,61,-0.998
63,62, 0.109
64,63, 1.813
69,66, 1.364
68,67, 1.080
71,67, 0.080
70,69, 2.004
71,69,-0.510
78,69,-0.615
86,69, 0.194
71,70, 1.861
73,71,-1.235
79,71, 0.661
79,73,-1.318
75,74,-0.622
76,74, 0.308
84,74, 1.078
77,75,-0.986
77,76, 1.468
81,76,-1.209
84,76, 1.682
81,77, 0.535
80,79, 0.392
81,79, 0.731
81,80, 0.011
83,82,-0.314
84,82, 0.766
85,82,-0.731
87,82, 0.849
84,83,-0.244
87,85,-0.761
 0, 0,-0.161
 1, 1,-1.209
 2, 2, 4.588
 3, 3, 3.058
 4, 4, 2.826
 5, 5,-0.163
 6, 6, 1.041
 7, 7,-0.007
 8, 8, 2.721
 9, 9, 4.695
10,10, 3.548
11,11, 1.042
12,12, 1.674
13,13, 1.684
14,14, 1.185
15,15, 2.717
16,16, 4.041
17,17, 4.079
18,18,-0.573
19,19, 1.594
20,20, 4.647
21,21,-1.571
22,22, 5.000
23,23, 1.081
24,24, 0.961
25,25, 0.869
26,26, 1.513
27,27, 4.757
28,28, 1.758
29,29, 3.425
30,30, 1.118
31,31,-1.527
32,32, 1.543
33,33, 1.735
34,34,-1.436
35,35, 3.902
36,36, 2.132
37,37, 0.610
38,38,-1.291
39,39, 4.761
40,40, 3.184
41,41,-0.489
42,42, 4.066
43,43, 3.747
44,44, 2.005
45,45,-0.592
46,46,-0.776
47,47, 3.513
48,48, 4.206
49,49, 1.729
50,50, 3.056
51,51, 2.652
52,52, 2.929
53,53,-1.327
54,54,-0.113
55,55, 1.649
56,56, 3.934
57,57,-1.225
58,58, 3.864
59,59, 4.331
60,60, 0.012
61,61,-0.527
62,62, 1.884
63,63, 4.528
64,64, 3.921
65,65, 4.344
66,66, 1.824
67,67, 2.356
68,68, 3.489
69,69, 5.000
70,70, 2.118
71,71, 4.399
72,72,-1.157
73,73,-0.770
74,74, 2.550
75,75,-0.417
76,76, 4.471
77,77, 2.268
78,78,-1.022
79,79, 5.000
80,80, 0.121
81,81, 3.552
82,82, 3.021
83,83,-0.729
84,84, 4.741
85,85,-0.236
86,86, 2.325
87,87, 2.585
