from,to,weight
  0,  1,-0.619
  0,  2, 0.412
  0,  9, 0.504
  0, 19, 0.630
  0, 91, 1.574
  0,111,-1.010
  1,  2,-0.962
  1,  5,-1.168
  1, 11,-0.714
  2,  3,-0.516
  2,  5,-0.124
  2, 77,-0.070
  2, 92,-0.680
  3,  5,-0.024
  3,  6,-1.154
  3, 78, 0.098
  4,  5,-1.007
  4,  6,-0.079
  4,  7,-0.081
  4,  8,-1.160
  4, 14, 1.043
  5,  6, 1.004
  5, 15, 0.923
  6,  7, 0.727
  6, 81, 0.415
  7,  8,-0.776
  7, 76,-0.615
  7, 82,-1.684
  7,106, 0.657
  8, 16,-0.829
  8, 21,-1.691
  8,107,-1.684
  9, 10,-0.369
  9, 11, 0.353
  9, 19, 0.873
 10, 11, 1.364
 10, 13, 0.872
 10, 17,-1.154
 10, 20, 1.844
 11, 13, 0.073
 11, 15, 0.951
 12, 13,-0.915
 12, 14,-1.242
 13, 14, 0.489
 13, 15, 0.235
 13, 17, 0.517
 14, 15,-0.458
 14, 16, 1.261
 16, 17,-0.598
 16, 21, 1.730
 17, 23, 0.041
 18, 19,-0.417
 18, 20,-1.152
 18, 25, 0.987
 18,110,-0.471
 19, 20,-0.667
 19,111, 1.679
 20, 23,-0.249
 20, 26, 1.000
 21, 22, 1.526
 21, 23,-0.136
 21,107, 0.832
 22, 23,-0.367
 22, 29, 0.697
 22, 31,-1.155
 22,112, 0.052
 23, 30,-0.312
 23, 32, 0.476
 24, 25, 0.959
 24, 27, 1.101
 24, 33,-0.401
 25, 26,-0.061
 25, 27,-0.968
 25, 34, 1.290
 25,110,-0.253
 26, 27,-0.318
 26, 28,-0.010
 26, 30,-1.657
 27, 28, 0.789
 28, 30,-0.437
 29, 31, 0.411
 29,141,-0.775
 30, 32,-0.077
 31, 32, 0.382
 31,132, 0.180
 31,141, 1.491
 32,118, 1.190
 32,133, 0.958
 33, 34, 0.105
 33, 36,-1.246
 34, 37,-0.956
 34,110,-0.585
 35, 36,-0.401
 36, 37,-0.628
 38, 40,-1.080
 38, 45, 1.219
 38, 58, 1.146
 39, 40,-0.328
 39, 52,-0.102
 39, 55,-0.160
 40, 46,-0.344
 40, 53, 0.051
 41, 42,-0.004
 41, 49, 0.486
 42, 43,-0.022
 42, 47,-1.048
 42, 48,-0.726
 42, 51, 0.861
 43, 44,-1.156
 43, 48,-1.066
 44, 45, 0.820
 46, 53, 0.509
 47, 54,-0.782
 49, 50, 0.762
 49, 51, 0.273
 50, 51, 0.898
 50, 52, 2.227
 51, 54, 1.683
 52, 53, 1.446
 52, 54,-0.425
 52, 55,-0.117
 53, 54, 0.583
 57, 58,-0.071
 57, 59,-0.800
 57, 64, 0.309
 58, 59, 1.354
 59, 60, 0.910
 59, 65, 0.289
 60, 61, 0.201
 60, 66, 0.003
 61, 66, 0.252
 61, 69,-1.688
 61, 71, 1.338
 64, 65, 1.004
 64, 67,-0.780
 65, 66, 0.800
 65, 67,-0.560
 66, 67,-0.370
 66, 68,-0.841
 66, 69,-1.286
 66, 98, 1.383
 67,100,-1.338
 68, 69,-0.568
 68, 98,-1.163
 69, 70, 0.425
 69, 71, 0.786
 69, 84, 0.853
 69, 98,-0.499
 70, 85,-0.007
 70, 93, 0.237
 70, 99,-0.007
 70,101,-1.181
 71, 84,-0.603
 72, 73, 0.854
 72, 79,-1.435
 72, 88, 1.016
 73, 74, 0.706
 73, 80, 0.726
 74, 75,-0.502
 74, 80, 1.098
 75, 76, 1.291
 75, 81, 0.364
 76, 82,-1.599
 76,106, 1.430
 77, 78,-0.409
 77, 86,-0.313
 77, 92,-1.159
 78, 79, 0.784
 78, 81, 0.548
 78, 87, 0.852
 79, 80, 1.177
 79, 81,-0.954
 79, 88,-0.517
 80, 81, 2.156
 81, 82,-1.590
 83, 84,-0.204
 83, 85,-1.602
 83, 86, 0.059
 84, 85,-0.366
 85, 86, 0.998
 85, 90, 0.503
 85, 93,-1.674
 86, 87,-0.088
 86, 88,-1.102
 86, 92, 0.972
 87, 88, 0.388
 88, 89,-0.177
 90, 91, 0.327
 90, 92,-0.698
 90, 93, 0.190
 90,101,-1.655
 90,102, 2.036
 91, 92, 0.694
 91,105,-0.308
 91,111, 0.009
 93,101,-1.549
 94, 95,-0.194
 94, 96,-0.017
 95, 96, 0.242
 95, 97,-0.147
 95,100,-0.281
 96, 97, 0.469
 98, 99, 0.310
 98,100, 0.353
 99,100, 0.749
 99,101,-1.332
 99,102, 1.593
100,103,-1.661
101,102,-0.989
102,103, 0.003
102,105,-0.903
104,109,-0.880
104,113,-1.453
105,111, 0.203
106,107, 1.936
108,112,-1.128
109,110,-0.515
109,111, 0.640
109,113, 0.107
110,111, 1.478
110,114,-0.676
113,114,-1.060
115,116, 0.936
115,120,-0.568
115,122, 0.930
116,117, 0.078
116,118, 0.218
116,120,-1.042
117,118,-0.882
118,119,-0.218
118,120,-0.129
118,133,-1.001
119,120,-0.084
119,134, 0.100
120,124, 1.091
121,122, 1.579
121,124, 1.346
121,129,-1.176
122,124,-0.482
123,124,-0.383
123,126,-0.808
123,134,-1.466
124,127, 2.473
126,127, 1.169
126,135, 0.314
127,128, 1.164
130,134,-0.011
130,137, 0.108
131,132,-0.056
132,133, 0.854
132,134,-0.642
132,141, 0.936
133,134, 1.718
134,135, 1.738
134,139, 2.768
135,139, 0.016
136,137,-0.027
136,140,-0.779
137,138, 1.693
137,139, 0.525
137,140, 0.095
141,142,-0.225
  1,  0,-0.619
  2,  0, 0.412
  9,  0, 0.504
 19,  0, 0.630
 91,  0, 1.574
111,  0,-1.010
  2,  1,-0.962
  5,  1,-1.168
 11,  1,-0.714
  3,  2,-0.516
  5,  2,-0.124
 77,  2,-0.070
 92,  2,-0.680
  5,  3,-0.024
  6,  3,-1.154
 78,  3, 0.098
  5,  4,-1.007
  6,  4,-0.079
  7,  4,-0.081
  8,  4,-1.160
 14,  4, 1.043
  6,  5, 1.004
 15,  5, 0.923
  7,  6, 0.727
 81,  6, 0.415
  8,  7,-0.776
 76,  7,-0.615
 82,  7,-1.684
106,  7, 0.657
 16,  8,-0.829
 21,  8,-1.691
107,  8,-1.684
 10,  9,-0.369
 11,  9, 0.353
 19,  9, 0.873
 11, 10, 1.364
 13, 10, 0.872
 17, 10,-1.154
 20, 10, 1.844
 13, 11, 0.073
 15, 11, 0.951
 13, 12,-0.915
 14, 12,-1.242
 14, 13, 0.489
 15, 13, 0.235
 17, 13, 0.517
 15, 14,-0.458
 16, 14, 1.261
 17, 16,-0.598
 21, 16, 1.730
 23, 17, 0.041
 19, 18,-0.417
 20, 18,-1.152
 25, 18, 0.987
110, 18,-0.471
 20, 19,-0.667
111, 19, 1.679
 23, 20,-0.249
 26, 20, 1.000
 22, 21, 1.526
 23, 21,-0.136
107, 21, 0.832
 23, 22,-0.367
 29, 22, 0.697
 31, 22,-1.155
112, 22, 0.052
 30, 23,-0.312
 32, 23, 0.476
 25, 24, 0.959
 27, 24, 1.101
 33, 24,-0.401
 26, 25,-0.061
 27, 25,-0.968
 34, 25, 1.290
110, 25,-0.253
 27, 26,-0.318
 28, 26,-0.010
 30, 26,-1.657
 28, 27, 0.789
 30, 28,-0.437
 31, 29, 0.411
141, 29,-0.775
 32, 30,-0.077
 32, 31, 0.382
132, 31, 0.180
141, 31, 1.491
118, 32, 1.190
133, 32, 0.958
 34, 33, 0.105
 36, 33,-1.246
 37, 34,-0.956
110, 34,-0.585
 36, 35,-0.401
 37, 36,-0.628
 40, 38,-1.080
 45, 38, 1.219
 58, 38, 1.146
 40, 39,-0.328
 52, 39,-0.102
 55, 39,-0.160
 46, 40,-0.344
 53, 40, 0.051
 42, 41,-0.004
 49, 41, 0.486
 43, 42,-0.022
 47, 42,-1.048
 48, 42,-0.726
 51, 42, 0.861
 44, 43,-1.156
 48, 43,-1.066
 45, 44, 0.820
 53, 46, 0.509
 54, 47,-0.782
 50, 49, 0.762
 51, 49, 0.273
 51, 50, 0.898
 52, 50, 2.227
 54, 51, 1.683
 53, 52, 1.446
 54, 52,-0.425
 55, 52,-0.117
 54, 53, 0.583
 58, 57,-0.071
 59, 57,-0.800
 64, 57, 0.309
 59, 58, 1.354
 60, 59, 0.910
 65, 59, 0.289
 61, 60, 0.201
 66, 60, 0.003
 66, 61, 0.252
 69, 61,-1.688
 71, 61, 1.338
 65, 64, 1.004
 67, 64,-0.780
 66, 65, 0.800
 67, 65,-0.560
 67, 66,-0.370
 68, 66,-0.841
 69, 66,-1.286
 98, 66, 1.383
100, 67,-1.338
 69, 68,-0.568
 98, 68,-1.163
 70, 69, 0.425
 71, 69, 0.786
 84, 69, 0.853
 98, 69,-0.499
 85, 70,-0.007
 93, 70, 0.237
 99, 70,-0.007
101, 70,-1.181
 84, 71,-0.603
 73, 72, 0.854
 79, 72,-1.435
 88, 72, 1.016
 74, 73, 0.706
 80, 73, 0.726
 75, 74,-0.502
 80, 74, 1.098
 76, 75, 1.291
 81, 75, 0.364
 82, 76,-1.599
106, 76, 1.430
 78, 77,-0.409
 86, 77,-0.313
 92, 77,-1.159
 79, 78, 0.784
 81, 78, 0.548
 87, 78, 0.852
 80, 79, 1.177
 81, 79,-0.954
 88, 79,-0.517
 81, 80, 2.156
 82, 81,-1.590
 84, 83,-0.204
 85, 83,-1.602
 86, 83, 0.059
 85, 84,-0.366
 86, 85, 0.998
 90, 85, 0.503
 93, 85,-1.674
 87, 86,-0.088
 88, 86,-1.102
 92, 86, 0.972
 88, 87, 0.388
 89, 88,-0.177
 91, 90, 0.327
 92, 90,-0.698
 93, 90, 0.190
101, 90,-1.655
102, 90, 2.036
 92, 91, 0.694
105, 91,-0.308
111, 91, 0.009
101, 93,-1.549
 95, 94,-0.194
 96, 94,-0.017
 96, 95, 0.242
 97, 95,-0.147
100, 95,-0.281
 97, 96, 0.469
 99, 98, 0.310
100, 98, 0.353
100, 99, 0.749
101, 99,-1.332
102, 99, 1.593
103,100,-1.661
102,101,-0.989
103,102, 0.003
105,102,-0.903
109,104,-0.880
113,104,-1.453
111,105, 0.203
107,106, 1.936
112,108,-1.128
110,109,-0.515
111,109, 0.640
113,109, 0.107
111,110, 1.478
114,110,-0.676
114,113,-1.060
116,115, 0.936
120,115,-0.568
122,115, 0.930
117,116, 0.078
118,116, 0.218
120,116,-1.042
118,117,-0.882
119,118,-0.218
120,118,-0.129
133,118,-1.001
120,119,-0.084
134,119, 0.100
124,120, 1.091
122,121, 1.579
124,121, 1.346
129,121,-1.176
124,122,-0.482
124,123,-0.383
126,123,-0.808
134,123,-1.466
127,124, 2.473
127,126, 1.169
135,126, 0.314
128,127, 1.164
134,130,-0.011
137,130, 0.108
132,131,-0.056
133,132, 0.854
134,132,-0.642
141,132, 0.936
134,133, 1.718
135,134, 1.738
139,134, 2.768
139,135, 0.016
137,136,-0.027
140,136,-0.779
138,137, 1.693
139,137, 0.525
140,137, 0.095
142,141,-0.225
  0,  0, 3.619
  1,  1,-0.282
  2,  2, 1.646
  3,  3, 0.461
  4,  4, 1.503
  5,  5, 2.458
  6,  6, 2.303
  7,  7, 1.933
  8,  8,-0.537
  9,  9, 1.646
 10, 10, 2.762
 11, 11, 2.751
 12, 12,-0.928
 13, 13, 3.433
 14, 14, 3.064
 15, 15, 2.015
 16, 16, 1.274
 17, 17, 1.655
 18, 18,-0.046
 19, 19, 2.252
 20, 20, 1.664
 21, 21, 3.677
 22, 22, 2.940
 23, 23, 2.667
 24, 24, 2.034
 25, 25, 3.705
 26, 26, 1.042
 27, 27, 1.822
 28, 28, 1.935
 29, 29, 0.848
 30, 30, 0.005
 31, 31, 2.394
 32, 32, 3.726
 33, 33, 0.866
 34, 34, 2.279
 35, 35, 1.028
 36, 36, 0.159
 37, 37,-0.041
 38, 38, 1.719
 39, 39, 0.493
 40, 40, 3.058
 41, 41, 2.911
 42, 42, 2.795
 43, 43, 0.186
 44, 44, 1.128
 45, 45, 3.931
 46, 46, 0.845
 47, 47,-0.646
 48, 48, 0.234
 49, 49, 2.627
 50, 50, 5.000
 51, 51, 3.207
 52, 52, 3.810
 53, 53, 2.455
 54, 54, 2.415
 55, 55, 3.785
 56, 56,-0.605
 57, 57, 2.334
 58, 58, 1.994
 59, 59, 2.346
 60, 60, 1.623
 61, 61, 1.975
 62, 62, 0.764
 63, 63, 2.202
 64, 64, 3.110
 65, 65, 2.079
 66, 66, 3.331
 67, 67, 0.959
 68, 68,-0.979
 69, 69, 2.781
 70, 70, 1.831
 71, 71, 1.631
 72, 72, 2.669
 73, 73, 3.229
 74, 74, 3.313
 75, 75, 0.019
 76, 76, 3.086
 77, 77, 0.461
 78, 78, 2.897
 79, 79, 0.853
 80, 80, 3.727
 81, 81, 3.061
 82, 82,-1.649
 83, 83, 0.550
 84, 84, 2.069
 85, 85, 1.697
 86, 86, 4.011
 87, 87, 0.717
 88, 88, 4.283
 89, 89,-0.471
 90, 90, 2.616
 91, 91, 2.778
 92, 92, 0.878
 93, 93,-0.821
 94, 94, 0.702
 95, 95, 4.210
 96, 96, 1.513
 97, 97, 3.435
 98, 98, 2.428
 99, 99, 2.063
100,100, 3.502
101,101,-0.976
102,102, 3.201
103,103,-0.390
104,104,-0.991
105,105,-0.274
106,106, 3.173
107,107, 3.094
108,108,-0.083
109,109, 1.597
110,110, 2.758
111,111, 4.127
112,112, 0.921
113,113, 1.528
114,114,-0.568
115,115, 2.798
116,116, 1.373
117,117, 0.270
118,118, 2.706
119,119, 0.294
120,120, 1.737
121,121, 3.657
122,122, 3.202
123,123, 0.183
124,124, 4.088
125,125,-0.372
126,126, 2.471
127,127, 4.535
128,128, 0.777
129,129, 0.929
130,130, 1.835
131,131, 0.234
132,132, 5.000
133,133, 2.165
134,134, 5.000
135,135, 2.701
136,136, 0.022
137,137, 4.924
138,138, 3.735
139,139, 3.995
140,140, 2.031
141,141, 5.000
142,142,-0.695
