from,to,weight
 0, 1, 0.458
 0, 2, 1.105
 0,21, 0.897
 0,23, 1.771
 0,25,-1.568
 1, 2,-0.530
 1, 8, 0.540
 1,22,-1.110
 2, 3, 0.167
 2, 9,-1.037
 3, 4,-0.167
 3, 9,-0.441
 4,11, 0.895
 5, 6, 1.159
 5,12,-0.579
 5,15,-0.307
 6, 7, 0.366
 6, 8, 1.099
 6,10, 0.981
 6,12,-0.567
 6,17,-0.371
 7, 8,-1.129
 7,18,-1.490
 7,19, 0.203
 8, 9,-0.148
 8,10,-0.132
 8,22,-0.143
 9,11,-1.037
10,11, 2.264
10,12, 1.617
11,12,-0.864
12,13, 0.995
14,15, 0.928
17,18,-0.789
18,19,-0.363
19,20, 1.232
19,21,-1.379
19,22,-0.176
20,21, 1.907
20,24, 0.951
20,37,-0.745
20,43, 2.369
21,22, 0.274
21,23,-1.484
21,25,-0.241
23,25, 3.026
24,25, 0.844
24,26, 0.309
24,28, 0.563
25,26, 0.150
25,27, 0.530
26,27, 1.025
26,29,-1.266
28,29,-0.181
28,37, 0.452
29,30, 0.580
29,38,-0.368
30,31,-0.572
30,39,-0.056
31,41,-0.122
33,41, 0.922
33,44,-0.146
34,35,-0.820
34,38, 0.225
34,40,-0.993
34,41,-0.867
34,49,-0.625
35,36,-0.845
35,38,-0.886
35,50,-1.046
36,37,-0.174
36,38,-0.631
36,42,-0.253
36,51, 0.001
37,38, 1.596
37,43, 1.425
39,40,-1.603
39,41, 0.791
40,41,-0.513
41,44,-1.549
41,46, 1.636
41,52,-0.383
42,43, 1.175
42,51, 0.172
42,53, 1.359
44,46, 0.396
45,48,-0.124
46,47,-1.177
46,48, 3.232
46,52,-1.069
46,57, 2.189
47,48,-0.460
47,58,-0.122
47,59,-0.936
49,50,-0.341
50,51, 0.342
51,53, 1.246
52,57,-1.115
54,55,-1.033
54,56,-0.353
54,57,-0.300
56,57, 0.043
57,58, 1.724
58,59, 0.614
59,60, 0.606
60,61,-0.682
 1, 0, 0.458
 2, 0, 1.105
21, 0, 0.897
23, 0, 1.771
25, 0,-1.568
 2, 1,-0.530
 8, 1, 0.540
22, 1,-1.110
 3, 2, 0.167
 9, 2,-1.037
 4, 3,-0.167
 9, 3,-0.441
11, 4, 0.895
 6, 5, 1.159
12, 5,-0.579
15, 5,-0.307
 7, 6, 0.366
 8, 6, 1.099
10, 6, 0.981
12, 6,-0.567
17, 6,-0.371
 8, 7,-1.129
18, 7,-1.490
19, 7, 0.203
 9, 8,-0.148
10, 8,-0.132
22, 8,-0.143
11, 9,-1.037
11,10, 2.264
12,10, 1.617
12,11,-0.864
13,12, 0.995
15,14, 0.928
18,17,-0.789
19,18,-0.363
20,19, 1.232
21,19,-1.379
22,19,-0.176
21,20, 1.907
24,20, 0.951
37,20,-0.745
43,20, 2.369
22,21, 0.274
23,21,-1.484
25,21,-0.241
25,23, 3.026
25,24, 0.844
26,24, 0.309
28,24, 0.563
26,25, 0.150
27,25, 0.530
27,26, 1.025
29,26,-1.266
29,28,-0.181
37,28, 0.452
30,29, 0.580
38,29,-0.368
31,30,-0.572
39,30,-0.056
41,31,-0.122
41,33, 0.922
44,33,-0.146
35,34,-0.820
38,34, 0.225
40,34,-0.993
41,34,-0.867
49,34,-0.625
36,35,-0.845
38,35,-0.886
50,35,-1.046
37,36,-0.174
38,36,-0.631
42,36,-0.253
51,36, 0.001
38,37, 1.596
43,37, 1.425
40,39,-1.603
41,39, 0.791
41,40,-0.513
44,41,-1.549
46,41, 1.636
52,41,-0.383
43,42, 1.175
51,42, 0.172
53,42, 1.359
46,44, 0.396
48,45,-0.124
47,46,-1.177
48,46, 3.232
52,46,-1.069
57,46, 2.189
48,47,-0.460
58,47,-0.122
59,47,-0.936
50,49,-0.341
51,50, 0.342
53,51, 1.246
57,52,-1.115
55,54,-1.033
56,54,-0.353
57,54,-0.300
57,56, 0.043
58,57, 1.724
59,58, 0.614
60,59, 0.606
61,60,-0.682
 0, 0, 5.000
 1, 1, 0.871
 2, 2, 1.704
 3, 3, 0.245
 4, 4, 3.728
 5, 5, 1.155
 6, 6, 4.478
 7, 7,-0.533
 8, 8, 3.115
 9, 9, 0.831
10,10, 3.936
11,11, 3.574
12,12, 4.482
13,13, 2.732
14,14, 2.349
15,15, 1.595
16,16,-1.425
17,17,-0.404
18,18, 0.183
19,19, 2.207
20,20, 4.146
21,21, 2.569
22,22, 0.860
23,23, 1.763
24,24, 2.568
25,25, 5.000
26,26, 1.524
27,27, 1.928
28,28, 0.662
29,29, 1.280
30,30, 5.000
31,31,-0.344
32,32,-0.732
33,33, 0.322
34,34, 1.328
35,35,-0.303
36,36, 1.297
37,37, 3.305
38,38, 3.104
39,39, 0.918
40,40,-0.770
41,41, 4.575
42,42, 2.847
43,43, 2.651
44,44, 0.948
45,45, 2.816
46,46, 5.000
47,47, 0.935
48,48, 3.626
49,49, 0.189
50,50, 1.764
51,51, 3.079
52,52,-0.175
53,53, 4.514
54,54, 1.516
55,55,-0.333
56,56,-0.620
57,57, 4.781
58,58, 1.967
59,59, 2.936
60,60, 2.085
61,61,-0.273
