from,to,weight
  0,  1,-0.417
  0,  2,-0.124
  0, 10, 0.988
  0, 20, 0.022
  0, 75,-0.926
  0, 90, 2.258
  0,107,-1.166
  1,  2,-1.424
  1,  5,-0.831
  1, 12,-0.917
  2,  3,-0.878
  2,  5,-0.187
  2, 76,-0.354
  3,  5,-0.769
  3,  6,-0.982
  3, 77,-0.462
  4,  5,-0.921
  4,  6,-0.587
  4,  7,-0.133
  4,  8,-0.582
  4, 15, 0.415
  5,  6, 0.691
  5, 16, 0.312
  6,  7, 0.409
  6, 80, 0.127
  7,  8,-0.113
  7, 74,-0.535
  7, 81,-0.715
  7,102,-0.014
  8, 17, 0.306
  8, 22,-0.899
  8,103,-0.333
  9, 10,-1.652
  9, 11,-1.262
  9, 19,-1.276
 10, 11, 0.502
 10, 12,-0.060
 10, 20, 0.713
 11, 12, 1.050
 11, 14, 0.733
 11, 18,-0.341
 11, 21, 0.438
 12, 14,-0.226
 12, 16, 0.579
 13, 14,-1.228
 13, 15,-1.537
 14, 15, 0.434
 14, 16,-0.218
 14, 18, 0.494
 15, 16,-0.093
 15, 17, 0.878
 17, 18, 0.292
 17, 22, 1.687
 18, 24, 0.036
 19, 20,-0.363
 19, 21,-1.072
 19, 26, 0.488
 19,106,-0.452
 20,107, 0.452
 21, 24,-0.155
 21, 27, 0.570
 22, 23, 2.172
 22, 24,-0.870
 22,103, 0.127
 23, 24, 0.094
 23, 29, 0.783
 23, 31,-0.556
 23,104,-0.607
 23,108, 0.119
 24, 30,-0.641
 24, 32, 0.602
 25, 26, 0.612
 25, 27,-0.096
 25, 28,-0.749
 25, 33,-0.819
 26, 27, 0.331
 26, 34, 0.201
 26,106,-0.046
 27, 28,-0.207
 27, 30,-0.959
 29, 31, 0.951
 29, 35,-1.478
 30, 32,-0.589
 31, 32,-0.043
 31, 35,-0.775
 31,123, 0.123
 31,130, 1.622
 32,113, 0.570
 32,124, 0.938
 33, 34,-0.724
 35,130,-1.252
 37, 38,-0.367
 37, 40,-1.120
 37, 45, 1.947
 37, 60, 0.969
 38, 61,-1.260
 39, 40,-0.431
 39, 53,-0.522
 39, 56,-0.416
 40, 46, 0.019
 40, 54, 0.414
 40, 57,-0.348
 41, 42,-0.311
 41, 49,-1.339
 42, 43, 0.032
 42, 47,-0.702
 42, 48,-0.457
 42, 52, 0.791
 43, 44,-0.658
 43, 48,-0.389
 44, 45, 1.252
 44, 48,-0.614
 45, 46,-1.252
 46, 47,-1.357
 46, 54, 1.177
 47, 48,-0.737
 47, 55,-0.111
 49, 50,-0.171
 49, 52,-0.005
 50, 51,-1.293
 50, 52, 1.084
 50, 53,-0.132
 51, 52,-1.448
 52, 55, 1.903
 53, 54, 2.193
 53, 55,-0.137
 53, 56, 0.650
 54, 55, 0.920
 59, 60,-0.501
 59, 61,-0.300
 59, 65, 0.037
 60, 61, 1.181
 61, 62, 1.173
 61, 66, 0.024
 62, 63, 0.822
 62, 67, 0.580
 63, 67, 0.088
 63, 69,-1.503
 63, 71, 1.242
 65, 66, 0.175
 65, 68,-0.015
 66, 67, 0.404
 66, 68,-0.349
 67, 68, 0.187
 67, 69,-0.579
 67, 95, 1.213
 68, 97,-1.128
 69, 70, 0.532
 69, 71, 0.397
 69, 82, 0.239
 69, 95,-0.451
 70, 83, 0.410
 70, 89,-0.475
 70, 96, 0.436
 71, 82,-0.718
 72, 73, 0.126
 72, 79, 0.832
 72, 88,-0.952
 73, 74,-1.442
 73, 79, 0.924
 74, 81, 1.256
 74,102, 1.159
 75, 76,-0.977
 75, 90,-1.687
 76, 77,-0.398
 76, 85, 0.236
 76, 91,-1.555
 77, 78,-1.013
 77, 79,-0.343
 77, 80, 0.872
 77, 86, 1.083
 78, 79,-0.878
 78, 87,-1.142
 79, 80, 2.438
 79, 81,-1.522
 79, 88,-1.290
 80, 81, 0.852
 82, 83,-0.432
 82, 87, 1.134
 83, 84,-1.524
 83, 85, 1.212
 83, 87,-1.660
 83, 89, 0.842
 84, 85,-0.491
 84, 90,-0.483
 85, 86,-0.131
 85, 87, 1.214
 85, 91,-0.477
 86, 87, 0.865
 87, 88,-0.427
 89, 90, 0.783
 89, 98, 1.519
 90, 91,-0.490
 90,101,-0.245
 90,107,-0.151
 92, 93, 0.822
 92, 94,-0.115
 92, 97, 0.345
 93, 94, 0.187
 95, 96, 0.153
 95, 97, 0.052
 96, 97, 0.447
 96, 98, 1.651
 98, 99,-1.234
 98,101,-1.020
100,105,-0.430
100,109,-1.526
101,107,-0.156
102,103, 1.301
104,108,-0.688
105,106,-0.060
105,107, 0.147
105,109, 0.011
106,107, 1.303
106,110,-1.337
111,112, 0.605
111,115,-0.131
111,117, 0.160
112,113, 0.103
112,115,-1.356
113,114,-0.246
113,115,-0.451
113,124,-0.669
114,115,-0.548
114,125,-0.235
115,119, 0.947
116,117, 1.236
116,119, 0.813
117,119,-0.744
118,119,-0.711
118,120,-0.625
119,121, 2.019
120,121, 1.166
120,126,-0.879
122,125,-0.675
122,127,-0.512
123,124, 0.094
123,125,-0.275
123,130, 0.692
124,125, 1.456
125,126, 0.839
125,129, 1.979
126,129,-0.771
127,128, 0.046
127,129,-0.163
  1,  0,-0.417
  2,  0,-0.124
 10,  0, 0.988
 20,  0, 0.022
 75,  0,-0.926
 90,  0, 2.258
107,  0,-1.166
  2,  1,-1.424
  5,  1,-0.831
 12,  1,-0.917
  3,  2,-0.878
  5,  2,-0.187
 76,  2,-0.354
  5,  3,-0.769
  6,  3,-0.982
 77,  3,-0.462
  5,  4,-0.921
  6,  4,-0.587
  7,  4,-0.133
  8,  4,-0.582
 15,  4, 0.415
  6,  5, 0.691
 16,  5, 0.312
  7,  6, 0.409
 80,  6, 0.127
  8,  7,-0.113
 74,  7,-0.535
 81,  7,-0.715
102,  7,-0.014
 17,  8, 0.306
 22,  8,-0.899
103,  8,-0.333
 10,  9,-1.652
 11,  9,-1.262
 19,  9,-1.276
 11, 10, 0.502
 12, 10,-0.060
 20, 10, 0.713
 12, 11, 1.050
 14, 11, 0.733
 18, 11,-0.341
 21, 11, 0.438
 14, 12,-0.226
 16, 12, 0.579
 14, 13,-1.228
 15, 13,-1.537
 15, 14, 0.434
 16, 14,-0.218
 18, 14, 0.494
 16, 15,-0.093
 17, 15, 0.878
 18, 17, 0.292
 22, 17, 1.687
 24, 18, 0.036
 20, 19,-0.363
 21, 19,-1.072
 26, 19, 0.488
106, 19,-0.452
107, 20, 0.452
 24, 21,-0.155
 27, 21, 0.570
 23, 22, 2.172
 24, 22,-0.870
103, 22, 0.127
 24, 23, 0.094
 29, 23, 0.783
 31, 23,-0.556
104, 23,-0.607
108, 23, 0.119
 30, 24,-0.641
 32, 24, 0.602
 26, 25, 0.612
 27, 25,-0.096
 28, 25,-0.749
 33, 25,-0.819
 27, 26, 0.331
 34, 26, 0.201
106, 26,-0.046
 28, 27,-0.207
 30, 27,-0.959
 31, 29, 0.951
 35, 29,-1.478
 32, 30,-0.589
 32, 31,-0.043
 35, 31,-0.775
123, 31, 0.123
130, 31, 1.622
113, 32, 0.570
124, 32, 0.938
 34, 33,-0.724
130, 35,-1.252
 38, 37,-0.367
 40, 37,-1.120
 45, 37, 1.947
 60, 37, 0.969
 61, 38,-1.260
 40, 39,-0.431
 53, 39,-0.522
 56, 39,-0.416
 46, 40, 0.019
 54, 40, 0.414
 57, 40,-0.348
 42, 41,-0.311
 49, 41,-1.339
 43, 42, 0.032
 47, 42,-0.702
 48, 42,-0.457
 52, 42, 0.791
 44, 43,-0.658
 48, 43,-0.389
 45, 44, 1.252
 48, 44,-0.614
 46, 45,-1.252
 47, 46,-1.357
 54, 46, 1.177
 48, 47,-0.737
 55, 47,-0.111
 50, 49,-0.171
 52, 49,-0.005
 51, 50,-1.293
 52, 50, 1.084
 53, 50,-0.132
 52, 51,-1.448
 55, 52, 1.903
 54, 53, 2.193
 55, 53,-0.137
 56, 53, 0.650
 55, 54, 0.920
 60, 59,-0.501
 61, 59,-0.300
 65, 59, 0.037
 61, 60, 1.181
 62, 61, 1.173
 66, 61, 0.024
 63, 62, 0.822
 67, 62, 0.580
 67, 63, 0.088
 69, 63,-1.503
 71, 63, 1.242
 66, 65, 0.175
 68, 65,-0.015
 67, 66, 0.404
 68, 66,-0.349
 68, 67, 0.187
 69, 67,-0.579
 95, 67, 1.213
 97, 68,-1.128
 70, 69, 0.532
 71, 69, 0.397
 82, 69, 0.239
 95, 69,-0.451
 83, 70, 0.410
 89, 70,-0.475
 96, 70, 0.436
 82, 71,-0.718
 73, 72, 0.126
 79, 72, 0.832
 88, 72,-0.952
 74, 73,-1.442
 79, 73, 0.924
 81, 74, 1.256
102, 74, 1.159
 76, 75,-0.977
 90, 75,-1.687
 77, 76,-0.398
 85, 76, 0.236
 91, 76,-1.555
 78, 77,-1.013
 79, 77,-0.343
 80, 77, 0.872
 86, 77, 1.083
 79, 78,-0.878
 87, 78,-1.142
 80, 79, 2.438
 81, 79,-1.522
 88, 79,-1.290
 81, 80, 0.852
 83, 82,-0.432
 87, 82, 1.134
 84, 83,-1.524
 85, 83, 1.212
 87, 83,-1.660
 89, 83, 0.842
 85, 84,-0.491
 90, 84,-0.483
 86, 85,-0.131
 87, 85, 1.214
 91, 85,-0.477
 87, 86, 0.865
 88, 87,-0.427
 90, 89, 0.783
 98, 89, 1.519
 91, 90,-0.490
101, 90,-0.245
107, 90,-0.151
 93, 92, 0.822
 94, 92,-0.115
 97, 92, 0.345
 94, 93, 0.187
 96, 95, 0.153
 97, 95, 0.052
 97, 96, 0.447
 98, 96, 1.651
 99, 98,-1.234
101, 98,-1.020
105,100,-0.430
109,100,-1.526
107,101,-0.156
103,102, 1.301
108,104,-0.688
106,105,-0.060
107,105, 0.147
109,105, 0.011
107,106, 1.303
110,106,-1.337
112,111, 0.605
115,111,-0.131
117,111, 0.160
113,112, 0.103
115,112,-1.356
114,113,-0.246
115,113,-0.451
124,113,-0.669
115,114,-0.548
125,114,-0.235
119,115, 0.947
117,116, 1.236
119,116, 0.813
119,117,-0.744
119,118,-0.711
120,118,-0.625
121,119, 2.019
121,120, 1.166
126,120,-0.879
125,122,-0.675
127,122,-0.512
124,123, 0.094
125,123,-0.275
130,123, 0.692
125,124, 1.456
126,125, 0.839
129,125, 1.979
129,126,-0.771
128,127, 0.046
129,127,-0.163
  0,  0, 3.725
  1,  1,-0.299
  2,  2, 0.681
  3,  3,-0.095
  4,  4, 1.387
  5,  5, 2.128
  6,  6, 1.879
  7,  7, 2.524
  8,  8, 1.104
  9,  9,-1.442
 10, 10, 2.046
 11, 11, 3.246
 12, 12, 2.045
 13, 13,-1.257
 14, 14, 2.991
 15, 15, 2.926
 16, 16, 1.645
 17, 17, 2.273
 18, 18, 2.708
 19, 19, 0.463
 20, 20, 1.168
 21, 21, 0.943
 22, 22, 2.762
 23, 23, 3.976
 24, 24, 2.546
 25, 25, 2.035
 26, 26, 3.275
 27, 27, 2.714
 28, 28, 0.187
 29, 29, 0.918
 30, 30,-0.131
 31, 31, 3.175
 32, 32, 3.135
 33, 33,-0.109
 34, 34, 0.767
 35, 35,-0.750
 36, 36,-1.286
 37, 37, 1.866
 38, 38,-0.423
 39, 39,-0.049
 40, 40, 3.878
 41, 41, 1.198
 42, 42, 2.755
 43, 43, 0.437
 44, 44, 1.491
 45, 45, 4.366
 46, 46, 1.661
 47, 47, 0.251
 48, 48, 1.833
 49, 49, 1.048
 50, 50, 5.000
 51, 51,-1.380
 52, 52, 3.356
 53, 53, 5.000
 54, 54, 3.095
 55, 55, 3.101
 56, 56, 3.722
 57, 57,-0.365
 58, 58, 0.414
 59, 59, 2.271
 60, 60, 1.134
 61, 61, 2.608
 62, 62, 2.516
 63, 63, 2.495
 64, 64,-0.377
 65, 65, 2.282
 66, 66, 1.617
 67, 67, 3.488
 68, 68, 2.199
 69, 69, 2.190
 70, 70, 1.983
 71, 71, 1.328
 72, 72, 3.471
 73, 73, 1.715
 74, 74, 3.323
 75, 75,-1.297
 76, 76, 0.635
 77, 77, 2.713
 78, 78,-0.939
 79, 79, 3.878
 80, 80, 3.034
 81, 81, 0.663
 82, 82, 1.550
 83, 83, 2.163
 84, 84,-1.024
 85, 85, 3.494
 86, 86, 1.210
 87, 87, 4.600
 88, 88,-0.590
 89, 89, 2.033
 90, 90, 3.179
 91, 91,-1.051
 92, 92, 4.134
 93, 93, 0.876
 94, 94, 3.705
 95, 95, 1.926
 96, 96, 2.327
 97, 97, 2.451
 98, 98, 2.681
 99, 99,-1.452
100,100,-0.606
101,101, 0.051
102,102, 1.926
103,103, 3.261
104,104, 1.092
105,105, 1.517
106,106, 3.028
107,107, 3.292
108,108, 0.548
109,109, 0.761
110,110,-1.528
111,111, 2.816
112,112, 0.527
113,113, 2.403
114,114, 0.355
115,115, 1.707
116,116, 3.091
117,117, 2.747
118,118, 0.044
119,119, 3.737
120,120, 3.069
121,121, 3.894
122,122, 1.376
123,123, 4.203
124,124, 1.771
125,125, 5.000
126,126, 1.580
127,127, 4.591
128,128, 1.562
129,129, 3.430
130,130, 5.000
