from,to,weight
 0, 1, 0.988
 0, 2, 0.158
 0,31, 1.132
 0,34, 0.684
 1, 3, 1.129
 1,35,-0.468
 1,47, 0.074
 3, 4, 0.496
 3, 5,-0.861
 3, 8,-1.037
 3,47, 0.131
 4, 5, 1.243
 4, 9, 0.940
 8, 9,-1.077
 8,10,-1.284
 8,47,-0.621
 9,13, 2.238
10,13,-1.385
10,47,-1.631
11,13,-0.396
11,16,-1.316
12,13, 1.281
12,17,-0.208
12,51, 0.417
13,18,-1.252
13,52,-0.646
14,15,-0.089
14,75,-0.837
15,53, 1.466
15,72,-0.880
15,76, 1.567
16,17, 0.217
16,18,-1.584
16,22,-0.320
17,18,-1.295
17,21,-0.181
17,26,-0.604
17,51, 0.456
19,20, 0.110
19,24, 0.582
20,21,-0.254
20,25,-1.004
21,26,-0.397
22,23, 0.878
22,25,-0.541
22,26,-0.480
23,24, 0.773
23,25,-1.481
24,25,-0.115
25,26,-0.037
29,30, 0.193
31,33, 0.966
31,34,-1.344
32,33, 0.795
33,34, 2.100
34,35,-0.017
34,36,-0.622
34,44,-0.140
35,36,-0.446
35,45,-1.590
35,47,-0.272
36,46, 0.405
37,38,-0.721
37,39,-0.033
37,40, 0.530
38,39,-1.177
38,42,-0.945
39,40, 0.482
39,41,-0.324
39,43, 1.014
39,46, 1.038
40,41, 1.167
41,48,-0.970
42,43, 1.451
43,46, 0.787
44,46,-0.271
45,46,-0.632
45,47,-0.637
51,52,-0.630
53,54, 0.935
53,58, 0.356
53,72, 1.223
54,58, 1.052
54,72,-1.321
54,76,-1.039
54,77, 0.920
55,60,-1.085
55,64,-1.261
56,57,-0.806
56,58, 0.375
56,65, 1.015
56,74,-1.635
57,58,-1.267
57,75,-0.817
58,59, 1.499
58,60, 0.416
58,76, 1.054
59,60, 0.823
60,67,-0.146
60,71, 0.668
61,62, 0.825
61,63,-1.407
61,65, 0.037
61,66,-1.327
61,73,-0.849
62,63, 0.231
62,64, 0.306
63,64, 0.790
63,65, 0.026
64,65,-0.584
64,67, 0.248
64,68, 2.318
64,69,-1.158
64,70, 0.007
65,66,-1.272
65,74,-1.635
66,75,-1.020
67,71,-0.370
68,69, 1.364
69,70,-1.685
70,71,-0.796
72,76, 0.795
72,77,-0.939
73,75,-0.647
74,75,-1.587
75,76, 1.774
76,77, 1.103
 1, 0, 0.988
 2, 0, 0.158
31, 0, 1.132
34, 0, 0.684
 3, 1, 1.129
35, 1,-0.468
47, 1, 0.074
 4, 3, 0.496
 5, 3,-0.861
 8, 3,-1.037
47, 3, 0.131
 5, 4, 1.243
 9, 4, 0.940
 9, 8,-1.077
10, 8,-1.284
47, 8,-0.621
13, 9, 2.238
13,10,-1.385
47,10,-1.631
13,11,-0.396
16,11,-1.316
13,12, 1.281
17,12,-0.208
51,12, 0.417
18,13,-1.252
52,13,-0.646
15,14,-0.089
75,14,-0.837
53,15, 1.466
72,15,-0.880
76,15, 1.567
17,16, 0.217
18,16,-1.584
22,16,-0.320
18,17,-1.295
21,17,-0.181
26,17,-0.604
51,17, 0.456
20,19, 0.110
24,19, 0.582
21,20,-0.254
25,20,-1.004
26,21,-0.397
23,22, 0.878
25,22,-0.541
26,22,-0.480
24,23, 0.773
25,23,-1.481
25,24,-0.115
26,25,-0.037
30,29, 0.193
33,31, 0.966
34,31,-1.344
33,32, 0.795
34,33, 2.100
35,34,-0.017
36,34,-0.622
44,34,-0.140
36,35,-0.446
45,35,-1.590
47,35,-0.272
46,36, 0.405
38,37,-0.721
39,37,-0.033
40,37, 0.530
39,38,-1.177
42,38,-0.945
40,39, 0.482
41,39,-0.324
43,39, 1.014
46,39, 1.038
41,40, 1.167
48,41,-0.970
43,42, 1.451
46,43, 0.787
46,44,-0.271
46,45,-0.632
47,45,-0.637
52,51,-0.630
54,53, 0.935
58,53, 0.356
72,53, 1.223
58,54, 1.052
72,54,-1.321
76,54,-1.039
77,54, 0.920
60,55,-1.085
64,55,-1.261
57,56,-0.806
58,56, 0.375
65,56, 1.015
74,56,-1.635
58,57,-1.267
75,57,-0.817
59,58, 1.499
60,58, 0.416
76,58, 1.054
60,59, 0.823
67,60,-0.146
71,60, 0.668
62,61, 0.825
63,61,-1.407
65,61, 0.037
66,61,-1.327
73,61,-0.849
63,62, 0.231
64,62, 0.306
64,63, 0.790
65,63, 0.026
65,64,-0.584
67,64, 0.248
68,64, 2.318
69,64,-1.158
70,64, 0.007
66,65,-1.272
74,65,-1.635
75,66,-1.020
71,67,-0.370
69,68, 1.364
70,69,-1.685
71,70,-0.796
76,72, 0.795
77,72,-0.939
75,73,-0.647
75,74,-1.587
76,75, 1.774
77,76, 1.103
 0, 0, 2.763
 1, 1, 1.762
 2, 2, 0.632
 3, 3, 2.721
 4, 4, 2.725
 5, 5, 1.914
 6, 6,-0.083
 7, 7, 2.098
 8, 8,-0.560
 9, 9, 1.496
10,10,-1.327
11,11,-0.511
12,12, 0.290
13,13, 5.000
14,14, 0.821
15,15, 2.701
16,16, 1.272
17,17, 2.654
18,18,-1.429
19,19, 1.666
20,20, 0.674
21,21, 0.956
22,22, 5.000
23,23, 0.209
24,24, 2.082
25,25, 0.559
26,26, 0.619
27,27, 0.189
28,28,-1.491
29,29, 1.005
30,30, 4.664
31,31, 1.419
32,32,-0.276
33,33, 4.254
34,34, 3.006
35,35, 0.595
36,36,-0.108
37,37, 1.581
38,38,-0.578
39,39, 3.942
40,40, 1.790
41,41, 3.082
42,42, 2.613
43,43, 2.312
44,44,-0.322
45,45,-1.077
46,46, 3.828
47,47, 3.323
48,48,-1.060
49,49, 0.622
50,50, 3.113
51,51, 3.635
52,52,-0.694
53,53, 4.824
54,54, 1.871
55,55,-1.126
56,56, 0.963
57,57,-0.928
58,58, 5.000
59,59, 2.678
60,60, 3.133
61,61, 1.065
62,62, 4.177
63,63, 0.850
64,64, 4.928
65,65, 1.441
66,66,-1.225
67,67,-0.033
68,68, 2.130
69,69, 2.035
70,70,-0.223
71,71, 2.630
72,72, 0.992
73,73,-0.795
74,74,-1.622
75,75, 4.212
76,76, 4.589
77,77, 0.897
