from,to,weight
 0, 2,-0.191
 0, 5, 1.014
 0,45, 0.556
 1, 2,-1.577
 1,37,-1.577
 2, 3, 1.261
 2, 7,-0.760
 2,38,-0.095
 2,49,-0.363
 3, 4, 1.972
 3, 8, 1.810
 3,35,-0.158
 3,39, 0.984
 3,58, 1.051
 5, 6, 1.846
 5, 7,-0.184
 5, 8, 0.546
 5, 9,-1.584
 5,10, 1.355
 6,10, 0.615
 6,11,-1.658
 6,12, 2.294
 6,59,-0.052
 7, 8,-1.007
 8, 9,-1.567
10,11,-1.679
12,13,-0.252
12,14, 1.690
12,59,-0.557
13,17,-0.555
14,15, 0.362
14,17, 0.612
15,16, 1.303
15,17, 0.069
16,19,-0.705
16,23, 1.145
16,69,-0.566
17,18, 0.265
17,19, 0.464
18,19,-0.328
18,20, 0.408
19,22,-1.024
19,72, 1.317
20,21,-0.168
20,22,-1.478
21,22,-1.481
21,70, 0.964
21,90,-0.988
21,91, 1.717
22,72,-1.242
23,24,-1.563
23,27, 1.073
23,69,-0.368
24,27,-1.259
25,28, 0.926
26,27,-1.243
27,28, 2.351
29,30,-0.918
30,31,-0.074
30,33, 2.417
32,33, 1.445
34,36, 0.272
34,40, 0.873
35,36,-1.303
35,39, 1.904
35,58, 1.717
36,40, 0.622
37,38, 0.011
37,39,-0.729
37,41,-0.297
37,42, 0.728
38,39,-1.691
38,43,-1.650
38,49,-1.002
39,40, 1.928
39,41,-0.554
40,41, 2.035
41,44, 0.751
42,43,-1.650
42,44, 1.150
42,48,-0.207
43,49,-1.677
45,47, 0.218
45,49,-0.888
46,47,-0.059
46,57, 0.228
48,49,-0.950
50,51,-0.716
50,52, 1.940
50,56,-0.765
50,61, 0.601
51,52, 1.119
52,53, 0.762
52,54, 1.204
52,57, 0.177
53,55,-1.069
54,55,-1.689
54,57, 0.595
56,57, 0.074
56,60, 0.944
56,61,-0.202
59,60, 0.458
60,61, 0.804
62,64, 0.838
62,65,-0.086
63,64, 1.603
63,65, 0.159
63,67,-0.475
63,89, 2.327
64,65,-1.197
64,68,-0.666
66,67,-0.041
66,68,-0.780
66,71,-1.416
66,80,-0.273
67,68,-0.735
67,89,-0.747
68,73,-0.854
69,72,-0.958
70,72, 0.848
70,74, 0.777
70,75, 0.420
70,90, 0.418
70,91,-1.315
70,93,-1.351
71,73,-1.317
71,80,-1.114
72,73, 0.643
73,82,-0.410
74,75, 0.264
74,91,-0.248
74,93,-0.340
75,76, 2.223
75,77,-0.962
75,78,-1.247
75,81,-0.998
75,82,-0.599
75,91, 0.804
76,77,-0.320
76,78, 2.062
76,83, 0.315
77,84, 0.425
77,92,-0.209
78,79, 0.451
78,80,-0.058
78,81,-1.153
78,86,-1.231
78,87,-1.351
79,80, 1.338
79,88, 0.809
80,81,-1.185
80,82, 0.350
81,82,-0.985
83,84,-0.690
83,85,-0.424
83,86,-1.307
84,85, 1.985
85,86,-1.456
87,88,-1.551
90,91,-0.103
90,93,-1.698
91,92, 0.791
91,93,-0.491
 2, 0,-0.191
 5, 0, 1.014
45, 0, 0.556
 2, 1,-1.577
37, 1,-1.577
 3, 2, 1.261
 7, 2,-0.760
38, 2,-0.095
49, 2,-0.363
 4, 3, 1.972
 8, 3, 1.810
35, 3,-0.158
39, 3, 0.984
58, 3, 1.051
 6, 5, 1.846
 7, 5,-0.184
 8, 5, 0.546
 9, 5,-1.584
10, 5, 1.355
10, 6, 0.615
11, 6,-1.658
12, 6, 2.294
59, 6,-0.052
 8, 7,-1.007
 9, 8,-1.567
11,10,-1.679
13,12,-0.252
14,12, 1.690
59,12,-0.557
17,13,-0.555
15,14, 0.362
17,14, 0.612
16,15, 1.303
17,15, 0.069
19,16,-0.705
23,16, 1.145
69,16,-0.566
18,17, 0.265
19,17, 0.464
19,18,-0.328
20,18, 0.408
22,19,-1.024
72,19, 1.317
21,20,-0.168
22,20,-1.478
22,21,-1.481
70,21, 0.964
90,21,-0.988
91,21, 1.717
72,22,-1.242
24,23,-1.563
27,23, 1.073
69,23,-0.368
27,24,-1.259
28,25, 0.926
27,26,-1.243
28,27, 2.351
30,29,-0.918
31,30,-0.074
33,30, 2.417
33,32, 1.445
36,34, 0.272
40,34, 0.873
36,35,-1.303
39,35, 1.904
58,35, 1.717
40,36, 0.622
38,37, 0.011
39,37,-0.729
41,37,-0.297
42,37, 0.728
39,38,-1.691
43,38,-1.650
49,38,-1.002
40,39, 1.928
41,39,-0.554
41,40, 2.035
44,41, 0.751
43,42,-1.650
44,42, 1.150
48,42,-0.207
49,43,-1.677
47,45, 0.218
49,45,-0.888
47,46,-0.059
57,46, 0.228
49,48,-0.950
51,50,-0.716
52,50, 1.940
56,50,-0.765
61,50, 0.601
52,51, 1.119
53,52, 0.762
54,52, 1.204
57,52, 0.177
55,53,-1.069
55,54,-1.689
57,54, 0.595
57,56, 0.074
60,56, 0.944
61,56,-0.202
60,59, 0.458
61,60, 0.804
64,62, 0.838
65,62,-0.086
64,63, 1.603
65,63, 0.159
67,63,-0.475
89,63, 2.327
65,64,-1.197
68,64,-0.666
67,66,-0.041
68,66,-0.780
71,66,-1.416
80,66,-0.273
68,67,-0.735
89,67,-0.747
73,68,-0.854
72,69,-0.958
72,70, 0.848
74,70, 0.777
75,70, 0.420
90,70, 0.418
91,70,-1.315
93,70,-1.351
73,71,-1.317
80,71,-1.114
73,72, 0.643
82,73,-0.410
75,74, 0.264
91,74,-0.248
93,74,-0.340
76,75, 2.223
77,75,-0.962
78,75,-1.247
81,75,-0.998
82,75,-0.599
91,75, 0.804
77,76,-0.320
78,76, 2.062
83,76, 0.315
84,77, 0.425
92,77,-0.209
79,78, 0.451
80,78,-0.058
81,78,-1.153
86,78,-1.231
87,78,-1.351
80,79, 1.338
88,79, 0.809
81,80,-1.185
82,80, 0.350
82,81,-0.985
84,83,-0.690
85,83,-0.424
86,83,-1.307
85,84, 1.985
86,85,-1.456
88,87,-1.551
91,90,-0.103
93,90,-1.698
92,91, 0.791
93,91,-0.491
 0, 0, 0.484
 1, 1,-1.665
 2, 2, 2.062
 3, 3, 5.000
 4, 4, 0.435
 5, 5, 4.916
 6, 6, 3.321
 7, 7,-0.587
 8, 8, 2.376
 9, 9,-1.580
10,10, 1.303
11,11,-1.664
12,12, 1.878
13,13, 0.325
14,14, 1.540
15,15, 1.988
16,16, 2.495
17,17, 2.050
18,18, 0.218
19,19, 2.082
20,20, 1.198
21,21, 2.756
22,22,-0.781
23,23, 3.300
24,24,-1.424
25,25, 2.590
26,26,-1.530
27,27, 5.000
28,28, 2.077
29,29,-1.213
30,30, 3.836
31,31, 2.020
32,32, 1.759
33,33, 5.000
34,34, 3.049
35,35, 3.984
36,36, 2.235
37,37, 1.027
38,38,-0.292
39,39, 3.045
40,40, 3.842
41,41, 2.227
42,42, 4.399
43,43,-1.657
44,44, 2.526
45,45, 1.290
46,46, 1.430
47,47, 1.588
48,48,-0.044
49,49, 0.303
50,50, 3.152
51,51, 1.943
52,52, 4.234
53,53, 0.587
54,54, 1.950
55,55, 0.248
56,56, 1.676
57,57, 3.437
58,58, 3.974
59,59, 0.511
60,60, 4.711
61,61, 2.090
62,62, 2.610
63,63, 4.381
64,64, 2.345
65,65, 0.166
66,66, 0.912
67,67, 1.197
68,68, 0.756
69,69, 0.616
70,70, 4.452
71,71,-1.158
72,72, 4.398
73,73, 1.466
74,74, 1.260
75,75, 3.382
76,76, 2.926
77,77, 0.969
78,78, 2.238
79,79, 1.419
80,80, 3.033
81,81,-0.589
82,82, 0.502
83,83, 0.365
84,84, 4.248
85,85, 3.297
86,86,-0.938
87,87,-1.405
88,88, 1.647
89,89, 3.242
90,90, 0.035
91,91, 4.520
92,92, 2.953
93,93,-0.428
