from,to,weight
 0, 3, 0.618
 1, 4,-0.611
 2, 3, 0.911
 2, 4,-0.125
 4, 5, 0.609
 5, 6, 0.367
 6, 7, 0.367
 7, 8, 0.779
 7, 9, 0.441
 8, 9, 0.141
 8,14, 0.302
 9,10,-0.168
 9,14,-0.212
 9,58, 1.623
10,15, 0.336
10,56,-0.805
10,59, 0.303
11,18,-1.300
11,55,-0.409
12,13,-1.141
12,19,-0.769
13,15,-0.519
13,19, 0.363
14,15, 0.322
15,16, 0.362
15,21,-0.082
15,56, 0.618
15,59,-1.434
15,64,-1.190
16,17,-1.174
16,21, 0.970
16,64, 0.444
17,22,-0.802
17,65,-0.620
18,19, 1.497
18,43, 1.665
19,20, 1.334
19,21, 0.533
19,44,-1.592
20,23,-0.928
20,24, 0.686
20,45,-0.660
21,22, 1.144
21,23,-0.445
22,23,-0.349
22,30, 0.470
22,65,-1.396
23,31, 0.534
24,25, 0.221
24,31, 1.507
24,32,-1.217
24,45, 1.129
25,32, 0.838
25,33, 0.528
26,27,-0.712
26,28,-1.694
26,32,-0.709
26,35,-0.940
27,28, 0.378
27,36,-0.191
27,62,-0.350
28,29, 0.303
28,30,-1.120
28,32, 0.170
28,63,-0.988
29,30, 1.547
29,31, 0.024
29,32,-0.160
30,31, 1.115
30,65, 1.865
31,32, 1.083
32,37,-0.802
33,35,-0.115
33,37,-1.109
33,40, 0.957
34,36, 1.521
34,66,-0.706
35,36, 1.809
35,37,-1.196
35,41, 0.541
36,62, 0.598
36,67, 0.498
38,39, 0.938
38,40, 1.002
39,42, 0.651
39,46, 0.239
39,47,-1.114
40,41,-0.559
42,43, 0.426
42,47, 0.486
43,44,-1.468
43,45, 0.952
43,50, 1.460
43,55,-0.208
44,45,-1.520
46,47, 1.018
47,48,-0.424
47,49, 0.785
47,50,-0.029
48,49,-0.836
49,50, 0.782
49,51, 1.912
49,52,-0.902
49,54,-0.692
50,55,-0.553
51,52, 0.588
52,53,-0.242
54,55,-1.689
56,59, 0.075
57,58, 0.247
57,61,-0.930
58,59, 0.042
58,60,-0.498
58,61,-0.454
59,60, 0.421
59,64, 0.290
60,61, 0.177
60,65, 1.913
60,73, 2.867
62,63, 0.401
62,67,-0.191
63,65,-0.867
63,68,-0.028
63,70,-0.521
64,65,-1.000
65,73,-0.546
66,67,-0.568
66,68,-1.083
67,68, 0.382
68,69, 0.990
68,70,-1.561
69,71, 0.505
70,71,-0.606
70,72,-0.729
71,72, 1.270
72,73, 1.489
 3, 0, 0.618
 4, 1,-0.611
 3, 2, 0.911
 4, 2,-0.125
 5, 4, 0.609
 6, 5, 0.367
 7, 6, 0.367
 8, 7, 0.779
 9, 7, 0.441
 9, 8, 0.141
14, 8, 0.302
10, 9,-0.168
14, 9,-0.212
58, 9, 1.623
15,10, 0.336
56,10,-0.805
59,10, 0.303
18,11,-1.300
55,11,-0.409
13,12,-1.141
19,12,-0.769
15,13,-0.519
19,13, 0.363
15,14, 0.322
16,15, 0.362
21,15,-0.082
56,15, 0.618
59,15,-1.434
64,15,-1.190
17,16,-1.174
21,16, 0.970
64,16, 0.444
22,17,-0.802
65,17,-0.620
19,18, 1.497
43,18, 1.665
20,19, 1.334
21,19, 0.533
44,19,-1.592
23,20,-0.928
24,20, 0.686
45,20,-0.660
22,21, 1.144
23,21,-0.445
23,22,-0.349
30,22, 0.470
65,22,-1.396
31,23, 0.534
25,24, 0.221
31,24, 1.507
32,24,-1.217
45,24, 1.129
32,25, 0.838
33,25, 0.528
27,26,-0.712
28,26,-1.694
32,26,-0.709
35,26,-0.940
28,27, 0.378
36,27,-0.191
62,27,-0.350
29,28, 0.303
30,28,-1.120
32,28, 0.170
63,28,-0.988
30,29, 1.547
31,29, 0.024
32,29,-0.160
31,30, 1.115
65,30, 1.865
32,31, 1.083
37,32,-0.802
35,33,-0.115
37,33,-1.109
40,33, 0.957
36,34, 1.521
66,34,-0.706
36,35, 1.809
37,35,-1.196
41,35, 0.541
62,36, 0.598
67,36, 0.498
39,38, 0.938
40,38, 1.002
42,39, 0.651
46,39, 0.239
47,39,-1.114
41,40,-0.559
43,42, 0.426
47,42, 0.486
44,43,-1.468
45,43, 0.952
50,43, 1.460
55,43,-0.208
45,44,-1.520
47,46, 1.018
48,47,-0.424
49,47, 0.785
50,47,-0.029
49,48,-0.836
50,49, 0.782
51,49, 1.912
52,49,-0.902
54,49,-0.692
55,50,-0.553
52,51, 0.588
53,52,-0.242
55,54,-1.689
59,56, 0.075
58,57, 0.247
61,57,-0.930
59,58, 0.042
60,58,-0.498
61,58,-0.454
60,59, 0.421
64,59, 0.290
61,60, 0.177
65,60, 1.913
73,60, 2.867
63,62, 0.401
67,62,-0.191
65,63,-0.867
68,63,-0.028
70,63,-0.521
65,64,-1.000
73,65,-0.546
67,66,-0.568
68,66,-1.083
68,67, 0.382
69,68, 0.990
70,68,-1.561
71,69, 0.505
71,70,-0.606
72,70,-0.729
72,71, 1.270
73,72, 1.489
 0, 0, 0.301
 1, 1,-0.281
 2, 2, 1.839
 3, 3, 4.890
 4, 4, 1.188
 5, 5, 1.245
 6, 6, 0.211
 7, 7, 2.766
 8, 8, 2.955
 9, 9, 3.347
10,10, 1.150
11,11, 0.513
12,12, 0.702
13,13, 0.728
14,14, 2.060
15,15, 4.826
16,16, 1.426
17,17,-0.818
18,18, 1.985
19,19, 5.000
20,20, 1.811
21,21, 3.970
22,22, 1.763
23,23, 0.798
24,24, 3.654
25,25, 1.164
26,26,-0.596
27,27, 0.801
28,28, 1.452
29,29, 2.166
30,30, 3.782
31,31, 3.766
32,32, 3.079
33,33, 1.663
34,34, 0.672
35,35, 1.879
36,36, 4.458
37,37,-0.918
38,38, 3.099
39,39, 2.642
40,40, 1.917
41,41, 0.691
42,42, 1.464
43,43, 4.803
44,44,-1.524
45,45, 1.651
46,46, 2.019
47,47, 5.000
48,48,-0.388
49,49, 4.269
50,50, 1.431
51,51, 2.180
52,52, 2.335
53,53,-0.302
54,54,-0.962
55,55, 0.847
56,56, 0.340
57,57, 0.506
58,58, 2.191
59,59, 2.855
60,60, 5.000
61,61, 0.189
62,62, 1.650
63,63, 1.600
64,64, 0.174
65,65, 3.786
66,66, 2.302
67,67, 1.115
68,68, 2.060
69,69, 1.342
70,70,-0.215
71,71, 4.374
72,72, 3.551
73,73, 2.923
