from,to,weight
 0, 1,-1.081
 0, 3,-0.130
 0, 5,-0.475
 0, 6, 1.712
 0,41, 1.353
 1, 2,-1.690
 1, 3,-1.038
 1,42,-1.169
 2, 3, 1.075
 2,40,-0.480
 2,43,-0.026
 2,59,-0.707
 3, 4,-1.127
 3, 5, 1.020
 3,60,-0.490
 4, 5,-1.523
 4, 9,-1.434
 5, 6,-1.655
 5,10, 0.996
 6, 7,-1.116
 6,11, 1.380
 6,46, 0.175
 7, 8, 0.142
 7,12, 0.041
 7,49, 0.840
 8,13,-0.707
 8,18,-1.007
 8,50,-1.041
 8,63, 0.551
 9,10, 0.521
10,11, 0.411
10,16, 1.593
10,17,-1.250
11,12,-0.233
11,17, 1.523
12,13, 0.502
12,14,-1.200
12,17,-0.480
13,14,-0.224
13,18, 1.034
14,17, 0.199
14,19,-0.559
15,16, 1.347
15,20, 1.129
16,17, 0.852
18,19,-1.134
18,21, 1.338
18,63, 1.401
19,20,-1.175
19,22,-0.231
20,25, 0.296
20,27, 0.254
21,22, 1.337
21,63,-1.059
22,23, 1.363
22,24, 0.544
22,25,-1.495
23,24, 0.372
23,28, 0.947
24,25, 1.278
25,27, 1.149
25,67,-0.356
26,27,-1.448
26,75,-1.427
27,67, 1.047
27,76, 0.241
29,30, 0.004
29,31,-0.553
30,31,-1.418
30,51,-0.751
31,53, 1.153
32,34,-1.458
32,38,-1.462
33,34, 0.022
33,35,-0.676
33,36,-0.181
34,35, 2.375
34,36,-0.315
34,38, 2.976
35,36, 0.530
37,38, 1.246
39,40,-0.650
39,43,-0.225
40,43, 2.758
40,59, 1.073
41,42, 1.188
41,44, 1.239
42,43, 2.429
45,47,-1.618
46,47,-0.675
46,49, 0.063
47,49,-0.229
48,49, 0.311
48,56,-0.013
49,50,-0.606
49,57,-1.141
50,58,-0.854
50,63,-1.697
51,53, 0.053
51,65,-1.144
52,53, 0.587
52,54,-0.743
52,55,-0.103
53,54,-0.207
53,65, 0.179
54,55,-1.388
56,57,-0.897
56,58,-1.512
56,61, 0.721
56,65, 0.302
57,58,-0.955
58,63,-0.202
59,60,-0.141
61,62,-1.381
61,63, 0.421
61,64,-1.494
61,65,-0.073
62,63,-1.395
63,64, 1.464
66,67,-0.176
67,76, 0.250
68,70,-0.587
69,73, 1.392
69,74, 0.865
70,71, 1.107
71,72, 1.278
72,73, 1.271
74,75, 2.145
74,76,-0.113
75,76, 0.446
 1, 0,-1.081
 3, 0,-0.130
 5, 0,-0.475
 6, 0, 1.712
41, 0, 1.353
 2, 1,-1.690
 3, 1,-1.038
42, 1,-1.169
 3, 2, 1.075
40, 2,-0.480
43, 2,-0.026
59, 2,-0.707
 4, 3,-1.127
 5, 3, 1.020
60, 3,-0.490
 5, 4,-1.523
 9, 4,-1.434
 6, 5,-1.655
10, 5, 0.996
 7, 6,-1.116
11, 6, 1.380
46, 6, 0.175
 8, 7, 0.142
12, 7, 0.041
49, 7, 0.840
13, 8,-0.707
18, 8,-1.007
50, 8,-1.041
63, 8, 0.551
10, 9, 0.521
11,10, 0.411
16,10, 1.593
17,10,-1.250
12,11,-0.233
17,11, 1.523
13,12, 0.502
14,12,-1.200
17,12,-0.480
14,13,-0.224
18,13, 1.034
17,14, 0.199
19,14,-0.559
16,15, 1.347
20,15, 1.129
17,16, 0.852
19,18,-1.134
21,18, 1.338
63,18, 1.401
20,19,-1.175
22,19,-0.231
25,20, 0.296
27,20, 0.254
22,21, 1.337
63,21,-1.059
23,22, 1.363
24,22, 0.544
25,22,-1.495
24,23, 0.372
28,23, 0.947
25,24, 1.278
27,25, 1.149
67,25,-0.356
27,26,-1.448
75,26,-1.427
67,27, 1.047
76,27, 0.241
30,29, 0.004
31,29,-0.553
31,30,-1.418
51,30,-0.751
53,31, 1.153
34,32,-1.458
38,32,-1.462
34,33, 0.022
35,33,-0.676
36,33,-0.181
35,34, 2.375
36,34,-0.315
38,34, 2.976
36,35, 0.530
38,37, 1.246
40,39,-0.650
43,39,-0.225
43,40, 2.758
59,40, 1.073
42,41, 1.188
44,41, 1.239
43,42, 2.429
47,45,-1.618
47,46,-0.675
49,46, 0.063
49,47,-0.229
49,48, 0.311
56,48,-0.013
50,49,-0.606
57,49,-1.141
58,50,-0.854
63,50,-1.697
53,51, 0.053
65,51,-1.144
53,52, 0.587
54,52,-0.743
55,52,-0.103
54,53,-0.207
65,53, 0.179
55,54,-1.388
57,56,-0.897
58,56,-1.512
61,56, 0.721
65,56, 0.302
58,57,-0.955
63,58,-0.202
60,59,-0.141
62,61,-1.381
63,61, 0.421
64,61,-1.494
65,61,-0.073
63,62,-1.395
64,63, 1.464
67,66,-0.176
76,67, 0.250
70,68,-0.587
73,69, 1.392
74,69, 0.865
71,70, 1.107
72,71, 1.278
73,72, 1.271
75,74, 2.145
76,74,-0.113
76,75, 0.446
 0, 0, 2.767
 1, 1,-0.949
 2, 2, 0.718
 3, 3, 3.786
 4, 4,-0.941
 5, 5, 0.436
 6, 6, 2.085
 7, 7, 0.531
 8, 8, 1.128
 9, 9, 1.070
10,10, 3.043
11,11, 2.380
12,12, 1.483
13,13, 1.080
14,14, 0.688
15,15, 1.953
16,16, 2.925
17,17, 2.925
18,18, 2.164
19,19, 0.131
20,20, 3.023
21,21, 1.166
22,22, 3.060
23,23, 3.214
24,24, 1.425
25,25, 2.255
26,26,-1.567
27,27, 3.141
28,28, 0.903
29,29, 2.039
30,30, 0.498
31,31, 1.112
32,32,-1.425
33,33,-0.089
34,34, 5.000
35,35, 4.688
36,36, 3.317
37,37, 3.268
38,38, 3.942
39,39, 0.285
40,40, 4.606
41,41, 2.968
42,42, 2.788
43,43, 3.709
44,44, 0.787
45,45,-1.593
46,46, 0.928
47,47, 0.456
48,48, 0.312
49,49, 2.986
50,50,-0.663
51,51,-0.243
52,52, 2.055
53,53, 5.000
54,54,-0.060
55,55, 0.074
56,56, 3.986
57,57,-0.907
58,58,-0.593
59,59, 1.843
60,60, 0.039
61,61, 2.052
62,62,-1.555
63,63, 4.148
64,64, 1.033
65,65, 2.805
66,66,-0.661
67,67, 3.781
68,68, 0.220
69,69, 1.112
70,70, 2.705
71,71, 1.604
72,72, 1.594
73,73, 2.669
74,74, 3.834
75,75, 4.696
76,76, 1.249
