from,to,weight
 0, 1, 0.684
 0, 2,-0.700
 0, 3, 0.187
 0,38, 0.520
 1, 2, 0.436
 1,39, 0.614
 1,48,-1.249
 2, 4, 1.764
 2, 7,-0.794
 2,49, 1.817
 2,59,-0.206
 3, 4, 0.340
 4, 5, 0.151
 4, 6,-0.707
 4, 7, 1.774
 5, 6,-0.787
 7, 8, 1.495
 7,59, 1.115
 8, 9,-0.896
 8,59,-0.963
10,13, 0.793
10,35, 0.572
11,15,-0.948
11,34,-0.788
12,13, 0.642
12,16,-0.381
12,27, 1.227
13,14,-0.847
13,17, 1.912
13,35, 0.948
14,15,-0.503
14,23,-0.165
15,24,-0.315
15,34,-0.712
16,17, 0.279
16,18,-0.561
16,27, 1.276
17,18, 0.668
17,19,-0.463
17,23,-0.923
18,19, 1.351
18,20, 0.539
18,25,-0.557
18,28, 0.861
19,20,-0.494
19,22, 0.962
20,22,-1.377
20,25,-1.435
21,23, 0.890
23,24, 0.623
23,25, 0.340
24,25, 1.116
24,32, 0.084
24,34,-0.240
25,33, 1.374
26,27, 2.045
26,29, 1.817
27,28,-0.752
27,29,-1.462
28,29, 1.683
28,31, 1.085
28,33, 0.346
29,31, 0.548
30,31,-0.860
30,33,-1.464
31,33, 0.400
32,33,-0.052
32,34, 1.693
36,44, 1.267
36,50,-0.757
37,41,-1.558
37,46, 0.137
38,39,-0.545
38,40,-1.316
38,42,-1.001
39,40,-0.862
39,43, 0.093
39,48,-1.555
40,42,-1.634
40,45,-0.381
41,42, 0.475
41,46, 0.769
42,47,-1.613
43,44,-0.355
43,45, 0.026
43,48,-0.990
44,45, 0.623
44,46,-0.428
44,50, 1.253
45,46, 1.492
45,47,-1.666
46,47,-1.592
48,49,-1.388
48,50,-1.564
49,50, 1.979
49,55,-0.546
49,59,-0.271
50,58, 1.442
51,52,-0.199
51,59,-1.375
52,53, 2.406
53,54, 1.973
54,57, 0.572
55,56,-0.834
55,58,-1.053
55,59, 0.236
56,57,-0.668
56,58,-0.602
57,58, 0.550
 1, 0, 0.684
 2, 0,-0.700
 3, 0, 0.187
38, 0, 0.520
 2, 1, 0.436
39, 1, 0.614
48, 1,-1.249
 4, 2, 1.764
 7, 2,-0.794
49, 2, 1.817
59, 2,-0.206
 4, 3, 0.340
 5, 4, 0.151
 6, 4,-0.707
 7, 4, 1.774
 6, 5,-0.787
 8, 7, 1.495
59, 7, 1.115
 9, 8,-0.896
59, 8,-0.963
13,10, 0.793
35,10, 0.572
15,11,-0.948
34,11,-0.788
13,12, 0.642
16,12,-0.381
27,12, 1.227
14,13,-0.847
17,13, 1.912
35,13, 0.948
15,14,-0.503
23,14,-0.165
24,15,-0.315
34,15,-0.712
17,16, 0.279
18,16,-0.561
27,16, 1.276
18,17, 0.668
19,17,-0.463
23,17,-0.923
19,18, 1.351
20,18, 0.539
25,18,-0.557
28,18, 0.861
20,19,-0.494
22,19, 0.962
22,20,-1.377
25,20,-1.435
23,21, 0.890
24,23, 0.623
25,23, 0.340
25,24, 1.116
32,24, 0.084
34,24,-0.240
33,25, 1.374
27,26, 2.045
29,26, 1.817
28,27,-0.752
29,27,-1.462
29,28, 1.683
31,28, 1.085
33,28, 0.346
31,29, 0.548
31,30,-0.860
33,30,-1.464
33,31, 0.400
33,32,-0.052
34,32, 1.693
44,36, 1.267
50,36,-0.757
41,37,-1.558
46,37, 0.137
39,38,-0.545
40,38,-1.316
42,38,-1.001
40,39,-0.862
43,39, 0.093
48,39,-1.555
42,40,-1.634
45,40,-0.381
42,41, 0.475
46,41, 0.769
47,42,-1.613
44,43,-0.355
45,43, 0.026
48,43,-0.990
45,44, 0.623
46,44,-0.428
50,44, 1.253
46,45, 1.492
47,45,-1.666
47,46,-1.592
49,48,-1.388
50,48,-1.564
50,49, 1.979
55,49,-0.546
59,49,-0.271
58,50, 1.442
52,51,-0.199
59,51,-1.375
53,52, 2.406
54,53, 1.973
57,54, 0.572
56,55,-0.834
58,55,-1.053
59,55, 0.236
57,56,-0.668
58,56,-0.602
58,57, 0.550
 0, 0, 3.149
 1, 1, 1.078
 2, 2, 3.405
 3, 3, 0.878
 4, 4, 4.590
 5, 5,-0.029
 6, 6,-0.722
 7, 7, 2.122
 8, 8, 2.672
 9, 9,-0.596
10,10, 1.925
11,11,-0.394
12,12, 3.770
13,13, 3.045
14,14, 1.359
15,15, 0.506
16,16, 1.476
17,17, 3.577
18,18, 3.645
19,19, 2.520
20,20, 1.432
21,21, 1.663
22,22, 0.969
23,23, 3.627
24,24, 2.260
25,25, 3.209
26,26, 2.364
27,27, 2.569
28,28, 3.373
29,29, 3.516
30,30,-0.848
31,31, 2.225
32,32, 3.842
33,33, 3.859
34,34, 3.274
35,35, 4.326
36,36, 1.463
37,37,-0.045
38,38, 3.131
39,39, 1.012
40,40,-0.614
41,41, 0.111
42,42, 0.733
43,43, 0.407
44,44, 3.192
45,45, 1.917
46,46, 4.955
47,47,-1.634
48,48,-1.172
49,49, 2.024
50,50, 3.002
51,51,-0.068
52,52, 2.990
53,53, 3.709
54,54, 3.887
55,55, 0.029
56,56, 0.361
57,57, 0.851
58,58, 2.665
59,59, 5.000
