from,to,weight
 0, 1, 0.235
 1, 3, 2.580
 2, 4, 0.575
 3, 4, 1.470
 3, 5, 0.753
 4, 5, 0.449
 4, 6,-0.447
 4,10, 1.781
 5, 6, 0.258
 5,43,-0.554
 5,46, 0.625
 6,11, 1.266
 6,12,-1.662
 6,13,-0.891
 6,47, 1.366
 7, 8,-0.933
 7,10,-0.761
 8, 9,-0.363
 8,10, 0.457
 8,57, 1.065
 9,10, 0.063
 9,51, 0.136
 9,58,-0.281
10,11, 2.958
10,52,-1.655
11,12, 0.028
11,53, 1.854
11,56,-1.389
12,13,-0.464
12,53,-0.967
12,56,-1.144
13,47,-0.502
13,53,-1.547
14,15,-1.444
14,59, 1.345
14,61, 0.749
15,36,-1.255
15,62,-1.303
16,64,-0.586
17,19,-0.653
21,27,-1.365
22,24, 0.782
23,24, 0.909
23,31, 0.853
24,29,-0.665
24,34,-0.392
25,26,-0.039
25,27,-0.695
25,59, 0.568
25,64, 0.206
26,27, 0.101
27,28,-0.017
27,37, 1.041
28,29, 0.223
28,30,-1.119
28,38, 0.137
29,34,-0.774
30,40,-0.615
31,32,-0.049
31,33,-0.990
31,34, 1.424
32,33,-0.754
33,34,-0.095
33,35,-1.135
33,39, 0.591
33,42, 1.871
35,40,-0.588
36,37,-0.907
36,41, 0.518
36,62, 0.075
37,38,-0.398
37,41, 0.972
38,40,-0.005
38,41,-0.568
39,40, 0.964
39,42, 0.016
40,41, 0.477
43,44,-1.106
43,46,-0.334
44,48, 2.905
45,49, 1.540
46,47,-0.494
46,48, 2.181
47,48, 0.341
47,49,-0.066
47,53, 1.754
48,49, 0.542
49,55, 1.400
50,54,-0.405
51,52,-1.604
51,53,-1.669
51,54, 0.108
52,53,-1.593
53,54, 1.037
53,55,-0.373
53,56,-0.904
54,55, 0.605
57,58, 0.502
59,61, 1.158
59,63,-0.959
59,64, 2.184
60,62,-1.635
61,62, 2.912
61,63, 0.807
63,64, 0.028
64,65,-0.077
 1, 0, 0.235
 3, 1, 2.580
 4, 2, 0.575
 4, 3, 1.470
 5, 3, 0.753
 5, 4, 0.449
 6, 4,-0.447
10, 4, 1.781
 6, 5, 0.258
43, 5,-0.554
46, 5, 0.625
11, 6, 1.266
12, 6,-1.662
13, 6,-0.891
47, 6, 1.366
 8, 7,-0.933
10, 7,-0.761
 9, 8,-0.363
10, 8, 0.457
57, 8, 1.065
10, 9, 0.063
51, 9, 0.136
58, 9,-0.281
11,10, 2.958
52,10,-1.655
12,11, 0.028
53,11, 1.854
56,11,-1.389
13,12,-0.464
53,12,-0.967
56,12,-1.144
47,13,-0.502
53,13,-1.547
15,14,-1.444
59,14, 1.345
61,14, 0.749
36,15,-1.255
62,15,-1.303
64,16,-0.586
19,17,-0.653
27,21,-1.365
24,22, 0.782
24,23, 0.909
31,23, 0.853
29,24,-0.665
34,24,-0.392
26,25,-0.039
27,25,-0.695
59,25, 0.568
64,25, 0.206
27,26, 0.101
28,27,-0.017
37,27, 1.041
29,28, 0.223
30,28,-1.119
38,28, 0.137
34,29,-0.774
40,30,-0.615
32,31,-0.049
33,31,-0.990
34,31, 1.424
33,32,-0.754
34,33,-0.095
35,33,-1.135
39,33, 0.591
42,33, 1.871
40,35,-0.588
37,36,-0.907
41,36, 0.518
62,36, 0.075
38,37,-0.398
41,37, 0.972
40,38,-0.005
41,38,-0.568
40,39, 0.964
42,39, 0.016
41,40, 0.477
44,43,-1.106
46,43,-0.334
48,44, 2.905
49,45, 1.540
47,46,-0.494
48,46, 2.181
48,47, 0.341
49,47,-0.066
53,47, 1.754
49,48, 0.542
55,49, 1.400
54,50,-0.405
52,51,-1.604
53,51,-1.669
54,51, 0.108
53,52,-1.593
54,53, 1.037
55,53,-0.373
56,53,-0.904
55,54, 0.605
58,57, 0.502
61,59, 1.158
63,59,-0.959
64,59, 2.184
62,60,-1.635
62,61, 2.912
63,61, 0.807
64,63, 0.028
65,64,-0.077
 0, 0,-0.492
 1, 1, 4.722
 2, 2,-0.265
 3, 3, 4.155
 4, 4, 3.627
 5, 5, 4.256
 6, 6, 2.887
 7, 7,-0.638
 8, 8, 2.735
 9, 9, 1.248
10,10, 4.407
11,11, 3.498
12,12, 0.163
13,13,-0.217
14,14, 1.374
15,15,-1.171
16,16,-1.086
17,17, 5.000
18,18,-0.175
19,19,-0.159
20,20,-1.528
21,21,-1.546
22,22, 0.685
23,23, 3.561
24,24, 2.673
25,25, 1.725
26,26, 0.497
27,27, 5.000
28,28, 1.037
29,29, 1.543
30,30,-0.450
31,31, 2.287
32,32,-0.129
33,33, 3.726
34,34, 1.310
35,35,-0.599
36,36, 1.082
37,37, 1.718
38,38, 0.948
39,39, 3.030
40,40, 4.126
41,41, 3.865
42,42, 3.955
43,43, 1.304
44,44, 4.443
45,45, 1.051
46,46, 1.954
47,47, 2.878
48,48, 4.586
49,49, 3.556
50,50,-0.391
51,51,-0.098
52,52,-1.616
53,53, 3.674
54,54, 2.763
55,55, 2.677
56,56,-1.084
57,57, 3.624
58,58, 1.511
59,59, 3.447
60,60,-1.659
61,61, 5.000
62,62, 4.009
63,63, 1.487
64,64, 4.433
65,65,-0.481
