from,to,weight
 2,26, 1.075
 2,29,-0.174
 3, 4,-1.044
 3,10,-1.079
 3,15,-1.476
 3,27,-0.492
 4, 5,-1.218
 4,10, 0.505
 4,27,-0.017
 5, 6,-1.216
 5, 7,-0.600
 5,10, 0.616
 5,23,-0.567
 5,27,-0.140
 6, 7, 2.783
 6, 8, 1.564
 6,13, 2.284
 7, 8,-0.186
 7, 9,-1.040
 7,24, 2.421
 8, 9,-1.222
 9,18,-1.374
10,11,-1.161
10,12, 1.519
10,13,-0.661
10,15, 1.787
11,12,-0.981
11,13,-1.029
12,13, 0.891
12,14, 0.384
12,16,-1.324
15,16,-1.357
17,18, 2.046
17,19, 1.246
17,46,-0.203
17,50, 0.215
17,52,-1.291
18,19,-0.099
18,20, 1.296
18,49,-0.700
19,20, 0.973
19,55,-1.422
20,21, 1.890
22,24, 1.309
22,36, 0.598
22,45,-0.572
22,47, 0.722
23,27,-0.486
23,43,-1.667
24,44, 0.606
25,26,-0.797
25,27,-0.573
25,39, 0.025
26,27, 1.007
26,29, 0.218
26,34, 0.064
26,42,-0.668
27,43, 0.058
28,33,-0.595
29,34,-0.330
31,33, 0.843
32,33, 1.169
32,34,-0.072
32,41,-0.122
34,42, 0.070
35,38, 2.103
36,38, 2.435
36,45, 1.209
37,38,-0.114
37,39, 0.990
37,43,-1.120
37,44, 0.744
38,39, 0.336
38,40, 0.180
39,40, 0.322
39,41, 0.144
39,42, 0.311
39,43,-0.579
41,42,-1.345
45,47, 1.842
46,47, 0.214
46,48,-1.255
46,49, 0.050
46,50,-0.583
46,52, 0.208
47,48,-0.734
47,54, 1.344
48,49,-1.194
50,52, 0.108
51,52,-0.005
51,53, 2.643
51,55, 0.443
51,73, 1.505
52,53, 1.003
52,54,-0.550
52,55, 1.092
53,54,-0.614
53,74,-0.282
55,75,-0.815
56,57, 0.350
56,62,-0.345
56,65, 0.566
57,58, 1.033
57,63,-0.030
58,59, 0.606
58,63,-1.299
59,63, 0.358
60,61,-0.506
60,64, 0.089
61,62, 0.308
62,63, 1.927
62,65, 1.307
65,67, 0.718
66,67, 0.944
66,69, 0.883
68,69,-0.740
71,72,-1.348
71,73, 0.000
72,75,-0.824
73,74,-0.706
73,75, 0.094
26, 2, 1.075
29, 2,-0.174
 4, 3,-1.044
10, 3,-1.079
15, 3,-1.476
27, 3,-0.492
 5, 4,-1.218
10, 4, 0.505
27, 4,-0.017
 6, 5,-1.216
 7, 5,-0.600
10, 5, 0.616
23, 5,-0.567
27, 5,-0.140
 7, 6, 2.783
 8, 6, 1.564
13, 6, 2.284
 8, 7,-0.186
 9, 7,-1.040
24, 7, 2.421
 9, 8,-1.222
18, 9,-1.374
11,10,-1.161
12,10, 1.519
13,10,-0.661
15,10, 1.787
12,11,-0.981
13,11,-1.029
13,12, 0.891
14,12, 0.384
16,12,-1.324
16,15,-1.357
18,17, 2.046
19,17, 1.246
46,17,-0.203
50,17, 0.215
52,17,-1.291
19,18,-0.099
20,18, 1.296
49,18,-0.700
20,19, 0.973
55,19,-1.422
21,20, 1.890
24,22, 1.309
36,22, 0.598
45,22,-0.572
47,22, 0.722
27,23,-0.486
43,23,-1.667
44,24, 0.606
26,25,-0.797
27,25,-0.573
39,25, 0.025
27,26, 1.007
29,26, 0.218
34,26, 0.064
42,26,-0.668
43,27, 0.058
33,28,-0.595
34,29,-0.330
33,31, 0.843
33,32, 1.169
34,32,-0.072
41,32,-0.122
42,34, 0.070
38,35, 2.103
38,36, 2.435
45,36, 1.209
38,37,-0.114
39,37, 0.990
43,37,-1.120
44,37, 0.744
39,38, 0.336
40,38, 0.180
40,39, 0.322
41,39, 0.144
42,39, 0.311
43,39,-0.579
42,41,-1.345
47,45, 1.842
47,46, 0.214
48,46,-1.255
49,46, 0.050
50,46,-0.583
52,46, 0.208
48,47,-0.734
54,47, 1.344
49,48,-1.194
52,50, 0.108
52,51,-0.005
53,51, 2.643
55,51, 0.443
73,51, 1.505
53,52, 1.003
54,52,-0.550
55,52, 1.092
54,53,-0.614
74,53,-0.282
75,55,-0.815
57,56, 0.350
62,56,-0.345
65,56, 0.566
58,57, 1.033
63,57,-0.030
59,58, 0.606
63,58,-1.299
63,59, 0.358
61,60,-0.506
64,60, 0.089
62,61, 0.308
63,62, 1.927
65,62, 1.307
67,65, 0.718
67,66, 0.944
69,66, 0.883
69,68,-0.740
72,71,-1.348
73,71, 0.000
75,72,-0.824
74,73,-0.706
75,73, 0.094
 0, 0, 0.846
 1, 1,-0.774
 2, 2, 2.171
 3, 3, 0.188
 4, 4, 0.199
 5, 5, 1.186
 6, 6, 4.007
 7, 7, 3.612
 8, 8, 2.458
 9, 9, 0.688
10,10, 4.094
11,11,-0.964
12,12, 3.051
13,13, 2.318
14,14,-0.094
15,15, 2.394
16,16,-0.598
17,17, 2.624
18,18, 5.000
19,19, 3.545
20,20, 5.000
21,21, 1.743
22,22, 2.613
23,23,-0.335
24,24, 3.519
25,25,-0.156
26,26, 3.363
27,27, 3.514
28,28,-0.721
29,29, 2.203
30,30,-0.860
31,31, 0.785
32,32, 1.748
33,33, 4.359
34,34, 1.808
35,35, 2.957
36,36, 2.894
37,37, 1.588
38,38, 5.000
39,39, 4.830
40,40, 1.620
41,41, 0.023
42,42, 0.278
43,43,-0.165
44,44,-0.328
45,45, 0.244
46,46, 2.320
47,47, 4.989
48,48,-0.841
49,49, 0.677
50,50, 0.208
51,51, 2.925
52,52, 3.921
53,53, 4.324
54,54, 2.074
55,55, 1.453
56,56, 1.294
57,57, 2.218
58,58, 3.505
59,59, 1.025
60,60, 0.318
61,61,-0.241
62,62, 4.289
63,63, 1.668
64,64, 2.558
65,65, 2.452
66,66, 2.341
67,67, 0.744
68,68, 1.334
69,69, 4.847
70,70, 1.537
71,71, 0.536
72,72,-0.066
73,73, 3.565
74,74,-0.064
75,75, 1.685
