from,to,weight
 0, 1, 0.905
 0, 2, 0.596
 0, 3,-0.435
 0, 5, 1.222
 1, 3,-0.411
 2, 3,-0.058
 2, 4,-0.434
 2, 5,-0.707
 3, 4, 1.592
 3, 7, 3.476
 4, 5, 0.247
 4, 6, 0.621
 4, 8,-1.682
 5, 6, 1.912
 6, 9,-0.299
 6,10, 1.084
 7, 8,-1.678
 9,10,-0.333
10,42, 0.831
10,45,-0.573
11,12, 0.700
11,13, 0.989
11,43, 0.232
12,13, 0.825
12,15,-0.884
12,43,-0.894
12,49, 1.199
13,14, 1.111
13,15, 1.531
15,17,-0.866
15,49, 0.086
16,18,-0.082
16,70, 0.748
17,71,-0.347
19,20, 0.942
19,21, 0.669
19,22, 0.042
19,23, 0.278
19,25,-1.289
19,38, 0.579
20,21, 0.345
20,26, 2.568
21,22, 1.028
21,29,-0.659
21,36, 2.641
22,34,-0.422
23,39, 0.194
24,26, 1.393
25,26,-1.319
26,27,-0.303
28,31,-1.034
29,34, 0.552
29,36, 1.233
30,31,-0.575
30,33,-0.997
30,34, 0.191
31,32,-0.373
31,33, 0.236
32,33, 0.841
33,34, 1.630
33,35, 1.463
34,35, 0.648
34,57,-0.998
35,62, 1.321
36,37,-1.207
38,39,-0.216
39,40, 0.554
39,58, 0.530
40,54, 0.978
41,42, 0.740
41,44,-1.044
42,45, 1.314
44,45, 1.380
44,48, 2.303
46,47, 0.180
46,48, 1.065
46,55, 2.763
47,48, 0.414
49,50,-1.119
49,51, 0.703
50,51,-1.432
52,53, 0.510
52,55, 1.756
53,54, 0.069
53,55,-1.138
54,55, 1.372
54,56,-1.125
59,62,-0.506
60,61,-0.246
60,68, 0.784
60,69, 0.547
61,64,-0.660
61,70,-0.812
62,63,-0.153
64,70,-1.147
66,67, 0.138
69,70, 0.769
70,71, 0.061
 1, 0, 0.905
 2, 0, 0.596
 3, 0,-0.435
 5, 0, 1.222
 3, 1,-0.411
 3, 2,-0.058
 4, 2,-0.434
 5, 2,-0.707
 4, 3, 1.592
 7, 3, 3.476
 5, 4, 0.247
 6, 4, 0.621
 8, 4,-1.682
 6, 5, 1.912
 9, 6,-0.299
10, 6, 1.084
 8, 7,-1.678
10, 9,-0.333
42,10, 0.831
45,10,-0.573
12,11, 0.700
13,11, 0.989
43,11, 0.232
13,12, 0.825
15,12,-0.884
43,12,-0.894
49,12, 1.199
14,13, 1.111
15,13, 1.531
17,15,-0.866
49,15, 0.086
18,16,-0.082
70,16, 0.748
71,17,-0.347
20,19, 0.942
21,19, 0.669
22,19, 0.042
23,19, 0.278
25,19,-1.289
38,19, 0.579
21,20, 0.345
26,20, 2.568
22,21, 1.028
29,21,-0.659
36,21, 2.641
34,22,-0.422
39,23, 0.194
26,24, 1.393
26,25,-1.319
27,26,-0.303
31,28,-1.034
34,29, 0.552
36,29, 1.233
31,30,-0.575
33,30,-0.997
34,30, 0.191
32,31,-0.373
33,31, 0.236
33,32, 0.841
34,33, 1.630
35,33, 1.463
35,34, 0.648
57,34,-0.998
62,35, 1.321
37,36,-1.207
39,38,-0.216
40,39, 0.554
58,39, 0.530
54,40, 0.978
42,41, 0.740
44,41,-1.044
45,42, 1.314
45,44, 1.380
48,44, 2.303
47,46, 0.180
48,46, 1.065
55,46, 2.763
48,47, 0.414
50,49,-1.119
51,49, 0.703
51,50,-1.432
53,52, 0.510
55,52, 1.756
54,53, 0.069
55,53,-1.138
55,54, 1.372
56,54,-1.125
62,59,-0.506
61,60,-0.246
68,60, 0.784
69,60, 0.547
64,61,-0.660
70,61,-0.812
63,62,-0.153
70,64,-1.147
67,66, 0.138
70,69, 0.769
71,70, 0.061
 0, 0, 3.297
 1, 1, 1.318
 2, 2, 0.931
 3, 3, 2.709
 4, 4, 4.108
 5, 5, 3.168
 6, 6, 4.994
 7, 7, 5.000
 8, 8,-1.676
 9, 9,-0.950
10,10, 3.017
11,11, 4.500
12,12, 3.021
13,13, 4.076
14,14, 1.021
15,15, 1.981
16,16,-0.060
17,17, 0.231
18,18, 0.981
19,19, 4.764
20,20, 1.393
21,21, 4.668
22,22, 1.355
23,23, 0.037
24,24, 2.168
25,25,-1.298
26,26, 3.791
27,27,-0.829
28,28,-1.315
29,29, 2.695
30,30, 0.529
31,31, 4.028
32,32, 0.933
33,33, 4.426
34,34, 5.000
35,35, 2.686
36,36, 4.407
37,37,-0.515
38,38, 0.028
39,39, 3.172
40,40, 0.426
41,41, 0.880
42,42, 3.565
43,43, 1.139
44,44, 1.942
45,45, 1.828
46,46, 4.299
47,47, 0.865
48,48, 3.253
49,49, 5.000
50,50,-1.150
51,51, 1.799
52,52, 2.252
53,53, 2.294
54,54, 5.000
55,55, 4.163
56,56,-0.563
57,57,-1.062
58,58, 3.231
59,59,-0.454
60,60, 5.000
61,61,-0.209
62,62, 3.582
63,63, 2.240
64,64, 0.051
65,65,-0.964
66,66, 2.445
67,67, 1.613
68,68, 0.795
69,69, 0.534
70,70, 4.596
71,71,-0.628
