from,to,weight
 0, 2,-1.161
 0, 6, 1.848
 0,43,-0.880
 0,45, 0.878
 1, 2, 0.065
 1,46,-0.562
 2, 3, 0.059
 2, 7,-0.114
 4, 6,-0.839
 4,16,-0.978
 4,40,-1.327
 4,42,-1.227
 5, 6,-1.166
 5,11,-1.255
 6, 7, 1.833
 6,11, 1.917
 6,18,-1.177
 6,43,-0.717
 7, 8, 0.293
 7, 9, 0.243
 7,11,-0.770
 8, 9,-1.190
 8,10,-0.195
 9,10,-0.187
 9,11, 0.225
 9,12,-0.299
10,12, 0.342
11,12, 1.459
11,13, 0.693
11,19, 0.440
13,14,-0.687
13,19,-0.698
14,20, 0.077
14,23,-1.193
14,73, 0.147
15,16, 0.687
15,17,-1.682
15,19, 0.349
15,20,-0.500
15,22,-0.452
16,17,-0.262
16,18,-1.130
16,35,-1.491
16,40, 2.107
17,18,-1.454
17,19,-0.200
18,19,-1.393
19,20, 1.131
20,23, 1.055
21,23, 1.703
21,24, 1.321
21,82, 0.515
22,23, 0.606
22,25, 0.769
23,29,-1.644
23,73, 0.884
24,25,-0.763
24,26, 1.188
24,29,-1.641
24,30, 1.174
24,82,-0.775
25,26, 0.826
25,27, 1.092
25,29,-1.628
26,27, 0.388
26,28, 0.353
26,31,-0.344
26,32, 1.160
27,28,-1.417
27,34, 0.683
30,31, 0.960
30,82, 1.057
30,87,-0.627
30,90, 0.271
31,32, 1.232
32,33, 1.350
34,36, 0.910
35,40,-0.953
36,37, 0.034
36,39, 0.505
36,40, 1.410
37,38,-1.689
37,39, 0.222
38,39,-1.614
39,40, 0.708
39,58, 1.632
40,42, 1.489
40,56,-1.597
40,59,-0.290
41,42,-1.139
41,55,-1.432
42,43, 0.925
42,44,-0.599
42,56,-0.125
43,45, 0.190
44,45,-0.449
48,49,-1.339
48,50,-0.797
48,52, 0.404
48,53, 2.646
48,64,-0.790
49,50,-1.424
50,52,-0.662
50,64,-0.065
51,63,-0.232
51,80, 1.085
53,64, 1.494
54,55,-0.807
54,58,-0.674
55,56,-0.879
55,58, 0.580
56,59,-0.936
57,58,-0.337
58,59,-0.120
60,62,-0.988
60,63,-0.678
61,62,-0.624
61,84,-0.462
62,78,-0.055
62,88, 0.588
63,80, 0.931
64,71,-1.630
65,66,-1.479
65,79,-0.647
66,80, 0.146
67,69, 1.165
69,70, 0.111
72,75,-0.992
72,77,-1.223
73,74,-0.482
74,75,-0.478
75,77, 2.118
76,77, 1.130
76,78,-1.222
76,81, 1.158
77,78,-0.505
77,79, 1.831
77,83,-0.866
78,79,-0.989
79,80, 1.479
81,82,-0.907
81,83,-1.169
81,85, 1.108
84,85,-1.240
84,86, 1.060
84,88,-0.193
85,86, 0.999
85,88, 0.003
 2, 0,-1.161
 6, 0, 1.848
43, 0,-0.880
45, 0, 0.878
 2, 1, 0.065
46, 1,-0.562
 3, 2, 0.059
 7, 2,-0.114
 6, 4,-0.839
16, 4,-0.978
40, 4,-1.327
42, 4,-1.227
 6, 5,-1.166
11, 5,-1.255
 7, 6, 1.833
11, 6, 1.917
18, 6,-1.177
43, 6,-0.717
 8, 7, 0.293
 9, 7, 0.243
11, 7,-0.770
 9, 8,-1.190
10, 8,-0.195
10, 9,-0.187
11, 9, 0.225
12, 9,-0.299
12,10, 0.342
12,11, 1.459
13,11, 0.693
19,11, 0.440
14,13,-0.687
19,13,-0.698
20,14, 0.077
23,14,-1.193
73,14, 0.147
16,15, 0.687
17,15,-1.682
19,15, 0.349
20,15,-0.500
22,15,-0.452
17,16,-0.262
18,16,-1.130
35,16,-1.491
40,16, 2.107
18,17,-1.454
19,17,-0.200
19,18,-1.393
20,19, 1.131
23,20, 1.055
23,21, 1.703
24,21, 1.321
82,21, 0.515
23,22, 0.606
25,22, 0.769
29,23,-1.644
73,23, 0.884
25,24,-0.763
26,24, 1.188
29,24,-1.641
30,24, 1.174
82,24,-0.775
26,25, 0.826
27,25, 1.092
29,25,-1.628
27,26, 0.388
28,26, 0.353
31,26,-0.344
32,26, 1.160
28,27,-1.417
34,27, 0.683
31,30, 0.960
82,30, 1.057
87,30,-0.627
90,30, 0.271
32,31, 1.232
33,32, 1.350
36,34, 0.910
40,35,-0.953
37,36, 0.034
39,36, 0.505
40,36, 1.410
38,37,-1.689
39,37, 0.222
39,38,-1.614
40,39, 0.708
58,39, 1.632
42,40, 1.489
56,40,-1.597
59,40,-0.290
42,41,-1.139
55,41,-1.432
43,42, 0.925
44,42,-0.599
56,42,-0.125
45,43, 0.190
45,44,-0.449
49,48,-1.339
50,48,-0.797
52,48, 0.404
53,48, 2.646
64,48,-0.790
50,49,-1.424
52,50,-0.662
64,50,-0.065
63,51,-0.232
80,51, 1.085
64,53, 1.494
55,54,-0.807
58,54,-0.674
56,55,-0.879
58,55, 0.580
59,56,-0.936
58,57,-0.337
59,58,-0.120
62,60,-0.988
63,60,-0.678
62,61,-0.624
84,61,-0.462
78,62,-0.055
88,62, 0.588
80,63, 0.931
71,64,-1.630
66,65,-1.479
79,65,-0.647
80,66, 0.146
69,67, 1.165
70,69, 0.111
75,72,-0.992
77,72,-1.223
74,73,-0.482
75,74,-0.478
77,75, 2.118
77,76, 1.130
78,76,-1.222
81,76, 1.158
78,77,-0.505
79,77, 1.831
83,77,-0.866
79,78,-0.989
80,79, 1.479
82,81,-0.907
83,81,-1.169
85,81, 1.108
85,84,-1.240
86,84, 1.060
88,84,-0.193
86,85, 0.999
88,85, 0.003
 0, 0, 0.639
 1, 1, 0.790
 2, 2, 2.234
 3, 3, 2.272
 4, 4,-0.696
 5, 5,-1.371
 6, 6, 3.911
 7, 7, 2.667
 8, 8, 0.358
 9, 9, 1.455
10,10, 1.191
11,11, 4.976
12,12, 3.506
13,13, 0.780
14,14, 0.915
15,15, 1.916
16,16, 3.251
17,17,-0.701
18,18,-1.013
19,19, 2.455
20,20, 2.025
21,21, 1.964
22,22, 0.720
23,23, 4.190
24,24, 2.697
25,25, 2.455
26,26, 4.910
27,27, 2.685
28,28, 0.121
29,29,-1.628
30,30, 4.218
31,31, 2.136
32,32, 3.130
33,33, 1.453
34,34, 0.671
35,35,-1.165
36,36, 3.651
37,37, 1.738
38,38,-1.657
39,39, 2.470
40,40, 4.953
41,41,-1.341
42,42, 3.217
43,43, 0.766
44,44,-0.264
45,45, 3.983
46,46, 4.355
47,47, 1.115
48,48, 4.097
49,49,-1.324
50,50, 0.972
51,51, 3.922
52,52,-0.035
53,53, 3.155
54,54,-0.738
55,55, 2.566
56,56,-0.664
57,57,-0.937
58,58, 4.272
59,59,-0.239
60,60, 0.666
61,61,-0.293
62,62, 2.823
63,63, 2.799
64,64, 4.152
65,65,-0.646
66,66, 0.152
67,67, 5.000
68,68,-1.029
69,69, 0.927
70,70, 1.762
71,71,-0.608
72,72,-0.743
73,73, 1.893
74,74, 1.652
75,75, 2.622
76,76, 0.901
77,77, 4.289
78,78, 1.646
79,79, 3.238
80,80, 3.903
81,81, 2.442
82,82, 2.422
83,83,-1.150
84,84, 3.363
85,85, 1.865
86,86, 3.350
87,87,-0.751
88,88, 0.732
89,89, 1.686
90,90,-0.178
