from,to,weight
  1,  3,-0.367
  1,  6, 1.636
  1, 68, 0.520
  1, 69,-1.174
  1, 91,-0.744
  1, 99, 1.056
  2,  3,-0.876
  2,  5,-0.659
  2, 29,-0.328
  2, 90,-1.355
  3,  6, 1.181
  3, 91, 0.833
  4, 95, 1.612
  4,122, 0.315
  5,  6, 1.505
  5,  7,-0.939
  5, 23, 1.068
  5, 26,-0.441
  5, 29,-1.171
  6,  7,-0.654
  7, 24,-0.851
  8,  9,-1.179
  8, 12,-1.172
  9, 10, 1.988
  9, 12, 0.813
  9, 14, 0.805
  9, 46, 1.288
  9, 50,-0.573
 10, 12,-0.332
 10, 13,-0.690
 10, 18, 1.091
 12, 13, 1.279
 12, 43,-0.559
 12, 47, 0.794
 13, 44,-0.270
 14, 15,-0.437
 14, 16, 0.583
 14, 18, 0.764
 14, 50,-0.595
 15, 16,-0.609
 15, 20,-1.273
 16, 17, 0.821
 16, 18,-0.930
 16, 21,-0.320
 17, 18, 0.183
 17, 19, 1.457
 17, 22,-1.429
 19, 22, 0.919
 20, 21,-0.322
 21, 22, 1.045
 23, 24, 0.598
 25, 26, 0.333
 25, 27, 0.711
 25, 28,-0.994
 27, 28, 2.627
 28, 29, 1.667
 28, 30,-1.694
 28, 35, 2.188
 28, 89,-1.522
 29, 30,-1.696
 29, 90, 0.601
 30, 92,-1.688
 31, 39,-1.304
 31, 61,-1.100
 31, 94,-1.347
 32, 40,-1.592
 33, 34,-0.272
 33, 40,-0.067
 33, 42,-1.420
 34, 35, 1.412
 34, 36,-0.144
 34, 40,-1.244
 34, 42, 0.007
 35, 36,-1.512
 35, 89,-1.622
 36, 42,-1.395
 36, 92,-0.008
 37, 38, 0.114
 37, 43, 0.154
 38, 39, 0.989
 38, 40, 3.307
 38, 44,-0.100
 38, 59, 0.048
 39, 40, 0.814
 39, 41, 0.202
 39, 61, 1.851
 39, 94,-1.375
 40, 41, 0.179
 40, 42, 0.980
 41, 42,-0.915
 41, 95, 1.033
 42, 96,-0.143
 43, 44,-1.512
 43, 47,-0.098
 43, 57,-0.671
 45, 46, 1.222
 45, 47, 0.396
 45, 54, 2.616
 46, 47,-0.843
 46, 50,-0.516
 46, 55,-1.696
 47, 48,-0.602
 47, 57,-0.810
 48, 58,-0.618
 49, 50, 0.678
 49, 54, 0.979
 50, 55,-1.692
 51, 53, 0.191
 52, 53,-1.262
 53, 54, 2.917
 54, 55,-1.691
 57, 58,-0.259
 58, 59, 0.497
 58, 60,-0.525
 58, 64, 0.776
 60, 64,-0.316
 61, 65, 0.101
 61,120, 1.269
 62, 63, 1.145
 62, 64, 0.626
 62, 65, 0.445
 62,118, 1.599
 63, 64, 2.497
 64, 65,-0.456
 65,120,-1.167
 66, 67,-0.533
 66, 74,-0.139
 66,112,-0.244
 67, 75,-0.315
 67,113,-1.307
 68, 69,-0.537
 68, 70,-0.165
 69, 70,-0.244
 69, 99,-0.549
 70, 71, 1.051
 70, 91,-0.924
 70, 99, 0.006
 71, 81, 0.895
 71, 93,-0.537
 72, 73,-1.682
 72, 74, 1.005
 72,100,-0.538
 72,104,-1.069
 72,105,-0.495
 73, 74, 1.945
 73, 77,-0.041
 73, 88, 0.948
 73,101,-0.278
 74, 75, 1.880
 74, 79, 0.297
 75, 80,-0.166
 76, 77,-1.162
 76, 78,-1.174
 76, 82,-1.086
 77, 78, 1.603
 77, 79,-0.171
 77, 83,-1.499
 77, 88,-0.922
 78, 84, 2.317
 79, 80,-0.435
 81, 82, 1.946
 81, 84,-0.057
 81, 93, 0.521
 82, 83,-1.586
 82, 84, 1.919
 82, 87, 1.518
 82, 98, 0.096
 83, 88,-1.537
 85, 86,-0.450
 85, 87,-0.363
 85, 95,-0.322
 86, 87, 1.203
 86, 88, 0.130
 86, 97,-0.690
 86,100, 0.560
 87, 88, 0.016
 87, 98, 0.596
 88,101,-0.528
 89, 92,-1.488
 90, 91,-0.146
 90, 92, 1.005
 91, 92, 0.303
 91, 93, 1.463
 91, 99, 1.011
 92, 93,-0.860
 92, 96, 0.577
 92, 98, 0.849
 93, 98,-1.011
 94, 95,-1.235
 95, 96, 0.056
 95, 97,-0.654
 95, 98, 1.033
 96, 98,-0.879
 97,100,-0.399
100,101, 0.501
100,104, 2.449
102,103,-0.552
102,104, 1.711
102,106,-0.668
103,104,-1.184
103,117,-0.503
104,105, 0.740
104,107, 1.421
105,107,-0.703
106,107, 0.039
106,108,-1.646
107,108, 0.075
107,109, 1.006
109,110,-0.106
110,112,-0.698
112,113,-0.615
114,115,-1.038
114,116, 0.898
114,117, 1.168
115,116,-0.487
115,117, 0.444
115,118, 0.319
116,119, 0.718
117,121,-0.387
118,119, 0.517
118,120, 0.720
118,121,-0.540
120,122, 0.300
  3,  1,-0.367
  6,  1, 1.636
 68,  1, 0.520
 69,  1,-1.174
 91,  1,-0.744
 99,  1, 1.056
  3,  2,-0.876
  5,  2,-0.659
 29,  2,-0.328
 90,  2,-1.355
  6,  3, 1.181
 91,  3, 0.833
 95,  4, 1.612
122,  4, 0.315
  6,  5, 1.505
  7,  5,-0.939
 23,  5, 1.068
 26,  5,-0.441
 29,  5,-1.171
  7,  6,-0.654
 24,  7,-0.851
  9,  8,-1.179
 12,  8,-1.172
 10,  9, 1.988
 12,  9, 0.813
 14,  9, 0.805
 46,  9, 1.288
 50,  9,-0.573
 12, 10,-0.332
 13, 10,-0.690
 18, 10, 1.091
 13, 12, 1.279
 43, 12,-0.559
 47, 12, 0.794
 44, 13,-0.270
 15, 14,-0.437
 16, 14, 0.583
 18, 14, 0.764
 50, 14,-0.595
 16, 15,-0.609
 20, 15,-1.273
 17, 16, 0.821
 18, 16,-0.930
 21, 16,-0.320
 18, 17, 0.183
 19, 17, 1.457
 22, 17,-1.429
 22, 19, 0.919
 21, 20,-0.322
 22, 21, 1.045
 24, 23, 0.598
 26, 25, 0.333
 27, 25, 0.711
 28, 25,-0.994
 28, 27, 2.627
 29, 28, 1.667
 30, 28,-1.694
 35, 28, 2.188
 89, 28,-1.522
 30, 29,-1.696
 90, 29, 0.601
 92, 30,-1.688
 39, 31,-1.304
 61, 31,-1.100
 94, 31,-1.347
 40, 32,-1.592
 34, 33,-0.272
 40, 33,-0.067
 42, 33,-1.420
 35, 34, 1.412
 36, 34,-0.144
 40, 34,-1.244
 42, 34, 0.007
 36, 35,-1.512
 89, 35,-1.622
 42, 36,-1.395
 92, 36,-0.008
 38, 37, 0.114
 43, 37, 0.154
 39, 38, 0.989
 40, 38, 3.307
 44, 38,-0.100
 59, 38, 0.048
 40, 39, 0.814
 41, 39, 0.202
 61, 39, 1.851
 94, 39,-1.375
 41, 40, 0.179
 42, 40, 0.980
 42, 41,-0.915
 95, 41, 1.033
 96, 42,-0.143
 44, 43,-1.512
 47, 43,-0.098
 57, 43,-0.671
 46, 45, 1.222
 47, 45, 0.396
 54, 45, 2.616
 47, 46,-0.843
 50, 46,-0.516
 55, 46,-1.696
 48, 47,-0.602
 57, 47,-0.810
 58, 48,-0.618
 50, 49, 0.678
 54, 49, 0.979
 55, 50,-1.692
 53, 51, 0.191
 53, 52,-1.262
 54, 53, 2.917
 55, 54,-1.691
 58, 57,-0.259
 59, 58, 0.497
 60, 58,-0.525
 64, 58, 0.776
 64, 60,-0.316
 65, 61, 0.101
120, 61, 1.269
 63, 62, 1.145
 64, 62, 0.626
 65, 62, 0.445
118, 62, 1.599
 64, 63, 2.497
 65, 64,-0.456
120, 65,-1.167
 67, 66,-0.533
 74, 66,-0.139
112, 66,-0.244
 75, 67,-0.315
113, 67,-1.307
 69, 68,-0.537
 70, 68,-0.165
 70, 69,-0.244
 99, 69,-0.549
 71, 70, 1.051
 91, 70,-0.924
 99, 70, 0.006
 81, 71, 0.895
 93, 71,-0.537
 73, 72,-1.682
 74, 72, 1.005
100, 72,-0.538
104, 72,-1.069
105, 72,-0.495
 74, 73, 1.945
 77, 73,-0.041
 88, 73, 0.948
101, 73,-0.278
 75, 74, 1.880
 79, 74, 0.297
 80, 75,-0.166
 77, 76,-1.162
 78, 76,-1.174
 82, 76,-1.086
 78, 77, 1.603
 79, 77,-0.171
 83, 77,-1.499
 88, 77,-0.922
 84, 78, 2.317
 80, 79,-0.435
 82, 81, 1.946
 84, 81,-0.057
 93, 81, 0.521
 83, 82,-1.586
 84, 82, 1.919
 87, 82, 1.518
 98, 82, 0.096
 88, 83,-1.537
 86, 85,-0.450
 87, 85,-0.363
 95, 85,-0.322
 87, 86, 1.203
 88, 86, 0.130
 97, 86,-0.690
100, 86, 0.560
 88, 87, 0.016
 98, 87, 0.596
101, 88,-0.528
 92, 89,-1.488
 91, 90,-0.146
 92, 90, 1.005
 92, 91, 0.303
 93, 91, 1.463
 99, 91, 1.011
 93, 92,-0.860
 96, 92, 0.577
 98, 92, 0.849
 98, 93,-1.011
 95, 94,-1.235
 96, 95, 0.056
 97, 95,-0.654
 98, 95, 1.033
 98, 96,-0.879
100, 97,-0.399
101,100, 0.501
104,100, 2.449
103,102,-0.552
104,102, 1.711
106,102,-0.668
104,103,-1.184
117,103,-0.503
105,104, 0.740
107,104, 1.421
107,105,-0.703
107,106, 0.039
108,106,-1.646
108,107, 0.075
109,107, 1.006
110,109,-0.106
112,110,-0.698
113,112,-0.615
115,114,-1.038
116,114, 0.898
117,114, 1.168
116,115,-0.487
117,115, 0.444
118,115, 0.319
119,116, 0.718
121,117,-0.387
119,118, 0.517
120,118, 0.720
121,118,-0.540
122,120, 0.300
  0,  0, 2.845
  1,  1, 4.148
  2,  2,-0.421
  3,  3, 1.499
  4,  4, 1.820
  5,  5, 3.266
  6,  6, 4.583
  7,  7,-0.179
  8,  8,-1.507
  9,  9, 4.041
 10, 10, 2.407
 11, 11,-0.720
 12, 12, 3.179
 13, 13, 1.727
 14, 14, 3.382
 15, 15, 0.396
 16, 16, 1.373
 17, 17, 0.885
 18, 18, 2.252
 19, 19, 4.352
 20, 20,-0.194
 21, 21, 2.037
 22, 22, 2.056
 23, 23, 2.521
 24, 24, 3.609
 25, 25, 1.628
 26, 26, 0.577
 27, 27, 1.894
 28, 28, 4.430
 29, 29, 1.508
 30, 30,-1.695
 31, 31,-1.177
 32, 32,-1.633
 33, 33,-0.758
 34, 34, 2.307
 35, 35, 0.919
 36, 36,-0.669
 37, 37,-0.528
 38, 38, 5.000
 39, 39, 3.338
 40, 40, 5.000
 41, 41, 1.299
 42, 42, 1.601
 43, 43, 0.830
 44, 44,-1.082
 45, 45, 3.008
 46, 46, 1.696
 47, 47, 2.597
 48, 48,-1.316
 49, 49, 0.567
 50, 50, 1.493
 51, 51, 1.374
 52, 52,-0.588
 53, 53, 4.375
 54, 54, 5.000
 55, 55,-1.692
 56, 56,-0.933
 57, 57,-0.137
 58, 58, 3.964
 59, 59, 0.111
 60, 60,-0.297
 61, 61, 3.114
 62, 62, 3.249
 63, 63, 5.000
 64, 64, 4.305
 65, 65, 0.769
 66, 66, 0.144
 67, 67, 1.525
 68, 68, 1.313
 69, 69, 0.054
 70, 70, 3.741
 71, 71, 1.483
 72, 72, 1.116
 73, 73, 1.347
 74, 74, 4.750
 75, 75, 2.097
 76, 76,-1.006
 77, 77, 2.536
 78, 78, 2.680
 79, 79, 0.784
 80, 80, 1.567
 81, 81, 5.000
 82, 82, 3.785
 83, 83,-1.529
 84, 84, 4.274
 85, 85, 0.069
 86, 86, 1.949
 87, 87, 3.152
 88, 88, 1.772
 89, 89,-1.552
 90, 90, 0.830
 91, 91, 3.724
 92, 92, 3.709
 93, 93, 1.816
 94, 94,-1.150
 95, 95, 5.000
 96, 96, 1.120
 97, 97,-0.115
 98, 98, 2.975
 99, 99, 2.176
100,100, 2.823
101,101, 0.412
102,102, 1.756
103,103, 0.354
104,104, 4.576
105,105, 0.989
106,106, 1.708
107,107, 3.893
108,108,-0.185
109,109, 2.754
110,110, 1.344
111,111, 0.538
112,112, 1.448
113,113,-0.378
114,114, 3.233
115,115, 0.877
116,116, 1.504
117,117, 3.621
118,118, 2.992
119,119, 1.630
120,120, 2.066
121,121, 0.029
122,122, 0.518
