from,to,weight
  0,  4, 2.716
  0, 69, 0.888
  0, 70,-0.517
  0, 87,-1.180
  0, 94, 1.009
  1,  2,-0.491
  1,  3, 0.318
  1, 24,-1.611
  1, 29, 0.324
  1, 86,-1.163
  2,  4, 0.081
  2, 87,-0.077
  3,  4, 0.430
  3,  5,-0.456
  3, 24, 0.524
  4,  5, 1.082
  4, 87,-0.947
  7,  8, 0.622
  7, 12,-0.780
  7, 46, 0.018
  8,  9, 1.659
  8, 10,-0.091
  8, 12,-0.741
  8, 15, 0.684
  8, 47,-0.274
  8, 53,-0.990
  9, 10, 0.074
  9, 11,-0.377
  9, 16, 1.646
  9, 42,-0.389
 10, 11,-0.396
 10, 12,-1.237
 10, 13, 0.175
 11, 13,-0.440
 11, 32,-0.501
 12, 13,-0.121
 12, 48,-1.220
 13, 37,-0.515
 13, 45,-0.530
 13, 49, 0.286
 14, 15, 0.899
 14, 16, 0.274
 14, 17,-1.018
 14, 19, 1.725
 14, 52, 0.795
 15, 16,-0.948
 15, 53,-1.129
 16, 18,-0.711
 17, 19,-1.395
 20, 21, 0.089
 20, 22, 0.307
 20, 24,-0.468
 21, 22, 0.306
 23, 24, 2.575
 23, 25, 2.483
 23, 28,-0.101
 24, 29,-1.636
 25, 28, 3.815
 26, 27,-1.170
 26, 28,-0.719
 26, 31,-0.768
 26, 33,-0.872
 27, 28,-0.748
 27, 34,-0.554
 28, 29, 2.093
 28, 30,-1.624
 28, 35, 0.857
 29, 30,-1.360
 29, 86, 0.713
 30, 36,-1.444
 30, 88,-1.479
 31, 39,-0.447
 32, 37, 0.502
 32, 39, 0.672
 32, 43,-0.624
 33, 34, 0.627
 33, 39, 0.809
 33, 41,-1.082
 34, 35, 0.490
 34, 36, 0.068
 34, 41, 0.016
 35, 36,-1.321
 36, 41,-0.528
 36, 88, 0.393
 37, 38, 0.347
 37, 39, 2.718
 37, 45, 0.350
 37, 61, 0.389
 38, 39, 0.479
 38, 40, 0.132
 38, 62, 1.211
 39, 40, 0.365
 39, 41, 0.909
 40, 41,-0.101
 40, 90, 0.974
 41, 91,-0.983
 44, 45,-1.604
 44, 48,-1.508
 44, 60,-1.519
 45, 49,-0.772
 45, 61,-0.541
 46, 47,-0.028
 46, 48, 1.435
 46, 56, 2.318
 47, 59,-1.652
 48, 49, 0.459
 48, 60, 0.745
 50, 51,-0.010
 50, 53,-0.562
 50, 56, 0.412
 51, 52, 1.186
 51, 53,-1.559
 51, 58,-0.426
 52, 53,-0.501
 53, 59,-1.298
 54, 57, 0.079
 55, 56, 3.794
 55, 57,-0.912
 56, 57, 0.704
 56, 58,-1.224
 56, 59,-0.945
 57, 58,-0.076
 60, 61, 1.411
 63, 64,-0.745
 63, 66,-0.398
 63, 68,-0.475
 63, 99,-0.334
 64, 66, 2.659
 64,101, 1.504
 66, 67,-1.251
 66, 68,-0.971
 69, 70,-0.329
 69, 71,-0.117
 70, 71, 0.723
 70, 94, 0.699
 71, 76,-0.997
 71, 87,-0.122
 71, 94,-0.593
 72, 74,-0.574
 72, 85,-1.489
 73, 74, 0.213
 73, 79,-0.422
 74, 75, 0.226
 74, 85,-0.579
 76, 77, 0.795
 76, 87,-0.076
 77, 78, 0.677
 77, 80,-0.035
 77, 81,-1.247
 77, 89, 0.220
 78, 80,-1.558
 78, 83,-0.608
 79, 84,-1.391
 81, 83,-1.053
 81, 89,-1.167
 82, 83,-0.199
 82, 92, 1.163
 82, 95, 0.415
 83, 93,-0.989
 84, 85,-0.508
 86, 87, 0.498
 86, 88, 0.856
 87, 88, 0.057
 87, 89, 0.142
 87, 94, 1.085
 88, 89,-0.433
 88, 91,-0.373
 88, 93, 0.224
 89, 93, 0.642
 90, 91,-0.656
 90, 92, 1.124
 90, 93, 0.642
 91, 93,-1.523
 92, 93,-1.119
 92, 95, 0.131
 95, 96, 1.346
 96, 98,-0.645
 97,102,-1.018
 99,100, 0.832
 99,101, 0.672
 99,102, 0.403
100,101,-1.124
  4,  0, 2.716
 69,  0, 0.888
 70,  0,-0.517
 87,  0,-1.180
 94,  0, 1.009
  2,  1,-0.491
  3,  1, 0.318
 24,  1,-1.611
 29,  1, 0.324
 86,  1,-1.163
  4,  2, 0.081
 87,  2,-0.077
  4,  3, 0.430
  5,  3,-0.456
 24,  3, 0.524
  5,  4, 1.082
 87,  4,-0.947
  8,  7, 0.622
 12,  7,-0.780
 46,  7, 0.018
  9,  8, 1.659
 10,  8,-0.091
 12,  8,-0.741
 15,  8, 0.684
 47,  8,-0.274
 53,  8,-0.990
 10,  9, 0.074
 11,  9,-0.377
 16,  9, 1.646
 42,  9,-0.389
 11, 10,-0.396
 12, 10,-1.237
 13, 10, 0.175
 13, 11,-0.440
 32, 11,-0.501
 13, 12,-0.121
 48, 12,-1.220
 37, 13,-0.515
 45, 13,-0.530
 49, 13, 0.286
 15, 14, 0.899
 16, 14, 0.274
 17, 14,-1.018
 19, 14, 1.725
 52, 14, 0.795
 16, 15,-0.948
 53, 15,-1.129
 18, 16,-0.711
 19, 17,-1.395
 21, 20, 0.089
 22, 20, 0.307
 24, 20,-0.468
 22, 21, 0.306
 24, 23, 2.575
 25, 23, 2.483
 28, 23,-0.101
 29, 24,-1.636
 28, 25, 3.815
 27, 26,-1.170
 28, 26,-0.719
 31, 26,-0.768
 33, 26,-0.872
 28, 27,-0.748
 34, 27,-0.554
 29, 28, 2.093
 30, 28,-1.624
 35, 28, 0.857
 30, 29,-1.360
 86, 29, 0.713
 36, 30,-1.444
 88, 30,-1.479
 39, 31,-0.447
 37, 32, 0.502
 39, 32, 0.672
 43, 32,-0.624
 34, 33, 0.627
 39, 33, 0.809
 41, 33,-1.082
 35, 34, 0.490
 36, 34, 0.068
 41, 34, 0.016
 36, 35,-1.321
 41, 36,-0.528
 88, 36, 0.393
 38, 37, 0.347
 39, 37, 2.718
 45, 37, 0.350
 61, 37, 0.389
 39, 38, 0.479
 40, 38, 0.132
 62, 38, 1.211
 40, 39, 0.365
 41, 39, 0.909
 41, 40,-0.101
 90, 40, 0.974
 91, 41,-0.983
 45, 44,-1.604
 48, 44,-1.508
 60, 44,-1.519
 49, 45,-0.772
 61, 45,-0.541
 47, 46,-0.028
 48, 46, 1.435
 56, 46, 2.318
 59, 47,-1.652
 49, 48, 0.459
 60, 48, 0.745
 51, 50,-0.010
 53, 50,-0.562
 56, 50, 0.412
 52, 51, 1.186
 53, 51,-1.559
 58, 51,-0.426
 53, 52,-0.501
 59, 53,-1.298
 57, 54, 0.079
 56, 55, 3.794
 57, 55,-0.912
 57, 56, 0.704
 58, 56,-1.224
 59, 56,-0.945
 58, 57,-0.076
 61, 60, 1.411
 64, 63,-0.745
 66, 63,-0.398
 68, 63,-0.475
 99, 63,-0.334
 66, 64, 2.659
101, 64, 1.504
 67, 66,-1.251
 68, 66,-0.971
 70, 69,-0.329
 71, 69,-0.117
 71, 70, 0.723
 94, 70, 0.699
 76, 71,-0.997
 87, 71,-0.122
 94, 71,-0.593
 74, 72,-0.574
 85, 72,-1.489
 74, 73, 0.213
 79, 73,-0.422
 75, 74, 0.226
 85, 74,-0.579
 77, 76, 0.795
 87, 76,-0.076
 78, 77, 0.677
 80, 77,-0.035
 81, 77,-1.247
 89, 77, 0.220
 80, 78,-1.558
 83, 78,-0.608
 84, 79,-1.391
 83, 81,-1.053
 89, 81,-1.167
 83, 82,-0.199
 92, 82, 1.163
 95, 82, 0.415
 93, 83,-0.989
 85, 84,-0.508
 87, 86, 0.498
 88, 86, 0.856
 88, 87, 0.057
 89, 87, 0.142
 94, 87, 1.085
 89, 88,-0.433
 91, 88,-0.373
 93, 88, 0.224
 93, 89, 0.642
 91, 90,-0.656
 92, 90, 1.124
 93, 90, 0.642
 93, 91,-1.523
 93, 92,-1.119
 95, 92, 0.131
 96, 95, 1.346
 98, 96,-0.645
102, 97,-1.018
100, 99, 0.832
101, 99, 0.672
102, 99, 0.403
101,100,-1.124
  0,  0, 2.886
  1,  1, 0.860
  2,  2, 0.046
  3,  3, 2.507
  4,  4, 5.000
  5,  5, 2.404
  6,  6,-0.904
  7,  7, 0.308
  8,  8, 3.264
  9,  9, 4.314
 10, 10, 1.322
 11, 11, 0.989
 12, 12, 0.179
 13, 13, 2.599
 14, 14, 4.974
 15, 15, 1.025
 16, 16, 2.841
 17, 17,-1.287
 18, 18,-1.095
 19, 19, 3.288
 20, 20, 2.499
 21, 21, 4.230
 22, 22, 2.062
 23, 23, 2.207
 24, 24, 2.617
 25, 25, 3.255
 26, 26, 0.524
 27, 27,-0.920
 28, 28, 4.961
 29, 29, 1.500
 30, 30,-1.345
 31, 31,-1.111
 32, 32, 2.628
 33, 33, 0.453
 34, 34, 2.453
 35, 35,-0.530
 36, 36, 0.673
 37, 37, 5.000
 38, 38, 3.120
 39, 39, 5.000
 40, 40, 2.400
 41, 41, 2.188
 42, 42,-0.387
 43, 43, 1.521
 44, 44,-1.535
 45, 45, 0.434
 46, 46, 3.268
 47, 47,-0.005
 48, 48, 2.113
 49, 49, 0.049
 50, 50, 0.237
 51, 51, 0.951
 52, 52, 2.539
 53, 53, 0.803
 54, 54,-0.392
 55, 55, 5.000
 56, 56, 4.709
 57, 57, 2.768
 58, 58,-0.088
 59, 59,-1.107
 60, 60, 3.515
 61, 61, 2.037
 62, 62, 1.927
 63, 63, 0.990
 64, 64, 1.588
 65, 65,-1.446
 66, 66, 5.000
 67, 67,-1.226
 68, 68, 0.788
 69, 69, 1.572
 70, 70, 1.230
 71, 71, 4.334
 72, 72,-0.626
 73, 73,-0.207
 74, 74, 2.393
 75, 75, 2.829
 76, 76, 1.814
 77, 77, 4.609
 78, 78, 0.103
 79, 79, 0.427
 80, 80, 2.258
 81, 81,-1.063
 82, 82, 3.142
 83, 83, 0.642
 84, 84, 0.844
 85, 85,-0.286
 86, 86, 1.341
 87, 87, 4.687
 88, 88, 3.221
 89, 89, 1.884
 90, 90, 3.301
 91, 91,-0.382
 92, 92, 2.982
 93, 93, 1.321
 94, 94, 2.407
 95, 95, 1.150
 96, 96, 3.040
 97, 97,-0.840
 98, 98, 0.594
 99, 99, 3.839
100,100, 1.777
101,101, 3.593
102,102, 1.069
