from,to,weight
 0, 5, 1.643
 0,62,-1.425
 0,69,-1.505
 0,75, 0.358
 1, 2,-1.112
 1,23,-1.458
 1,29,-1.127
 2, 3,-0.438
 2, 4, 0.734
 2,24,-1.049
 2,30, 0.050
 2,68,-1.471
 3, 5,-0.546
 3,69,-0.353
 4, 5,-0.242
 4, 6,-1.008
 4,20, 0.793
 4,24,-0.212
 5, 6, 1.429
 5,69, 0.075
 6,21, 0.514
 7,15,-1.265
 7,50,-0.636
 8, 9, 0.671
 8,13,-0.394
 8,45, 0.050
 9,10, 1.523
 9,11,-0.252
 9,13,-0.745
 9,16, 0.410
 9,46,-0.433
 9,51,-1.340
10,11,-0.135
10,12,-0.239
10,17, 1.925
10,18,-0.887
10,42,-0.939
11,12,-0.616
11,13,-0.536
11,14,-0.125
12,14, 0.670
13,14, 0.533
13,47, 0.170
14,37,-0.491
14,44, 0.026
15,16, 0.653
15,17, 0.310
15,19, 1.801
15,50, 0.911
16,17,-0.798
16,51,-1.214
17,18, 0.633
20,21, 0.677
20,22, 1.231
20,24, 1.153
21,22, 0.554
23,24, 2.400
23,26, 2.870
23,29,-1.512
24,25,-1.617
26,29, 4.830
27,28,-1.312
27,29,-0.767
27,33,-1.268
28,29,-0.777
28,34,-0.720
29,30, 2.016
29,31,-1.621
29,35, 1.124
30,31,-1.107
30,68, 1.326
31,36,-1.080
31,70,-1.443
32,37, 0.315
32,39,-0.578
32,43,-1.152
33,34, 0.724
33,39, 1.296
33,41,-0.843
34,35, 0.608
34,36, 0.170
34,41, 0.060
35,36,-1.317
36,41, 0.079
36,70, 0.324
37,38,-0.725
37,39, 2.824
37,44, 0.260
38,39, 0.661
38,40, 0.167
39,40, 0.433
39,41, 0.969
40,41, 0.326
40,72, 0.909
45,46,-0.414
45,47, 0.721
45,53, 1.332
47,58, 0.000
48,49,-1.180
48,51,-1.404
48,53,-0.951
49,50, 1.019
49,55, 0.505
50,51,-0.040
50,56,-1.610
51,57,-1.123
52,53,-0.023
53,54, 0.474
53,55,-0.262
53,57,-0.152
54,55, 0.662
55,56,-1.552
58,59,-0.502
59,61,-0.732
60,61,-0.557
62,63,-1.223
62,64,-0.860
63,64,-0.586
63,75,-0.869
64,65,-0.251
64,69,-0.039
64,75, 0.425
65,66, 1.108
65,69, 1.261
67,73, 0.246
68,69, 1.145
68,70, 0.503
69,70, 0.058
69,71,-0.354
69,75, 1.027
70,71,-0.473
70,72,-0.896
70,74,-0.627
71,74,-1.138
72,73,-0.257
72,74,-0.578
 5, 0, 1.643
62, 0,-1.425
69, 0,-1.505
75, 0, 0.358
 2, 1,-1.112
23, 1,-1.458
29, 1,-1.127
 3, 2,-0.438
 4, 2, 0.734
24, 2,-1.049
30, 2, 0.050
68, 2,-1.471
 5, 3,-0.546
69, 3,-0.353
 5, 4,-0.242
 6, 4,-1.008
20, 4, 0.793
24, 4,-0.212
 6, 5, 1.429
69, 5, 0.075
21, 6, 0.514
15, 7,-1.265
50, 7,-0.636
 9, 8, 0.671
13, 8,-0.394
45, 8, 0.050
10, 9, 1.523
11, 9,-0.252
13, 9,-0.745
16, 9, 0.410
46, 9,-0.433
51, 9,-1.340
11,10,-0.135
12,10,-0.239
17,10, 1.925
18,10,-0.887
42,10,-0.939
12,11,-0.616
13,11,-0.536
14,11,-0.125
14,12, 0.670
14,13, 0.533
47,13, 0.170
37,14,-0.491
44,14, 0.026
16,15, 0.653
17,15, 0.310
19,15, 1.801
50,15, 0.911
17,16,-0.798
51,16,-1.214
18,17, 0.633
21,20, 0.677
22,20, 1.231
24,20, 1.153
22,21, 0.554
24,23, 2.400
26,23, 2.870
29,23,-1.512
25,24,-1.617
29,26, 4.830
28,27,-1.312
29,27,-0.767
33,27,-1.268
29,28,-0.777
34,28,-0.720
30,29, 2.016
31,29,-1.621
35,29, 1.124
31,30,-1.107
68,30, 1.326
36,31,-1.080
70,31,-1.443
37,32, 0.315
39,32,-0.578
43,32,-1.152
34,33, 0.724
39,33, 1.296
41,33,-0.843
35,34, 0.608
36,34, 0.170
41,34, 0.060
36,35,-1.317
41,36, 0.079
70,36, 0.324
38,37,-0.725
39,37, 2.824
44,37, 0.260
39,38, 0.661
40,38, 0.167
40,39, 0.433
41,39, 0.969
41,40, 0.326
72,40, 0.909
46,45,-0.414
47,45, 0.721
53,45, 1.332
58,47, 0.000
49,48,-1.180
51,48,-1.404
53,48,-0.951
50,49, 1.019
55,49, 0.505
51,50,-0.040
56,50,-1.610
57,51,-1.123
53,52,-0.023
54,53, 0.474
55,53,-0.262
57,53,-0.152
55,54, 0.662
56,55,-1.552
59,58,-0.502
61,59,-0.732
61,60,-0.557
63,62,-1.223
64,62,-0.860
64,63,-0.586
75,63,-0.869
65,64,-0.251
69,64,-0.039
75,64, 0.425
66,65, 1.108
69,65, 1.261
73,67, 0.246
69,68, 1.145
70,68, 0.503
70,69, 0.058
71,69,-0.354
75,69, 1.027
71,70,-0.473
72,70,-0.896
74,70,-0.627
74,71,-1.138
73,72,-0.257
74,72,-0.578
 0, 0, 1.050
 1, 1,-1.054
 2, 2, 1.438
 3, 3,-0.141
 4, 4, 1.660
 5, 5, 4.932
 6, 6, 2.949
 7, 7, 0.220
 8, 8, 0.569
 9, 9, 3.099
10,10, 4.228
11,11, 1.283
12,12, 0.527
13,13, 1.594
14,14, 2.968
15,15, 4.585
16,16, 0.843
17,17, 3.251
18,18, 1.218
19,19, 2.532
20,20, 3.290
21,21, 4.593
22,22, 2.441
23,23, 1.412
24,24, 2.491
25,25,-1.673
26,26, 3.171
27,27,-0.250
28,28,-0.759
29,29, 5.000
30,30, 1.518
31,31,-1.106
32,32, 1.322
33,33, 0.567
34,34, 2.514
35,35,-0.140
36,36, 1.515
37,37, 4.934
38,38, 3.520
39,39, 5.000
40,40, 3.047
41,41, 2.469
42,42,-1.206
43,43, 1.748
44,44,-0.792
45,45, 2.849
46,46,-0.148
47,47, 1.979
48,48,-1.158
49,49,-0.114
50,50, 3.498
51,51, 0.539
52,52, 1.092
53,53, 4.653
54,54, 2.466
55,55, 1.504
56,56,-1.590
57,57,-0.467
58,58, 2.612
59,59, 0.206
60,60, 0.498
61,61, 3.795
62,62, 0.185
63,63,-0.622
64,64, 4.504
65,65, 3.234
66,66, 3.457
67,67, 3.045
68,68, 1.353
69,69, 5.000
70,70, 2.421
71,71, 0.763
72,72, 2.599
73,73, 1.358
74,74,-0.223
75,75, 1.902
76,76, 0.600
