from,to,weight
 0, 1, 1.991
 0,10, 0.144
 0,13, 1.659
 1,11,-1.207
 2, 8, 2.443
 3, 4, 0.098
 3, 5,-0.302
 4, 5, 0.595
 4, 6, 0.145
 4,14, 0.141
 4,17, 0.918
 5, 6,-0.800
 5, 7,-0.522
 8, 9, 3.485
 9,10, 1.164
 9,11, 1.913
10,11,-1.569
10,13, 0.557
14,17,-0.107
14,19, 1.708
15,16,-1.688
15,17, 0.679
15,18, 0.628
15,42, 0.830
16,17,-1.435
16,43,-0.917
17,19,-1.057
18,19, 1.167
18,42, 1.590
20,21,-0.930
20,38,-0.751
21,29,-0.214
21,35, 0.751
22,23,-0.709
22,24,-0.573
22,25,-1.061
22,26, 0.224
22,32,-1.049
23,24, 0.777
23,33, 0.867
23,36, 0.824
23,50,-1.226
24,25, 0.838
24,30, 1.302
24,37,-0.635
25,27, 0.639
25,28,-1.324
25,31,-0.820
26,27, 0.202
26,32,-0.298
27,28, 2.334
28,31, 2.165
29,30, 0.947
29,35, 0.220
30,31, 2.098
30,37,-1.080
32,33, 0.160
33,50, 1.129
34,35, 0.287
34,44,-0.771
35,36, 0.693
35,37,-0.289
36,37,-0.272
36,50, 0.034
38,41, 1.364
38,44,-0.986
39,40, 0.545
39,43, 2.086
41,42, 1.157
41,43,-0.230
41,44, 0.810
42,43, 2.372
47,48,-0.999
47,49, 1.386
48,49,-1.335
49,50,-0.378
 1, 0, 1.991
10, 0, 0.144
13, 0, 1.659
11, 1,-1.207
 8, 2, 2.443
 4, 3, 0.098
 5, 3,-0.302
 5, 4, 0.595
 6, 4, 0.145
14, 4, 0.141
17, 4, 0.918
 6, 5,-0.800
 7, 5,-0.522
 9, 8, 3.485
10, 9, 1.164
11, 9, 1.913
11,10,-1.569
13,10, 0.557
17,14,-0.107
19,14, 1.708
16,15,-1.688
17,15, 0.679
18,15, 0.628
42,15, 0.830
17,16,-1.435
43,16,-0.917
19,17,-1.057
19,18, 1.167
42,18, 1.590
21,20,-0.930
38,20,-0.751
29,21,-0.214
35,21, 0.751
23,22,-0.709
24,22,-0.573
25,22,-1.061
26,22, 0.224
32,22,-1.049
24,23, 0.777
33,23, 0.867
36,23, 0.824
50,23,-1.226
25,24, 0.838
30,24, 1.302
37,24,-0.635
27,25, 0.639
28,25,-1.324
31,25,-0.820
27,26, 0.202
32,26,-0.298
28,27, 2.334
31,28, 2.165
30,29, 0.947
35,29, 0.220
31,30, 2.098
37,30,-1.080
33,32, 0.160
50,33, 1.129
35,34, 0.287
44,34,-0.771
36,35, 0.693
37,35,-0.289
37,36,-0.272
50,36, 0.034
41,38, 1.364
44,38,-0.986
40,39, 0.545
43,39, 2.086
42,41, 1.157
43,41,-0.230
44,41, 0.810
43,42, 2.372
48,47,-0.999
49,47, 1.386
49,48,-1.335
50,49,-0.378
 0, 0, 5.000
 1, 1, 1.724
 2, 2, 2.336
 3, 3, 0.634
 4, 4, 4.854
 5, 5, 2.835
 6, 6, 0.056
 7, 7, 0.186
 8, 8, 4.677
 9, 9, 4.124
10,10, 1.989
11,11, 1.792
12,12, 1.085
13,13, 2.923
14,14, 3.666
15,15, 1.120
16,16,-1.131
17,17, 1.477
18,18, 5.000
19,19, 1.598
20,20,-1.047
21,21, 1.826
22,22, 0.781
23,23, 1.818
24,24, 2.806
25,25, 0.826
26,26, 3.949
27,27, 4.587
28,28, 0.984
29,29, 2.642
30,30, 4.212
31,31, 3.374
32,32, 0.198
33,33, 2.812
34,34, 0.844
35,35, 3.601
36,36, 3.093
37,37, 0.185
38,38, 2.772
39,39, 3.333
40,40, 1.265
41,41, 2.964
42,42, 4.325
43,43, 4.723
44,44, 2.325
45,45,-0.791
46,46,-0.653
47,47, 2.708
48,48,-0.497
49,49, 3.426
50,50, 4.103
