from,to,weight
 1,40,-1.080
 3, 4, 0.005
 3,45,-0.122
 3,51,-0.711
 3,54,-0.960
 3,59,-1.489
 5, 6, 0.109
 5,10,-0.656
 5,15,-0.902
 6, 7,-1.454
 6, 8, 1.810
 6,12, 1.937
 7, 8, 1.305
 9,10,-0.725
 9,11,-0.581
10,11, 1.143
10,12, 1.690
11,12, 0.806
11,13,-1.240
12,13, 0.517
13,14, 2.137
14,52,-0.599
14,56, 0.450
14,65, 3.185
16,32, 3.568
16,36, 0.256
16,47, 0.696
17,18, 0.422
17,20,-0.659
17,22,-0.889
17,29,-0.188
18,19, 0.614
18,23,-0.338
18,30, 0.351
19,24, 0.278
19,31, 0.619
20,22,-0.753
20,69,-0.332
22,23,-1.063
24,26,-0.997
25,26, 1.375
25,27, 1.400
26,27,-1.026
27,32, 2.350
28,29,-1.629
28,32,-0.886
28,33, 0.577
28,35, 0.319
28,62,-1.637
29,30, 0.399
29,34, 1.852
30,31,-0.390
31,32, 1.881
32,36,-0.075
33,34,-0.132
33,62, 0.247
34,63, 0.276
34,69, 2.267
35,36,-0.396
35,37,-0.628
35,46, 0.468
35,53,-0.037
35,62, 0.141
36,37, 0.281
36,47,-1.387
37,48, 0.715
38,39, 0.345
38,40, 0.287
38,49, 2.266
39,40,-0.560
40,41, 1.536
40,49,-1.520
41,42, 1.026
41,43,-0.760
41,44,-1.593
41,49,-0.834
42,43, 0.048
42,45, 0.210
42,50, 1.317
43,44, 0.551
43,45,-1.659
44,45,-0.168
45,51,-0.474
46,48,-0.598
46,50, 0.520
46,51, 0.156
46,53, 0.923
47,48, 0.350
48,49, 1.430
48,50, 0.408
49,50,-0.415
50,51, 0.080
51,54, 0.355
52,56,-0.358
53,54,-1.532
53,58, 0.452
53,62,-0.723
54,59, 0.579
55,56,-0.221
55,57, 0.489
56,57, 1.999
56,58,-0.751
56,60, 1.083
56,65,-0.452
57,58, 0.196
57,59, 1.209
58,59, 0.162
58,62, 0.286
60,61, 0.537
60,62,-0.578
60,65, 0.235
61,62, 1.069
61,63,-0.754
61,66,-0.428
61,67, 1.835
62,63,-0.504
63,69,-1.672
64,65,-1.028
65,66, 0.254
66,67, 0.267
67,68,-0.574
67,69, 0.242
67,70, 1.626
68,69, 1.085
68,70, 0.527
40, 1,-1.080
 4, 3, 0.005
45, 3,-0.122
51, 3,-0.711
54, 3,-0.960
59, 3,-1.489
 6, 5, 0.109
10, 5,-0.656
15, 5,-0.902
 7, 6,-1.454
 8, 6, 1.810
12, 6, 1.937
 8, 7, 1.305
10, 9,-0.725
11, 9,-0.581
11,10, 1.143
12,10, 1.690
12,11, 0.806
13,11,-1.240
13,12, 0.517
14,13, 2.137
52,14,-0.599
56,14, 0.450
65,14, 3.185
32,16, 3.568
36,16, 0.256
47,16, 0.696
18,17, 0.422
20,17,-0.659
22,17,-0.889
29,17,-0.188
19,18, 0.614
23,18,-0.338
30,18, 0.351
24,19, 0.278
31,19, 0.619
22,20,-0.753
69,20,-0.332
23,22,-1.063
26,24,-0.997
26,25, 1.375
27,25, 1.400
27,26,-1.026
32,27, 2.350
29,28,-1.629
32,28,-0.886
33,28, 0.577
35,28, 0.319
62,28,-1.637
30,29, 0.399
34,29, 1.852
31,30,-0.390
32,31, 1.881
36,32,-0.075
34,33,-0.132
62,33, 0.247
63,34, 0.276
69,34, 2.267
36,35,-0.396
37,35,-0.628
46,35, 0.468
53,35,-0.037
62,35, 0.141
37,36, 0.281
47,36,-1.387
48,37, 0.715
39,38, 0.345
40,38, 0.287
49,38, 2.266
40,39,-0.560
41,40, 1.536
49,40,-1.520
42,41, 1.026
43,41,-0.760
44,41,-1.593
49,41,-0.834
43,42, 0.048
45,42, 0.210
50,42, 1.317
44,43, 0.551
45,43,-1.659
45,44,-0.168
51,45,-0.474
48,46,-0.598
50,46, 0.520
51,46, 0.156
53,46, 0.923
48,47, 0.350
49,48, 1.430
50,48, 0.408
50,49,-0.415
51,50, 0.080
54,51, 0.355
56,52,-0.358
54,53,-1.532
58,53, 0.452
62,53,-0.723
59,54, 0.579
56,55,-0.221
57,55, 0.489
57,56, 1.999
58,56,-0.751
60,56, 1.083
65,56,-0.452
58,57, 0.196
59,57, 1.209
59,58, 0.162
62,58, 0.286
61,60, 0.537
62,60,-0.578
65,60, 0.235
62,61, 1.069
63,61,-0.754
66,61,-0.428
67,61, 1.835
63,62,-0.504
69,63,-1.672
65,64,-1.028
66,65, 0.254
67,66, 0.267
68,67,-0.574
69,67, 0.242
70,67, 1.626
69,68, 1.085
70,68, 0.527
 0, 0, 1.572
 1, 1, 0.936
 2, 2,-1.247
 3, 3, 1.129
 4, 4, 2.706
 5, 5, 2.469
 6, 6, 2.717
 7, 7, 3.361
 8, 8, 2.270
 9, 9,-0.347
10,10, 5.000
11,11, 3.304
12,12, 4.274
13,13, 1.333
14,14, 4.300
15,15, 1.010
16,16, 5.000
17,17, 1.368
18,18, 2.496
19,19, 1.866
20,20, 2.600
21,21,-0.045
22,22,-0.728
23,23, 0.217
24,24,-0.318
25,25, 4.359
26,26, 1.206
27,27, 3.730
28,28, 0.719
29,29, 0.937
30,30, 1.086
31,31, 0.737
32,32, 4.680
33,33, 0.631
34,34, 3.391
35,35, 2.971
36,36, 1.374
37,37, 0.373
38,38, 3.223
39,39, 1.421
40,40, 2.001
41,41, 2.371
42,42, 2.221
43,43, 0.220
44,44, 2.171
45,45, 1.405
46,46, 1.991
47,47, 0.437
48,48, 3.481
49,49, 2.285
50,50, 3.343
51,51, 1.911
52,52,-0.499
53,53, 1.455
54,54,-0.305
55,55, 0.439
56,56, 4.555
57,57, 4.696
58,58, 2.239
59,59, 1.860
60,60, 1.187
61,61, 2.649
62,62, 3.581
63,63,-0.074
64,64,-1.017
65,65, 4.354
66,66, 1.122
67,67, 5.000
68,68, 2.273
69,69, 3.884
70,70, 0.744
