from,to,weight
 0,57,-0.967
 1, 2, 0.325
 2, 3, 0.702
 2, 5,-0.035
 3, 5,-0.189
 3,62, 0.274
 4, 5, 1.867
 4,61, 1.204
 5,62,-0.896
 6, 7,-0.681
 7,10, 0.090
 8, 9,-0.321
 9,10,-0.242
 9,35, 1.278
10,57, 1.641
11,37,-1.089
12,13,-0.037
12,28,-0.476
12,34, 1.099
12,38,-0.557
14,15, 0.039
14,17,-1.500
14,21, 1.889
14,26,-0.057
14,46, 0.554
14,55,-0.174
14,56, 0.256
15,17, 0.200
15,21,-1.403
17,21,-1.146
17,56, 2.195
18,20, 0.799
18,23,-0.726
19,20, 1.637
19,21, 1.276
20,21, 1.292
21,26, 0.552
22,23,-0.289
22,31, 1.650
24,26,-0.064
25,30,-1.464
26,27, 2.044
26,46,-0.009
27,43,-0.433
27,47,-0.226
28,29, 0.476
28,30, 1.945
28,32,-0.743
28,34, 0.592
29,30, 0.601
29,31, 0.824
30,31,-0.482
30,33, 0.194
30,42,-0.367
32,33, 0.777
32,34, 1.151
32,38,-1.395
32,39, 0.041
33,40,-0.138
33,41,-1.429
33,42, 0.646
34,38, 1.881
35,36, 1.936
35,37, 0.266
35,38, 0.369
36,38,-0.527
37,38,-0.892
38,39,-0.955
39,40,-1.533
41,42,-1.132
43,44,-0.683
44,45,-0.361
44,48,-1.382
45,48,-0.258
45,51,-0.691
46,47,-0.087
46,49, 0.150
46,55,-0.569
47,48, 0.358
47,50,-0.922
48,51, 1.057
49,50,-1.164
49,52, 0.203
49,55,-0.853
50,51,-0.747
51,54, 1.544
52,55, 0.385
53,54, 1.341
55,56, 0.793
57,58, 1.847
57,60,-1.019
58,61, 1.724
59,60,-1.321
59,61,-0.857
59,62,-1.125
60,61,-1.425
61,62, 0.771
57, 0,-0.967
 2, 1, 0.325
 3, 2, 0.702
 5, 2,-0.035
 5, 3,-0.189
62, 3, 0.274
 5, 4, 1.867
61, 4, 1.204
62, 5,-0.896
 7, 6,-0.681
10, 7, 0.090
 9, 8,-0.321
10, 9,-0.242
35, 9, 1.278
57,10, 1.641
37,11,-1.089
13,12,-0.037
28,12,-0.476
34,12, 1.099
38,12,-0.557
15,14, 0.039
17,14,-1.500
21,14, 1.889
26,14,-0.057
46,14, 0.554
55,14,-0.174
56,14, 0.256
17,15, 0.200
21,15,-1.403
21,17,-1.146
56,17, 2.195
20,18, 0.799
23,18,-0.726
20,19, 1.637
21,19, 1.276
21,20, 1.292
26,21, 0.552
23,22,-0.289
31,22, 1.650
26,24,-0.064
30,25,-1.464
27,26, 2.044
46,26,-0.009
43,27,-0.433
47,27,-0.226
29,28, 0.476
30,28, 1.945
32,28,-0.743
34,28, 0.592
30,29, 0.601
31,29, 0.824
31,30,-0.482
33,30, 0.194
42,30,-0.367
33,32, 0.777
34,32, 1.151
38,32,-1.395
39,32, 0.041
40,33,-0.138
41,33,-1.429
42,33, 0.646
38,34, 1.881
36,35, 1.936
37,35, 0.266
38,35, 0.369
38,36,-0.527
38,37,-0.892
39,38,-0.955
40,39,-1.533
42,41,-1.132
44,43,-0.683
45,44,-0.361
48,44,-1.382
48,45,-0.258
51,45,-0.691
47,46,-0.087
49,46, 0.150
55,46,-0.569
48,47, 0.358
50,47,-0.922
51,48, 1.057
50,49,-1.164
52,49, 0.203
55,49,-0.853
51,50,-0.747
54,51, 1.544
55,52, 0.385
54,53, 1.341
56,55, 0.793
58,57, 1.847
60,57,-1.019
61,58, 1.724
60,59,-1.321
61,59,-0.857
62,59,-1.125
61,60,-1.425
62,61, 0.771
 0, 0,-1.295
 1, 1, 0.938
 2, 2, 4.987
 3, 3, 0.698
 4, 4, 2.110
 5, 5, 3.496
 6, 6,-0.044
 7, 7,-0.145
 8, 8, 0.168
 9, 9, 3.125
10,10, 3.603
11,11,-0.822
12,12, 1.510
13,13, 2.655
14,14, 3.691
15,15,-0.825
16,16,-1.046
17,17, 2.818
18,18, 0.860
19,19, 3.292
20,20, 4.046
21,21, 4.393
22,22, 1.070
23,23, 2.147
24,24,-0.118
25,25,-1.583
26,26, 3.910
27,27, 2.682
28,28, 3.012
29,29, 3.563
30,30, 4.295
31,31, 5.000
32,32, 1.655
33,33, 2.203
34,34, 3.542
35,35, 4.632
36,36, 2.790
37,37, 0.822
38,38, 2.321
39,39, 0.354
40,40,-0.280
41,41,-1.213
42,42, 3.593
43,43,-0.935
44,44, 0.193
45,45, 0.970
46,46, 2.194
47,47, 0.891
48,48, 0.653
49,49, 0.944
50,50,-0.497
51,51, 5.000
52,52, 2.008
53,53, 3.394
54,54, 1.262
55,55, 2.046
56,56, 3.282
57,57, 4.554
58,58, 0.241
59,59,-0.211
60,60,-1.007
61,61, 3.997
62,62, 1.040
