from,to,weight
 0, 1,-0.502
 0, 4, 1.856
 0,32,-1.578
 0,39, 1.174
 0,68,-0.291
 1,41, 1.033
 1,57,-1.511
 1,70, 1.095
 2, 3,-0.285
 2, 4, 0.401
 2,20, 0.221
 2,66,-0.983
 3,67, 1.534
 4,32, 0.354
 4,68, 2.289
 5, 6,-0.073
 5,10,-0.585
 5,11,-0.415
 5,53, 1.116
 6, 7, 0.090
 6,12, 1.738
 6,54,-0.731
 7,55,-0.625
 8, 9,-1.326
 9,10,-0.032
 9,52, 1.828
10,11, 0.294
10,53, 0.198
11,12, 2.699
11,13,-1.369
12,13, 0.527
14,15, 0.439
15,16, 1.995
15,17,-1.613
16,17, 1.072
16,18, 0.405
17,18, 1.715
19,20,-0.883
19,23,-0.350
20,22, 1.684
20,23, 1.383
21,26,-0.141
21,33, 0.436
22,23,-0.564
22,24, 1.507
22,28, 2.058
23,24,-0.740
25,26,-0.691
25,27, 0.220
26,27,-0.149
26,33,-0.430
27,28, 0.744
27,29, 2.180
28,29,-0.632
32,33,-0.086
32,34,-1.022
32,39, 0.196
33,38, 1.263
34,39,-1.021
35,36,-1.146
35,40,-0.607
36,37,-0.573
36,43, 0.094
36,53, 1.741
37,38,-0.252
37,55,-0.615
38,44,-0.346
38,56,-0.674
39,41, 2.310
39,44,-0.645
40,41, 0.296
40,42, 1.045
40,43,-0.907
40,44,-1.189
41,42,-1.210
41,45, 2.136
41,57,-0.145
42,43,-0.263
42,46, 2.220
43,51,-0.495
43,53,-1.060
45,46,-0.156
45,47, 3.026
45,57,-0.701
46,47, 0.282
46,50, 0.685
46,51,-0.925
50,51,-0.174
50,52, 1.873
51,53,-0.078
52,53,-0.392
53,54,-0.897
53,55,-0.553
54,55,-0.511
55,56,-0.773
59,63, 3.010
59,65,-1.434
61,62, 1.297
61,63,-1.528
61,69,-0.056
62,63, 2.105
62,71,-0.535
63,64,-0.129
63,65,-0.574
66,67,-1.020
66,68,-1.534
67,68, 0.784
67,69, 1.314
68,69, 1.249
68,70, 0.684
69,70,-0.176
69,71, 0.573
 1, 0,-0.502
 4, 0, 1.856
32, 0,-1.578
39, 0, 1.174
68, 0,-0.291
41, 1, 1.033
57, 1,-1.511
70, 1, 1.095
 3, 2,-0.285
 4, 2, 0.401
20, 2, 0.221
66, 2,-0.983
67, 3, 1.534
32, 4, 0.354
68, 4, 2.289
 6, 5,-0.073
10, 5,-0.585
11, 5,-0.415
53, 5, 1.116
 7, 6, 0.090
12, 6, 1.738
54, 6,-0.731
55, 7,-0.625
 9, 8,-1.326
10, 9,-0.032
52, 9, 1.828
11,10, 0.294
53,10, 0.198
12,11, 2.699
13,11,-1.369
13,12, 0.527
15,14, 0.439
16,15, 1.995
17,15,-1.613
17,16, 1.072
18,16, 0.405
18,17, 1.715
20,19,-0.883
23,19,-0.350
22,20, 1.684
23,20, 1.383
26,21,-0.141
33,21, 0.436
23,22,-0.564
24,22, 1.507
28,22, 2.058
24,23,-0.740
26,25,-0.691
27,25, 0.220
27,26,-0.149
33,26,-0.430
28,27, 0.744
29,27, 2.180
29,28,-0.632
33,32,-0.086
34,32,-1.022
39,32, 0.196
38,33, 1.263
39,34,-1.021
36,35,-1.146
40,35,-0.607
37,36,-0.573
43,36, 0.094
53,36, 1.741
38,37,-0.252
55,37,-0.615
44,38,-0.346
56,38,-0.674
41,39, 2.310
44,39,-0.645
41,40, 0.296
42,40, 1.045
43,40,-0.907
44,40,-1.189
42,41,-1.210
45,41, 2.136
57,41,-0.145
43,42,-0.263
46,42, 2.220
51,43,-0.495
53,43,-1.060
46,45,-0.156
47,45, 3.026
57,45,-0.701
47,46, 0.282
50,46, 0.685
51,46,-0.925
51,50,-0.174
52,50, 1.873
53,51,-0.078
53,52,-0.392
54,53,-0.897
55,53,-0.553
55,54,-0.511
56,55,-0.773
63,59, 3.010
65,59,-1.434
62,61, 1.297
63,61,-1.528
69,61,-0.056
63,62, 2.105
71,62,-0.535
64,63,-0.129
65,63,-0.574
67,66,-1.020
68,66,-1.534
68,67, 0.784
69,67, 1.314
69,68, 1.249
70,68, 0.684
70,69,-0.176
71,69, 0.573
 0, 0, 2.356
 1, 1, 2.388
 2, 2, 2.399
 3, 3, 1.031
 4, 4, 3.529
 5, 5, 1.074
 6, 6, 3.263
 7, 7, 0.489
 8, 8,-1.501
 9, 9, 4.661
10,10, 2.188
11,11, 2.783
12,12, 4.085
13,13, 0.437
14,14, 1.046
15,15, 2.709
16,16, 3.992
17,17, 3.774
18,18, 3.687
19,19,-0.216
20,20, 4.458
21,21, 0.904
22,22, 3.677
23,23, 3.885
24,24, 1.600
25,25, 0.974
26,26, 2.286
27,27, 5.000
28,28, 3.747
29,29, 2.147
30,30, 1.590
31,31,-0.191
32,32, 2.088
33,33, 2.637
34,34,-1.570
35,35,-0.329
36,36, 1.938
37,37,-0.094
38,38, 2.494
39,39, 3.778
40,40, 2.687
41,41, 4.409
42,42, 1.918
43,43, 0.978
44,44, 0.054
45,45, 2.172
46,46, 3.765
47,47, 4.681
48,48,-0.399
49,49, 3.418
50,50, 3.742
51,51, 0.489
52,52, 1.121
53,53, 3.954
54,54,-0.415
55,55, 2.378
56,56,-0.673
57,57, 0.148
58,58, 2.500
59,59, 2.528
60,60, 2.053
61,61, 0.436
62,62, 2.646
63,63, 5.000
64,64,-0.536
65,65,-0.620
66,66,-1.280
67,67, 4.688
68,68, 4.051
69,69, 4.237
70,70, 3.196
71,71, 0.690
