from,to,weight
  1,  3, 0.089
  1,  6, 1.558
  1, 81,-1.265
  1, 88, 0.916
  2,  3,-0.477
  2,  5,-0.110
  2, 28,-0.550
  3,  6, 1.012
  3, 29,-1.017
  3, 81, 1.262
  4, 84,-0.262
  4,105,-0.560
  5,  6, 0.383
  5, 22,-0.380
  5, 25, 0.372
  7,  8, 1.506
  7, 12, 1.024
  7, 14, 0.002
  7, 44, 0.491
  7, 47,-0.797
  8, 10,-0.745
  8, 12,-0.658
  8, 17, 0.187
  9, 18,-0.251
 10, 11,-1.300
 10, 12,-0.591
 10, 13,-0.985
 11, 13,-0.005
 12, 13, 1.143
 12, 35,-1.443
 12, 42,-0.982
 12, 45, 1.147
 13, 36, 1.087
 14, 15, 0.275
 14, 17, 0.870
 14, 47,-0.982
 15, 16, 0.901
 15, 17,-1.387
 15, 20,-1.599
 16, 17, 0.629
 16, 18,-1.277
 16, 19, 0.595
 16, 21, 0.031
 17, 18, 0.108
 19, 21, 0.515
 20, 21, 0.524
 22, 23, 1.088
 22, 25, 0.536
 24, 25, 0.457
 24, 26, 0.550
 24, 27,-1.569
 25, 28,-0.154
 26, 27, 3.012
 26, 41,-0.275
 27, 28, 1.932
 27, 30,-1.534
 27, 33, 1.918
 28, 29,-0.083
 28, 30,-0.593
 28, 80,-0.301
 29, 81,-0.917
 30, 34,-1.113
 30, 82,-0.729
 31, 32, 0.616
 31, 38, 0.952
 31, 40,-0.741
 32, 33, 1.552
 32, 34, 0.169
 32, 40, 0.074
 33, 34,-1.403
 34, 40,-0.185
 34, 82, 0.221
 35, 42,-1.529
 36, 37, 0.681
 36, 38, 3.132
 37, 38, 0.748
 37, 39, 0.496
 37, 56, 2.109
 38, 39, 0.398
 38, 40, 1.455
 39, 40, 0.163
 39, 57,-1.528
 39, 84, 1.356
 40, 85,-1.287
 42, 45,-0.796
 43, 44, 0.176
 43, 45,-0.148
 43, 51, 1.407
 44, 45,-0.139
 44, 47,-0.549
 44, 52,-0.546
 45, 46,-0.696
 45, 53,-0.576
 46, 54,-0.739
 47, 52, 0.680
 48, 49,-0.543
 48, 50, 1.552
 49, 50,-0.754
 50, 51, 2.529
 51, 52, 1.377
 53, 54,-0.338
 54, 55,-0.634
 54, 60, 1.724
 56, 57,-0.608
 56, 61, 0.640
 56,103, 0.857
 58, 59, 1.063
 58, 60, 0.478
 58, 61, 0.680
 58,101, 1.904
 59, 60, 2.456
 60, 61,-0.057
 61,103,-1.411
 62, 81,-0.128
 62, 88,-0.857
 63, 89,-0.411
 63, 93,-1.478
 64, 65, 1.928
 64, 68, 0.590
 64, 79, 0.675
 64, 91,-0.590
 65, 69, 0.767
 66, 67,-0.082
 66, 68, 1.009
 66, 73,-0.391
 66, 78,-1.149
 67, 74,-0.361
 68, 69, 0.267
 68, 79,-1.467
 70, 71,-1.477
 70, 81,-0.081
 71, 72, 0.749
 71, 74, 0.199
 71, 83, 0.385
 72, 73,-1.440
 72, 74,-0.193
 72, 77, 0.487
 72, 87,-1.340
 73, 74, 0.023
 73, 78, 0.094
 75, 76,-1.098
 75, 77,-1.223
 75, 84,-1.587
 76, 77, 0.454
 76, 78, 0.291
 76, 86,-0.202
 76, 89, 0.444
 77, 78, 0.304
 77, 87, 0.632
 78, 79, 0.769
 78, 90,-0.737
 79, 91,-1.003
 80, 81,-0.307
 80, 82,-0.097
 81, 82, 0.136
 81, 83, 0.708
 81, 88, 1.217
 82, 83,-0.330
 82, 85,-0.673
 82, 87, 0.091
 83, 87, 1.178
 84, 85,-0.847
 84, 87, 1.888
 85, 87,-1.482
 86, 89,-0.774
 89, 90,-0.575
 89, 91,-0.637
 89, 93, 2.770
 90, 91,-1.176
 92, 93, 0.524
 92, 94,-0.131
 93, 95, 0.894
 94, 95, 0.422
 95, 96, 0.012
 97, 98,-1.149
 97, 99, 0.764
 97,100, 0.912
 98, 99,-0.527
 98,100, 0.309
 98,101, 0.203
 99,102, 0.787
100,104,-0.628
101,102, 0.460
101,103, 0.212
101,104,-0.772
103,105,-0.019
  3,  1, 0.089
  6,  1, 1.558
 81,  1,-1.265
 88,  1, 0.916
  3,  2,-0.477
  5,  2,-0.110
 28,  2,-0.550
  6,  3, 1.012
 29,  3,-1.017
 81,  3, 1.262
 84,  4,-0.262
105,  4,-0.560
  6,  5, 0.383
 22,  5,-0.380
 25,  5, 0.372
  8,  7, 1.506
 12,  7, 1.024
 14,  7, 0.002
 44,  7, 0.491
 47,  7,-0.797
 10,  8,-0.745
 12,  8,-0.658
 17,  8, 0.187
 18,  9,-0.251
 11, 10,-1.300
 12, 10,-0.591
 13, 10,-0.985
 13, 11,-0.005
 13, 12, 1.143
 35, 12,-1.443
 42, 12,-0.982
 45, 12, 1.147
 36, 13, 1.087
 15, 14, 0.275
 17, 14, 0.870
 47, 14,-0.982
 16, 15, 0.901
 17, 15,-1.387
 20, 15,-1.599
 17, 16, 0.629
 18, 16,-1.277
 19, 16, 0.595
 21, 16, 0.031
 18, 17, 0.108
 21, 19, 0.515
 21, 20, 0.524
 23, 22, 1.088
 25, 22, 0.536
 25, 24, 0.457
 26, 24, 0.550
 27, 24,-1.569
 28, 25,-0.154
 27, 26, 3.012
 41, 26,-0.275
 28, 27, 1.932
 30, 27,-1.534
 33, 27, 1.918
 29, 28,-0.083
 30, 28,-0.593
 80, 28,-0.301
 81, 29,-0.917
 34, 30,-1.113
 82, 30,-0.729
 32, 31, 0.616
 38, 31, 0.952
 40, 31,-0.741
 33, 32, 1.552
 34, 32, 0.169
 40, 32, 0.074
 34, 33,-1.403
 40, 34,-0.185
 82, 34, 0.221
 42, 35,-1.529
 37, 36, 0.681
 38, 36, 3.132
 38, 37, 0.748
 39, 37, 0.496
 56, 37, 2.109
 39, 38, 0.398
 40, 38, 1.455
 40, 39, 0.163
 57, 39,-1.528
 84, 39, 1.356
 85, 40,-1.287
 45, 42,-0.796
 44, 43, 0.176
 45, 43,-0.148
 51, 43, 1.407
 45, 44,-0.139
 47, 44,-0.549
 52, 44,-0.546
 46, 45,-0.696
 53, 45,-0.576
 54, 46,-0.739
 52, 47, 0.680
 49, 48,-0.543
 50, 48, 1.552
 50, 49,-0.754
 51, 50, 2.529
 52, 51, 1.377
 54, 53,-0.338
 55, 54,-0.634
 60, 54, 1.724
 57, 56,-0.608
 61, 56, 0.640
103, 56, 0.857
 59, 58, 1.063
 60, 58, 0.478
 61, 58, 0.680
101, 58, 1.904
 60, 59, 2.456
 61, 60,-0.057
103, 61,-1.411
 81, 62,-0.128
 88, 62,-0.857
 89, 63,-0.411
 93, 63,-1.478
 65, 64, 1.928
 68, 64, 0.590
 79, 64, 0.675
 91, 64,-0.590
 69, 65, 0.767
 67, 66,-0.082
 68, 66, 1.009
 73, 66,-0.391
 78, 66,-1.149
 74, 67,-0.361
 69, 68, 0.267
 79, 68,-1.467
 71, 70,-1.477
 81, 70,-0.081
 72, 71, 0.749
 74, 71, 0.199
 83, 71, 0.385
 73, 72,-1.440
 74, 72,-0.193
 77, 72, 0.487
 87, 72,-1.340
 74, 73, 0.023
 78, 73, 0.094
 76, 75,-1.098
 77, 75,-1.223
 84, 75,-1.587
 77, 76, 0.454
 78, 76, 0.291
 86, 76,-0.202
 89, 76, 0.444
 78, 77, 0.304
 87, 77, 0.632
 79, 78, 0.769
 90, 78,-0.737
 91, 79,-1.003
 81, 80,-0.307
 82, 80,-0.097
 82, 81, 0.136
 83, 81, 0.708
 88, 81, 1.217
 83, 82,-0.330
 85, 82,-0.673
 87, 82, 0.091
 87, 83, 1.178
 85, 84,-0.847
 87, 84, 1.888
 87, 85,-1.482
 89, 86,-0.774
 90, 89,-0.575
 91, 89,-0.637
 93, 89, 2.770
 91, 90,-1.176
 93, 92, 0.524
 94, 92,-0.131
 95, 93, 0.894
 95, 94, 0.422
 96, 95, 0.012
 98, 97,-1.149
 99, 97, 0.764
100, 97, 0.912
 99, 98,-0.527
100, 98, 0.309
101, 98, 0.203
102, 99, 0.787
104,100,-0.628
102,101, 0.460
103,101, 0.212
104,101,-0.772
105,103,-0.019
  0,  0, 5.000
  1,  1, 2.902
  2,  2, 0.100
  3,  3, 2.080
  4,  4, 0.857
  5,  5, 2.236
  6,  6, 4.648
  7,  7, 3.093
  8,  8, 1.945
  9,  9, 0.356
 10, 10,-0.257
 11, 11, 0.135
 12, 12, 3.573
 13, 13, 2.581
 14, 14, 2.246
 15, 15, 0.527
 16, 16, 2.427
 17, 17, 2.628
 18, 18, 0.846
 19, 19, 2.267
 20, 20,-0.290
 21, 21, 3.419
 22, 22, 3.835
 23, 23, 4.118
 24, 24, 0.195
 25, 25, 3.112
 26, 26, 2.583
 27, 27, 4.360
 28, 28, 2.685
 29, 29,-0.250
 30, 30,-0.683
 31, 31, 0.365
 32, 32, 2.498
 33, 33, 0.755
 34, 34, 0.976
 35, 35,-1.407
 36, 36, 5.000
 37, 37, 3.310
 38, 38, 5.000
 39, 39, 2.831
 40, 40, 2.815
 41, 41, 1.222
 42, 42,-0.458
 43, 43, 1.673
 44, 44, 1.971
 45, 45, 3.016
 46, 46,-1.179
 47, 47, 2.383
 48, 48, 3.725
 49, 49,-0.799
 50, 50, 3.462
 51, 51, 5.000
 52, 52, 0.635
 53, 53,-0.323
 54, 54, 4.060
 55, 55,-0.924
 56, 56, 2.971
 57, 57,-0.656
 58, 58, 3.440
 59, 59, 5.000
 60, 60, 4.286
 61, 61, 1.373
 62, 62, 1.424
 63, 63,-0.482
 64, 64, 4.465
 65, 65, 1.877
 66, 66, 2.136
 67, 67,-0.192
 68, 68, 1.550
 69, 69, 4.077
 70, 70, 0.017
 71, 71, 4.124
 72, 72, 1.053
 73, 73, 0.104
 74, 74, 3.522
 75, 75,-1.060
 76, 76, 2.312
 77, 77, 2.169
 78, 78, 2.660
 79, 79, 0.152
 80, 80, 0.203
 81, 81, 5.000
 82, 82, 2.995
 83, 83, 2.076
 84, 84, 4.678
 85, 85,-0.763
 86, 86, 0.115
 87, 87, 2.491
 88, 88, 1.837
 89, 89, 2.560
 90, 90,-0.643
 91, 91,-0.208
 92, 92, 0.765
 93, 93, 4.592
 94, 94, 3.561
 95, 95, 2.676
 96, 96, 0.389
 97, 97, 3.117
 98, 98, 0.680
 99, 99, 1.559
100,100, 3.172
101,101, 3.016
102,102, 1.578
103,103, 1.477
104,104,-0.264
105,105, 0.319
