from,to,weight
 0, 1, 1.629
 0, 8,-1.364
 0,13, 1.166
 1, 8,-0.001
 1,59, 0.601
 2, 3, 1.694
 2, 5,-0.109
 2,30, 0.761
 3, 4, 0.261
 3,31,-0.357
 4,21,-0.448
 4,27,-0.886
 4,33,-0.280
 7, 8,-0.194
 7,10, 1.125
 7,12,-1.527
 8,13,-0.521
 9,10,-0.515
 9,11, 1.620
 9,26, 1.275
10,12, 0.064
11,12, 2.833
11,18, 3.288
11,26,-1.106
12,13, 3.409
12,14,-0.212
12,19,-1.700
13,59, 1.068
15,24,-1.020
16,17, 1.389
16,18,-0.707
16,23, 2.088
16,25,-0.684
17,18, 1.404
17,20, 0.522
17,25, 0.424
18,19,-1.516
18,20,-1.105
18,26,-0.023
19,20,-1.613
20,25, 0.083
21,22,-0.885
21,23, 2.921
21,27,-0.268
21,47, 0.616
21,48,-1.137
22,23, 0.617
22,24,-0.010
22,49, 0.736
23,24, 0.643
23,25, 1.377
24,25, 0.387
27,33,-1.397
27,47,-1.014
28,29,-0.390
28,40,-0.345
29,44, 0.284
31,33,-0.863
32,46,-1.198
33,47,-0.769
34,43, 1.308
35,36,-0.875
35,41, 0.740
36,37,-1.325
36,42, 0.176
37,43,-0.159
38,39, 0.455
39,40, 1.083
40,41, 0.368
40,42, 0.048
40,44, 1.275
40,45,-0.433
41,42, 0.354
42,43, 2.278
42,44,-1.204
43,44, 0.323
45,46, 0.074
46,47, 0.791
46,52, 1.706
47,48,-1.051
47,54,-0.016
48,54,-0.547
49,77, 0.482
50,52,-0.707
50,53, 0.103
51,52,-0.696
51,82,-0.780
52,53, 0.729
52,54, 1.284
53,54, 1.106
53,55,-0.529
53,76, 3.400
54,55,-0.510
57,58, 0.838
57,63,-0.927
58,63, 0.681
59,60, 0.380
59,61, 1.520
60,61,-0.790
60,64,-0.330
61,64,-0.759
62,63, 0.822
62,64,-0.551
63,64,-0.132
65,72,-0.494
66,69, 0.070
66,73,-0.331
67,68,-1.174
69,70, 0.387
69,73,-0.055
69,78, 0.757
71,72, 1.164
71,73, 0.353
71,74, 1.329
72,73, 0.411
73,75, 2.367
73,78,-1.091
74,75,-1.176
74,76,-0.433
74,77, 0.672
75,76, 3.207
75,78, 0.401
76,80,-1.091
78,79,-0.510
78,80,-1.432
79,80,-1.379
 1, 0, 1.629
 8, 0,-1.364
13, 0, 1.166
 8, 1,-0.001
59, 1, 0.601
 3, 2, 1.694
 5, 2,-0.109
30, 2, 0.761
 4, 3, 0.261
31, 3,-0.357
21, 4,-0.448
27, 4,-0.886
33, 4,-0.280
 8, 7,-0.194
10, 7, 1.125
12, 7,-1.527
13, 8,-0.521
10, 9,-0.515
11, 9, 1.620
26, 9, 1.275
12,10, 0.064
12,11, 2.833
18,11, 3.288
26,11,-1.106
13,12, 3.409
14,12,-0.212
19,12,-1.700
59,13, 1.068
24,15,-1.020
17,16, 1.389
18,16,-0.707
23,16, 2.088
25,16,-0.684
18,17, 1.404
20,17, 0.522
25,17, 0.424
19,18,-1.516
20,18,-1.105
26,18,-0.023
20,19,-1.613
25,20, 0.083
22,21,-0.885
23,21, 2.921
27,21,-0.268
47,21, 0.616
48,21,-1.137
23,22, 0.617
24,22,-0.010
49,22, 0.736
24,23, 0.643
25,23, 1.377
25,24, 0.387
33,27,-1.397
47,27,-1.014
29,28,-0.390
40,28,-0.345
44,29, 0.284
33,31,-0.863
46,32,-1.198
47,33,-0.769
43,34, 1.308
36,35,-0.875
41,35, 0.740
37,36,-1.325
42,36, 0.176
43,37,-0.159
39,38, 0.455
40,39, 1.083
41,40, 0.368
42,40, 0.048
44,40, 1.275
45,40,-0.433
42,41, 0.354
43,42, 2.278
44,42,-1.204
44,43, 0.323
46,45, 0.074
47,46, 0.791
52,46, 1.706
48,47,-1.051
54,47,-0.016
54,48,-0.547
77,49, 0.482
52,50,-0.707
53,50, 0.103
52,51,-0.696
82,51,-0.780
53,52, 0.729
54,52, 1.284
54,53, 1.106
55,53,-0.529
76,53, 3.400
55,54,-0.510
58,57, 0.838
63,57,-0.927
63,58, 0.681
60,59, 0.380
61,59, 1.520
61,60,-0.790
64,60,-0.330
64,61,-0.759
63,62, 0.822
64,62,-0.551
64,63,-0.132
72,65,-0.494
69,66, 0.070
73,66,-0.331
68,67,-1.174
70,69, 0.387
73,69,-0.055
78,69, 0.757
72,71, 1.164
73,71, 0.353
74,71, 1.329
73,72, 0.411
75,73, 2.367
78,73,-1.091
75,74,-1.176
76,74,-0.433
77,74, 0.672
76,75, 3.207
78,75, 0.401
80,76,-1.091
79,78,-0.510
80,78,-1.432
80,79,-1.379
 0, 0, 1.221
 1, 1, 5.000
 2, 2, 3.550
 3, 3, 3.282
 4, 4, 1.043
 5, 5,-0.297
 6, 6, 3.321
 7, 7, 2.647
 8, 8, 0.905
 9, 9, 2.249
10,10, 1.014
11,11, 4.310
12,12, 3.306
13,13, 3.775
14,14,-0.379
15,15,-0.266
16,16, 1.917
17,17, 2.853
18,18, 2.953
19,19,-1.556
20,20, 1.775
21,21, 3.932
22,22, 2.756
23,23, 5.000
24,24, 3.116
25,25, 2.946
26,26, 2.767
27,27,-0.058
28,28, 0.677
29,29, 0.861
30,30, 0.702
31,31,-0.209
32,32,-1.304
33,33, 0.934
34,34, 1.723
35,35, 0.689
36,36, 1.245
37,37,-0.442
38,38, 2.628
39,39, 1.288
40,40, 5.000
41,41, 1.610
42,42, 2.185
43,43, 3.870
44,44, 2.183
45,45, 0.101
46,46, 3.792
47,47, 3.267
48,48,-0.164
49,49, 1.471
50,50,-0.495
51,51, 2.405
52,52, 4.272
53,53, 5.000
54,54, 3.334
55,55, 0.478
56,56,-0.153
57,57, 1.023
58,58, 3.397
59,59, 5.000
60,60, 1.212
61,61, 3.067
62,62, 2.357
63,63, 3.376
64,64, 1.317
65,65,-0.502
66,66, 1.312
67,67, 2.581
68,68,-1.267
69,69, 2.994
70,70, 1.177
71,71, 3.625
72,72, 3.165
73,73, 4.032
74,74, 1.594
75,75, 2.552
76,76, 3.244
77,77, 2.745
78,78, 1.094
79,79, 0.002
80,80,-1.076
81,81, 0.788
82,82, 1.002
