from,to,weight
  0,  1, 1.609
  2,  4, 0.124
  2,  7, 1.950
  2, 79, 0.993
  2, 80,-1.232
  2, 97,-1.051
  2,103, 0.956
  3,  4, 0.332
  3,  6, 0.367
  3, 28,-1.592
  3, 31, 0.066
  4,  7, 0.167
  4, 32,-1.052
  4, 97, 1.048
  5,100, 1.561
  5,118,-0.167
  6,  7, 0.417
  6,  8,-0.058
  6, 25, 1.698
  6, 28, 1.183
  7,  8,-0.572
  8, 26,-1.203
  9, 10, 0.331
  9, 14,-0.228
  9, 16, 0.248
  9, 51, 0.756
  9, 55,-1.143
 10, 11,-0.289
 10, 12, 0.290
 10, 13,-1.486
 10, 14,-0.685
 10, 19,-0.087
 11, 13, 1.053
 11, 20, 0.669
 11, 22,-0.004
 11, 46,-0.312
 12, 13,-1.311
 12, 14, 0.162
 12, 15, 0.746
 13, 15, 0.781
 13, 35,-1.688
 14, 15, 1.532
 14, 52, 2.038
 15, 41,-0.126
 15, 50, 0.017
 15, 53,-1.621
 16, 17, 0.522
 16, 19, 2.111
 16, 55, 0.836
 17, 18, 0.342
 17, 19,-0.856
 17, 23,-0.632
 18, 19, 0.260
 18, 20,-1.223
 18, 21, 0.724
 18, 24,-0.497
 19, 20, 1.277
 20, 22,-0.116
 21, 22, 1.193
 21, 24, 1.964
 23, 24, 0.162
 25, 26, 0.107
 25, 28, 0.760
 27, 28, 1.191
 27, 29, 1.354
 27, 30,-0.816
 28, 31,-0.741
 29, 30, 3.627
 29, 48,-0.126
 30, 31, 1.774
 30, 38, 2.054
 31, 32,-0.966
 31, 33,-0.298
 31, 39,-1.519
 31, 96,-0.322
 32, 97,-1.383
 33, 40,-0.750
 33, 98,-1.038
 34, 43,-1.279
 35, 41,-0.513
 36, 37, 0.552
 36, 38,-1.579
 36, 43, 0.732
 36, 45,-0.943
 37, 38, 1.609
 37, 40, 0.469
 37, 45, 0.372
 38, 39,-1.548
 38, 40,-1.230
 39, 40,-1.483
 40, 45,-0.476
 40, 98, 0.514
 41, 42, 0.112
 41, 43, 3.853
 41, 50, 0.619
 41, 69, 0.049
 42, 43, 0.623
 42, 44,-0.185
 42, 70,-1.225
 42, 71, 1.404
 43, 44, 0.569
 43, 45, 1.578
 44, 45,-0.180
 44, 72,-0.519
 44,100, 1.027
 45,101,-0.667
 49, 52,-1.067
 49, 66,-1.641
 50, 53,-1.614
 50, 69,-1.512
 51, 52,-0.795
 51, 55, 0.156
 51, 65, 0.473
 52, 53,-1.669
 52, 66, 2.074
 54, 55, 1.870
 54, 58, 1.582
 54, 60,-0.665
 54, 63, 0.522
 55, 65,-0.356
 56, 57,-0.125
 57, 58, 2.067
 57, 59, 1.850
 58, 60,-0.380
 59, 60,-1.074
 59, 62, 0.166
 60, 63, 0.586
 61, 63,-0.412
 61, 66,-0.548
 61, 67,-1.212
 62, 63,-0.063
 63, 64,-0.239
 63, 65, 0.056
 63, 66,-0.958
 64, 65, 0.399
 64, 66, 0.513
 65, 66,-1.405
 66, 67, 2.101
 67, 68, 1.591
 68, 69, 1.179
 68, 76, 1.895
 69, 70,-0.155
 69, 77,-1.689
 70, 71,-0.414
 70, 78,-0.382
 71, 72, 0.748
 71, 78, 1.642
 71,123,-1.263
 72,100,-0.593
 73, 74,-1.043
 73, 75, 0.332
 73, 76, 0.301
 73, 78, 1.624
 73,121, 1.223
 75, 76, 1.583
 76, 77,-1.594
 76, 78, 0.165
 77, 78,-1.587
 78,123,-0.352
 79, 80,-0.525
 79, 81,-0.373
 80, 81, 0.404
 80,103, 0.129
 81, 82,-0.180
 81, 97,-1.040
 81,103,-0.393
 82, 87,-0.377
 82, 99,-0.358
 83, 84,-1.391
 83, 93,-1.218
 84, 85, 2.260
 84, 95,-0.377
 84,105, 0.547
 84,109,-1.681
 86, 89, 0.003
 86, 94,-1.071
 87, 88,-0.296
 87, 90,-1.699
 87, 99, 1.395
 88, 89,-0.395
 88, 92,-0.107
 89, 94, 0.478
 90, 92,-1.698
 90, 99,-1.700
 91, 92,-0.597
 91, 93,-1.475
 92, 93, 0.732
 92, 94,-0.014
 92,102, 1.675
 93, 94,-0.102
 93, 95,-0.326
 93,104, 0.474
 95,105,-0.838
 96, 97,-0.321
 96, 98,-0.350
 97, 98, 0.272
 97, 99, 2.405
 97,103, 1.257
 98, 99,-0.247
 98,101,-0.648
 98,102, 0.570
 99,102, 0.546
100,101,-0.756
100,102, 1.143
101,102,-0.491
104,105, 0.250
104,108, 0.277
105,109,-0.021
106,107,-1.486
106,111,-1.531
107,108, 0.325
107,112,-0.295
107,119, 2.131
108,109,-0.182
108,113,-1.441
109,110,-0.616
109,115, 0.781
110,115,-0.742
111,112,-0.306
113,114,-1.565
113,115,-0.728
114,115, 2.475
115,116, 0.450
118,119, 0.153
118,125,-0.146
119,126, 2.331
120,121, 0.114
120,122, 0.726
120,124,-0.743
120,126, 0.659
121,122, 1.115
121,123,-0.213
121,124, 0.792
123,125,-0.410
124,125,-0.203
124,126, 1.908
125,126,-1.681
  1,  0, 1.609
  4,  2, 0.124
  7,  2, 1.950
 79,  2, 0.993
 80,  2,-1.232
 97,  2,-1.051
103,  2, 0.956
  4,  3, 0.332
  6,  3, 0.367
 28,  3,-1.592
 31,  3, 0.066
  7,  4, 0.167
 32,  4,-1.052
 97,  4, 1.048
100,  5, 1.561
118,  5,-0.167
  7,  6, 0.417
  8,  6,-0.058
 25,  6, 1.698
 28,  6, 1.183
  8,  7,-0.572
 26,  8,-1.203
 10,  9, 0.331
 14,  9,-0.228
 16,  9, 0.248
 51,  9, 0.756
 55,  9,-1.143
 11, 10,-0.289
 12, 10, 0.290
 13, 10,-1.486
 14, 10,-0.685
 19, 10,-0.087
 13, 11, 1.053
 20, 11, 0.669
 22, 11,-0.004
 46, 11,-0.312
 13, 12,-1.311
 14, 12, 0.162
 15, 12, 0.746
 15, 13, 0.781
 35, 13,-1.688
 15, 14, 1.532
 52, 14, 2.038
 41, 15,-0.126
 50, 15, 0.017
 53, 15,-1.621
 17, 16, 0.522
 19, 16, 2.111
 55, 16, 0.836
 18, 17, 0.342
 19, 17,-0.856
 23, 17,-0.632
 19, 18, 0.260
 20, 18,-1.223
 21, 18, 0.724
 24, 18,-0.497
 20, 19, 1.277
 22, 20,-0.116
 22, 21, 1.193
 24, 21, 1.964
 24, 23, 0.162
 26, 25, 0.107
 28, 25, 0.760
 28, 27, 1.191
 29, 27, 1.354
 30, 27,-0.816
 31, 28,-0.741
 30, 29, 3.627
 48, 29,-0.126
 31, 30, 1.774
 38, 30, 2.054
 32, 31,-0.966
 33, 31,-0.298
 39, 31,-1.519
 96, 31,-0.322
 97, 32,-1.383
 40, 33,-0.750
 98, 33,-1.038
 43, 34,-1.279
 41, 35,-0.513
 37, 36, 0.552
 38, 36,-1.579
 43, 36, 0.732
 45, 36,-0.943
 38, 37, 1.609
 40, 37, 0.469
 45, 37, 0.372
 39, 38,-1.548
 40, 38,-1.230
 40, 39,-1.483
 45, 40,-0.476
 98, 40, 0.514
 42, 41, 0.112
 43, 41, 3.853
 50, 41, 0.619
 69, 41, 0.049
 43, 42, 0.623
 44, 42,-0.185
 70, 42,-1.225
 71, 42, 1.404
 44, 43, 0.569
 45, 43, 1.578
 45, 44,-0.180
 72, 44,-0.519
100, 44, 1.027
101, 45,-0.667
 52, 49,-1.067
 66, 49,-1.641
 53, 50,-1.614
 69, 50,-1.512
 52, 51,-0.795
 55, 51, 0.156
 65, 51, 0.473
 53, 52,-1.669
 66, 52, 2.074
 55, 54, 1.870
 58, 54, 1.582
 60, 54,-0.665
 63, 54, 0.522
 65, 55,-0.356
 57, 56,-0.125
 58, 57, 2.067
 59, 57, 1.850
 60, 58,-0.380
 60, 59,-1.074
 62, 59, 0.166
 63, 60, 0.586
 63, 61,-0.412
 66, 61,-0.548
 67, 61,-1.212
 63, 62,-0.063
 64, 63,-0.239
 65, 63, 0.056
 66, 63,-0.958
 65, 64, 0.399
 66, 64, 0.513
 66, 65,-1.405
 67, 66, 2.101
 68, 67, 1.591
 69, 68, 1.179
 76, 68, 1.895
 70, 69,-0.155
 77, 69,-1.689
 71, 70,-0.414
 78, 70,-0.382
 72, 71, 0.748
 78, 71, 1.642
123, 71,-1.263
100, 72,-0.593
 74, 73,-1.043
 75, 73, 0.332
 76, 73, 0.301
 78, 73, 1.624
121, 73, 1.223
 76, 75, 1.583
 77, 76,-1.594
 78, 76, 0.165
 78, 77,-1.587
123, 78,-0.352
 80, 79,-0.525
 81, 79,-0.373
 81, 80, 0.404
103, 80, 0.129
 82, 81,-0.180
 97, 81,-1.040
103, 81,-0.393
 87, 82,-0.377
 99, 82,-0.358
 84, 83,-1.391
 93, 83,-1.218
 85, 84, 2.260
 95, 84,-0.377
105, 84, 0.547
109, 84,-1.681
 89, 86, 0.003
 94, 86,-1.071
 88, 87,-0.296
 90, 87,-1.699
 99, 87, 1.395
 89, 88,-0.395
 92, 88,-0.107
 94, 89, 0.478
 92, 90,-1.698
 99, 90,-1.700
 92, 91,-0.597
 93, 91,-1.475
 93, 92, 0.732
 94, 92,-0.014
102, 92, 1.675
 94, 93,-0.102
 95, 93,-0.326
104, 93, 0.474
105, 95,-0.838
 97, 96,-0.321
 98, 96,-0.350
 98, 97, 0.272
 99, 97, 2.405
103, 97, 1.257
 99, 98,-0.247
101, 98,-0.648
102, 98, 0.570
102, 99, 0.546
101,100,-0.756
102,100, 1.143
102,101,-0.491
105,104, 0.250
108,104, 0.277
109,105,-0.021
107,106,-1.486
111,106,-1.531
108,107, 0.325
112,107,-0.295
119,107, 2.131
109,108,-0.182
113,108,-1.441
110,109,-0.616
115,109, 0.781
115,110,-0.742
112,111,-0.306
114,113,-1.565
115,113,-0.728
115,114, 2.475
116,115, 0.450
119,118, 0.153
125,118,-0.146
126,119, 2.331
121,120, 0.114
122,120, 0.726
124,120,-0.743
126,120, 0.659
122,121, 1.115
123,121,-0.213
124,121, 0.792
125,123,-0.410
125,124,-0.203
126,124, 1.908
126,125,-1.681
  0,  0, 2.620
  1,  1, 5.000
  2,  2, 3.925
  3,  3, 0.703
  4,  4, 2.126
  5,  5, 2.165
  6,  6, 3.743
  7,  7, 4.161
  8,  8, 1.061
  9,  9, 1.438
 10, 10, 1.863
 11, 11, 2.174
 12, 12, 1.061
 13, 13, 1.909
 14, 14, 3.187
 15, 15, 3.218
 16, 16, 2.169
 17, 17, 0.802
 18, 18, 1.380
 19, 19, 3.318
 20, 20, 1.520
 21, 21, 4.030
 22, 22, 3.209
 23, 23, 2.521
 24, 24, 4.508
 25, 25, 3.440
 26, 26, 2.579
 27, 27, 1.211
 28, 28, 2.843
 29, 29, 3.095
 30, 30, 4.743
 31, 31, 2.505
 32, 32,-1.027
 33, 33,-0.481
 34, 34,-1.572
 35, 35,-0.472
 36, 36, 0.261
 37, 37, 2.614
 38, 38, 0.075
 39, 39,-1.492
 40, 40, 1.584
 41, 41, 4.448
 42, 42, 2.564
 43, 43, 5.000
 44, 44, 2.428
 45, 45, 2.881
 46, 46,-0.305
 47, 47,-0.296
 48, 48, 0.581
 49, 49,-1.396
 50, 50, 0.087
 51, 51, 1.638
 52, 52, 1.980
 53, 53,-1.611
 54, 54, 2.833
 55, 55, 4.215
 56, 56, 1.763
 57, 57, 4.935
 58, 58, 3.137
 59, 59, 1.623
 60, 60, 0.378
 61, 61,-0.142
 62, 62,-0.095
 63, 63, 5.000
 64, 64, 0.431
 65, 65, 1.771
 66, 66, 3.966
 67, 67, 2.320
 68, 68, 3.849
 69, 69, 2.137
 70, 70, 0.232
 71, 71, 3.532
 72, 72, 1.396
 73, 73, 3.946
 74, 74,-1.369
 75, 75, 3.745
 76, 76, 3.416
 77, 77,-1.617
 78, 78, 3.072
 79, 79, 1.541
 80, 80, 0.212
 81, 81, 3.790
 82, 82, 0.484
 83, 83,-1.246
 84, 84, 2.961
 85, 85, 3.562
 86, 86, 1.080
 87, 87, 5.000
 88, 88, 0.197
 89, 89, 2.927
 90, 90,-1.698
 91, 91,-0.955
 92, 92, 3.288
 93, 93, 2.413
 94, 94, 1.185
 95, 95,-0.283
 96, 96, 0.107
 97, 97, 4.241
 98, 98, 3.191
 99, 99, 3.553
100,100, 3.847
101,101, 0.158
102,102, 3.707
103,103, 2.203
104,104, 0.834
105,105, 1.312
106,106,-1.542
107,107, 4.305
108,108, 2.073
109,109, 1.490
110,110, 0.426
111,111, 2.708
112,112,-0.608
113,113,-0.744
114,114, 3.568
115,115, 4.705
116,116, 0.315
117,117,-0.623
118,118, 0.949
119,119, 4.239
120,120, 2.683
121,121, 3.585
122,122, 1.836
123,123, 1.177
124,124, 2.625
125,125, 0.731
126,126, 2.497
