from,to,weight
 0, 1, 1.481
 0, 3,-1.104
 0,35, 0.726
 0,84,-0.515
 1, 2, 0.731
 1, 7, 0.377
 1,10, 1.640
 1,85,-0.305
 2,11,-0.579
 2,87, 0.023
 3, 4,-1.616
 3, 5, 1.197
 3, 7,-0.733
 3,31,-0.466
 3,35, 0.630
 3,37,-1.096
 4,32,-1.632
 5, 6, 1.212
 5, 7, 0.609
 5,12, 0.092
 6,13, 0.230
 6,33, 0.991
 7,10, 0.989
 8,10,-0.766
 8,16,-0.938
 9,10,-0.557
 9,19, 0.672
10,11, 0.053
12,13,-1.296
12,16,-0.271
13,16,-0.184
14,15,-1.444
14,16,-0.736
15,16, 1.409
15,17,-0.409
15,18,-1.403
15,22, 1.685
16,17,-0.765
17,19,-0.377
18,19, 0.403
18,22, 0.287
20,21, 0.336
20,22, 0.554
20,24,-1.502
21,22,-1.019
24,25,-0.713
26,30,-0.118
28,29,-0.884
28,33, 0.136
29,33,-1.635
31,32,-0.737
31,37,-1.367
32,38, 0.724
34,35,-0.708
34,36,-0.967
35,36, 1.142
35,37,-1.486
35,82,-0.083
35,84,-0.851
36,38, 1.193
37,38,-0.677
38,40, 0.145
39,40,-0.154
39,41, 0.179
39,42,-0.841
39,45, 0.979
39,81,-0.775
41,45,-0.499
42,45,-1.412
42,81,-0.872
43,44, 0.923
43,45,-0.352
43,46,-0.180
43,48,-0.067
43,79,-0.047
44,45, 0.477
44,49, 1.580
45,81, 0.795
46,48,-0.305
46,53,-0.505
46,71, 0.047
46,79, 0.696
47,48, 0.062
47,49, 2.322
47,52, 1.225
47,54, 0.231
48,49,-1.377
50,51, 0.037
50,52,-0.809
50,55,-0.767
51,52, 0.986
51,53,-0.834
51,56,-1.215
52,53,-0.624
52,54, 0.198
53,71,-0.066
55,62, 0.456
55,69, 1.131
58,60,-0.497
59,60,-0.076
61,67,-0.191
62,69, 1.164
63,64,-1.175
63,65, 0.967
63,66, 0.632
63,70,-0.994
63,95,-0.071
64,65,-0.164
64,67, 0.439
66,67, 0.919
66,68,-0.356
66,72, 0.078
67,68, 0.899
67,69, 1.697
68,69,-0.185
68,73, 1.395
70,95,-1.650
71,76, 1.324
71,79,-0.333
72,73,-1.085
72,78,-0.515
73,75,-1.335
73,77, 0.693
73,78,-0.422
74,75,-1.517
74,76,-1.002
75,76,-0.825
75,77, 0.691
76,77, 0.617
76,79,-0.805
77,78, 0.300
79,80, 0.295
79,81, 0.944
79,83,-1.304
80,81, 0.641
80,82,-0.355
80,83, 0.000
81,82, 0.000
82,84,-0.013
84,85,-1.467
86,88,-0.277
87,88,-0.145
87,91, 0.577
88,91, 0.687
90,92, 0.087
90,93,-1.378
90,94, 2.330
91,92,-0.066
91,93, 0.626
92,93, 0.035
94,95,-1.619
94,96,-0.017
95,96,-0.875
 1, 0, 1.481
 3, 0,-1.104
35, 0, 0.726
84, 0,-0.515
 2, 1, 0.731
 7, 1, 0.377
10, 1, 1.640
85, 1,-0.305
11, 2,-0.579
87, 2, 0.023
 4, 3,-1.616
 5, 3, 1.197
 7, 3,-0.733
31, 3,-0.466
35, 3, 0.630
37, 3,-1.096
32, 4,-1.632
 6, 5, 1.212
 7, 5, 0.609
12, 5, 0.092
13, 6, 0.230
33, 6, 0.991
10, 7, 0.989
10, 8,-0.766
16, 8,-0.938
10, 9,-0.557
19, 9, 0.672
11,10, 0.053
13,12,-1.296
16,12,-0.271
16,13,-0.184
15,14,-1.444
16,14,-0.736
16,15, 1.409
17,15,-0.409
18,15,-1.403
22,15, 1.685
17,16,-0.765
19,17,-0.377
19,18, 0.403
22,18, 0.287
21,20, 0.336
22,20, 0.554
24,20,-1.502
22,21,-1.019
25,24,-0.713
30,26,-0.118
29,28,-0.884
33,28, 0.136
33,29,-1.635
32,31,-0.737
37,31,-1.367
38,32, 0.724
35,34,-0.708
36,34,-0.967
36,35, 1.142
37,35,-1.486
82,35,-0.083
84,35,-0.851
38,36, 1.193
38,37,-0.677
40,38, 0.145
40,39,-0.154
41,39, 0.179
42,39,-0.841
45,39, 0.979
81,39,-0.775
45,41,-0.499
45,42,-1.412
81,42,-0.872
44,43, 0.923
45,43,-0.352
46,43,-0.180
48,43,-0.067
79,43,-0.047
45,44, 0.477
49,44, 1.580
81,45, 0.795
48,46,-0.305
53,46,-0.505
71,46, 0.047
79,46, 0.696
48,47, 0.062
49,47, 2.322
52,47, 1.225
54,47, 0.231
49,48,-1.377
51,50, 0.037
52,50,-0.809
55,50,-0.767
52,51, 0.986
53,51,-0.834
56,51,-1.215
53,52,-0.624
54,52, 0.198
71,53,-0.066
62,55, 0.456
69,55, 1.131
60,58,-0.497
60,59,-0.076
67,61,-0.191
69,62, 1.164
64,63,-1.175
65,63, 0.967
66,63, 0.632
70,63,-0.994
95,63,-0.071
65,64,-0.164
67,64, 0.439
67,66, 0.919
68,66,-0.356
72,66, 0.078
68,67, 0.899
69,67, 1.697
69,68,-0.185
73,68, 1.395
95,70,-1.650
76,71, 1.324
79,71,-0.333
73,72,-1.085
78,72,-0.515
75,73,-1.335
77,73, 0.693
78,73,-0.422
75,74,-1.517
76,74,-1.002
76,75,-0.825
77,75, 0.691
77,76, 0.617
79,76,-0.805
78,77, 0.300
80,79, 0.295
81,79, 0.944
83,79,-1.304
81,80, 0.641
82,80,-0.355
83,80, 0.000
82,81, 0.000
84,82,-0.013
85,84,-1.467
88,86,-0.277
88,87,-0.145
91,87, 0.577
91,88, 0.687
92,90, 0.087
93,90,-1.378
94,90, 2.330
92,91,-0.066
93,91, 0.626
93,92, 0.035
95,94,-1.619
96,94,-0.017
96,95,-0.875
 0, 0, 1.146
 1, 1, 3.974
 2, 2, 2.102
 3, 3, 2.307
 4, 4,-1.652
 5, 5, 3.142
 6, 6, 1.604
 7, 7, 1.931
 8, 8,-0.903
 9, 9, 1.773
10,10, 5.000
11,11, 0.357
12,12,-0.231
13,13, 1.081
14,14,-0.787
15,15, 1.279
16,16, 5.000
17,17, 0.067
18,18,-0.648
19,19, 3.912
20,20, 2.589
21,21, 1.028
22,22, 5.000
23,23, 2.427
24,24, 1.515
25,25,-0.208
26,26, 4.406
27,27, 1.507
28,28, 1.157
29,29, 0.074
30,30,-0.288
31,31,-1.070
32,32, 1.194
33,33, 2.497
34,34,-0.480
35,35, 3.325
36,36, 1.021
37,37,-1.038
38,38, 5.000
39,39, 3.455
40,40,-0.322
41,41, 0.284
42,42,-0.871
43,43, 1.989
44,44, 3.602
45,45, 3.692
46,46, 2.269
47,47, 4.758
48,48, 0.867
49,49, 3.887
50,50, 1.846
51,51, 1.699
52,52, 3.716
53,53, 1.384
54,54, 1.838
55,55, 4.510
56,56,-1.073
57,57, 5.000
58,58, 3.376
59,59, 1.260
60,60, 5.000
61,61,-0.501
62,62, 1.892
63,63, 2.496
64,64, 0.264
65,65, 3.433
66,66, 2.252
67,67, 4.397
68,68, 2.538
69,69, 2.854
70,70,-0.960
71,71, 2.036
72,72, 0.736
73,73, 2.773
74,74,-1.117
75,75, 0.215
76,76, 2.772
77,77, 5.000
78,78, 1.254
79,79, 3.688
80,80, 2.335
81,81, 3.796
82,82, 0.844
83,83,-0.441
84,84, 0.968
85,85,-0.318
86,86,-0.012
87,87, 2.090
88,88, 2.541
89,89,-0.430
90,90, 0.910
91,91, 3.643
92,92, 0.807
93,93, 3.725
94,94, 4.551
95,95, 1.171
96,96, 0.654
