from,to,weight
 0, 1, 0.683
 0, 4, 0.619
 0,53,-0.137
 0,54, 0.285
 0,57,-1.362
 1, 2,-0.163
 1, 5, 0.167
 2, 3,-0.976
 2, 5, 0.441
 2,11,-0.704
 4, 5,-0.112
 4, 6,-1.448
 4, 7, 1.183
 5, 6, 1.152
 5,11,-1.173
 6, 7, 0.457
 6, 8,-0.757
 6, 9,-1.476
 6,12,-1.001
 7, 8, 0.900
 7,10,-1.508
 7,16,-0.262
 8, 9,-1.340
 8,13, 1.449
 8,17, 2.032
 9,14,-1.369
10,21,-1.527
11,12,-0.742
12,14,-0.081
13,14, 1.948
13,15,-0.264
13,17, 1.323
13,22,-1.143
14,15, 0.725
15,24, 0.776
16,17, 0.401
16,18,-0.314
16,21, 0.490
17,18, 0.433
17,22,-0.586
18,19, 0.443
18,21, 0.811
18,23,-1.123
19,20,-1.074
19,21, 0.104
19,28,-0.051
19,32, 0.820
20,21,-0.967
22,23,-1.256
22,24,-0.326
23,24, 0.571
23,25,-1.055
23,28, 1.036
24,25, 0.918
25,26,-1.403
25,27,-0.163
25,28, 0.171
26,27,-0.997
27,28, 0.829
27,30, 0.240
27,38, 1.832
28,32, 0.646
29,30,-0.395
29,31,-0.099
29,34,-0.852
30,31, 0.747
30,32,-0.108
30,35,-0.029
30,38,-0.988
31,32, 0.900
31,33,-1.255
31,36,-0.632
32,33,-1.112
35,38,-0.026
37,38, 0.112
39,40,-0.158
41,42,-1.041
41,43, 0.357
41,44, 0.224
43,45, 0.962
44,45, 0.669
46,48,-0.586
47,48,-1.146
47,50,-0.383
48,49,-0.932
48,51, 1.500
48,68,-0.483
49,51,-1.220
49,68,-0.852
50,51, 1.508
51,52, 1.483
51,68, 0.875
53,57, 0.259
54,57, 0.606
54,63, 0.756
55,64, 0.642
56,57,-0.706
57,63, 0.376
58,64,-0.948
58,76,-0.475
59,66,-1.082
59,71,-1.702
59,74,-1.625
59,78,-1.068
60,61,-1.435
60,63, 1.093
60,65, 0.625
60,67,-1.025
60,69, 0.001
61,63,-1.680
62,65,-1.227
63,65,-1.268
64,65, 0.947
64,66, 0.198
64,76,-0.488
65,66,-0.833
65,67, 0.300
66,67, 1.109
66,71, 1.145
66,78, 0.578
67,72, 2.603
68,69, 0.145
68,70,-1.113
68,72, 0.552
69,70,-1.501
69,72, 0.997
71,72,-1.577
71,73,-0.558
71,74,-1.029
71,93,-1.261
73,74,-1.240
73,78,-1.045
74,78,-0.530
75,78, 1.194
75,79, 0.558
75,80,-1.172
75,81, 1.296
76,77,-0.357
77,78,-0.647
77,79, 0.176
77,80,-0.308
78,79,-0.253
78,82,-1.211
78,93, 0.416
79,80, 0.173
80,83, 0.488
81,82,-1.124
81,83,-0.016
81,84, 0.864
81,89, 0.551
82,93,-1.373
83,88, 1.020
84,85,-1.340
84,86,-0.840
84,87, 1.187
84,88,-0.954
84,89, 0.876
85,90,-1.634
85,94,-1.279
86,87,-1.107
86,88,-1.019
87,88, 0.146
89,90, 2.508
89,91,-1.559
89,92,-0.991
89,93, 0.980
90,91, 0.519
90,92,-1.127
90,94,-0.342
91,92, 0.844
92,96, 0.748
94,95,-0.318
96,97, 1.600
96,98,-0.545
97,98,-0.291
 1, 0, 0.683
 4, 0, 0.619
53, 0,-0.137
54, 0, 0.285
57, 0,-1.362
 2, 1,-0.163
 5, 1, 0.167
 3, 2,-0.976
 5, 2, 0.441
11, 2,-0.704
 5, 4,-0.112
 6, 4,-1.448
 7, 4, 1.183
 6, 5, 1.152
11, 5,-1.173
 7, 6, 0.457
 8, 6,-0.757
 9, 6,-1.476
12, 6,-1.001
 8, 7, 0.900
10, 7,-1.508
16, 7,-0.262
 9, 8,-1.340
13, 8, 1.449
17, 8, 2.032
14, 9,-1.369
21,10,-1.527
12,11,-0.742
14,12,-0.081
14,13, 1.948
15,13,-0.264
17,13, 1.323
22,13,-1.143
15,14, 0.725
24,15, 0.776
17,16, 0.401
18,16,-0.314
21,16, 0.490
18,17, 0.433
22,17,-0.586
19,18, 0.443
21,18, 0.811
23,18,-1.123
20,19,-1.074
21,19, 0.104
28,19,-0.051
32,19, 0.820
21,20,-0.967
23,22,-1.256
24,22,-0.326
24,23, 0.571
25,23,-1.055
28,23, 1.036
25,24, 0.918
26,25,-1.403
27,25,-0.163
28,25, 0.171
27,26,-0.997
28,27, 0.829
30,27, 0.240
38,27, 1.832
32,28, 0.646
30,29,-0.395
31,29,-0.099
34,29,-0.852
31,30, 0.747
32,30,-0.108
35,30,-0.029
38,30,-0.988
32,31, 0.900
33,31,-1.255
36,31,-0.632
33,32,-1.112
38,35,-0.026
38,37, 0.112
40,39,-0.158
42,41,-1.041
43,41, 0.357
44,41, 0.224
45,43, 0.962
45,44, 0.669
48,46,-0.586
48,47,-1.146
50,47,-0.383
49,48,-0.932
51,48, 1.500
68,48,-0.483
51,49,-1.220
68,49,-0.852
51,50, 1.508
52,51, 1.483
68,51, 0.875
57,53, 0.259
57,54, 0.606
63,54, 0.756
64,55, 0.642
57,56,-0.706
63,57, 0.376
64,58,-0.948
76,58,-0.475
66,59,-1.082
71,59,-1.702
74,59,-1.625
78,59,-1.068
61,60,-1.435
63,60, 1.093
65,60, 0.625
67,60,-1.025
69,60, 0.001
63,61,-1.680
65,62,-1.227
65,63,-1.268
65,64, 0.947
66,64, 0.198
76,64,-0.488
66,65,-0.833
67,65, 0.300
67,66, 1.109
71,66, 1.145
78,66, 0.578
72,67, 2.603
69,68, 0.145
70,68,-1.113
72,68, 0.552
70,69,-1.501
72,69, 0.997
72,71,-1.577
73,71,-0.558
74,71,-1.029
93,71,-1.261
74,73,-1.240
78,73,-1.045
78,74,-0.530
78,75, 1.194
79,75, 0.558
80,75,-1.172
81,75, 1.296
77,76,-0.357
78,77,-0.647
79,77, 0.176
80,77,-0.308
79,78,-0.253
82,78,-1.211
93,78, 0.416
80,79, 0.173
83,80, 0.488
82,81,-1.124
83,81,-0.016
84,81, 0.864
89,81, 0.551
93,82,-1.373
88,83, 1.020
85,84,-1.340
86,84,-0.840
87,84, 1.187
88,84,-0.954
89,84, 0.876
90,85,-1.634
94,85,-1.279
87,86,-1.107
88,86,-1.019
88,87, 0.146
90,89, 2.508
91,89,-1.559
92,89,-0.991
93,89, 0.980
91,90, 0.519
92,90,-1.127
94,90,-0.342
92,91, 0.844
96,92, 0.748
95,94,-0.318
97,96, 1.600
98,96,-0.545
98,97,-0.291
 0, 0, 2.867
 1, 1, 3.298
 2, 2, 2.134
 3, 3,-1.025
 4, 4, 1.801
 5, 5, 2.425
 6, 6, 0.682
 7, 7, 3.331
 8, 8, 3.081
 9, 9,-1.314
10,10,-1.503
11,11,-0.625
12,12,-0.071
13,13, 3.042
14,14, 4.150
15,15, 2.799
16,16, 0.890
17,17, 3.421
18,18, 1.953
19,19, 2.660
20,20,-0.625
21,21, 4.201
22,22,-0.164
23,23, 0.985
24,24, 5.000
25,25, 1.159
26,26,-0.332
27,27, 3.487
28,28, 2.999
29,29, 0.718
30,30, 2.805
31,31, 4.228
32,32, 2.966
33,33,-1.042
34,34, 0.132
35,35,-0.226
36,36,-0.791
37,37, 0.282
38,38, 4.081
39,39, 1.266
40,40, 2.090
41,41, 3.161
42,42,-0.966
43,43, 3.075
44,44, 2.422
45,45, 2.915
46,46,-0.060
47,47, 0.281
48,48, 3.632
49,49,-0.801
50,50, 2.420
51,51, 4.548
52,52, 3.038
53,53, 0.172
54,54, 2.457
55,55, 1.252
56,56,-0.128
57,57, 2.436
58,58, 2.733
59,59,-1.289
60,60, 1.942
61,61,-1.577
62,62,-1.258
63,63, 2.782
64,64, 4.009
65,65, 2.992
66,66, 3.881
67,67, 1.770
68,68, 2.439
69,69, 1.861
70,70,-0.934
71,71, 1.960
72,72, 4.952
73,73,-0.790
74,74,-0.874
75,75, 1.424
76,76, 1.776
77,77, 3.032
78,78, 4.478
79,79, 1.528
80,80, 2.469
81,81, 2.892
82,82,-1.200
83,83, 2.842
84,84, 3.723
85,85,-1.508
86,86,-0.794
87,87, 1.969
88,88, 4.570
89,89, 4.153
90,90, 0.285
91,91, 3.362
92,92, 2.409
93,93, 2.292
94,94, 3.080
95,95, 0.467
96,96, 4.140
97,97, 3.491
98,98, 0.695
