from,to,weight
 0, 1,-0.547
 0, 4,-1.484
 1, 2, 1.551
 1, 3,-1.173
 1, 4, 0.569
 1, 6, 1.415
 2, 3,-1.052
 2,43, 1.601
 2,52,-0.564
 2,54,-1.253
 4, 5, 1.619
 4, 6,-0.953
 5,10, 0.423
 5,11,-0.722
 6, 8,-1.169
 6, 9, 1.275
 6,10,-0.566
 7, 8,-0.028
 7, 9,-0.902
 7,10,-0.145
 7,14, 0.094
 8, 9, 1.656
 8,12,-0.183
 8,15, 1.515
 8,34, 1.901
 9,10, 0.732
12,15,-0.210
12,19, 0.331
12,28,-1.668
12,34, 0.600
13,14, 1.144
13,15, 1.520
13,16, 0.802
13,18,-0.247
14,15,-1.179
15,19,-1.449
16,18, 0.152
17,22, 1.400
18,19, 0.109
18,26, 0.506
19,28,-0.459
20,21,-1.436
20,22, 1.054
20,27, 0.743
20,29,-1.171
20,30, 0.132
21,22, 1.479
21,23, 0.131
21,25, 0.790
21,27, 1.090
22,23, 0.306
22,32, 0.440
23,25, 1.048
24,25,-0.969
24,26,-0.916
25,26, 1.470
25,27, 0.158
26,27, 0.356
26,28, 0.563
27,28,-0.224
27,29,-0.717
27,33,-1.387
28,34, 0.880
29,35,-0.443
30,31,-0.786
30,32,-1.113
30,35,-0.898
30,39,-0.047
31,32,-1.398
33,34,-1.578
33,35,-1.434
34,35, 2.087
35,41, 2.533
35,45,-1.154
36,37, 0.663
36,38, 1.583
36,42,-0.353
37,40,-1.023
38,39, 0.435
38,40,-0.571
38,41, 0.930
38,42, 0.224
39,40,-1.210
39,41, 1.021
41,45,-0.757
42,51,-1.159
43,44,-0.964
43,46, 0.665
43,54, 0.989
44,45,-1.594
44,46,-0.349
44,58,-0.914
45,46,-1.600
47,58, 0.632
48,49,-0.148
48,61, 0.489
49,50,-0.792
52,53,-1.392
52,54,-0.806
53,56, 1.704
53,63,-0.825
53,80,-0.722
54,55, 0.249
54,56, 0.736
54,58,-0.243
55,56, 1.395
55,57, 0.996
55,58, 1.672
55,59, 3.581
55,62,-1.565
55,65,-1.633
56,63,-0.764
57,64, 0.332
57,66,-0.858
59,60,-0.502
59,61,-1.460
62,63,-1.698
62,64,-1.585
63,64, 0.339
64,66, 1.178
64,72, 0.644
65,66,-1.622
66,67,-0.165
66,70, 1.456
66,71,-1.242
66,72, 1.404
67,68,-0.441
67,70, 0.185
68,69,-0.130
68,70,-1.136
69,70, 2.137
69,75, 2.062
70,71,-0.169
70,76, 0.117
72,73,-0.065
72,74, 1.189
73,81,-0.605
74,77, 2.149
75,76,-0.750
77,78, 0.570
77,79,-0.569
78,79,-0.740
 1, 0,-0.547
 4, 0,-1.484
 2, 1, 1.551
 3, 1,-1.173
 4, 1, 0.569
 6, 1, 1.415
 3, 2,-1.052
43, 2, 1.601
52, 2,-0.564
54, 2,-1.253
 5, 4, 1.619
 6, 4,-0.953
10, 5, 0.423
11, 5,-0.722
 8, 6,-1.169
 9, 6, 1.275
10, 6,-0.566
 8, 7,-0.028
 9, 7,-0.902
10, 7,-0.145
14, 7, 0.094
 9, 8, 1.656
12, 8,-0.183
15, 8, 1.515
34, 8, 1.901
10, 9, 0.732
15,12,-0.210
19,12, 0.331
28,12,-1.668
34,12, 0.600
14,13, 1.144
15,13, 1.520
16,13, 0.802
18,13,-0.247
15,14,-1.179
19,15,-1.449
18,16, 0.152
22,17, 1.400
19,18, 0.109
26,18, 0.506
28,19,-0.459
21,20,-1.436
22,20, 1.054
27,20, 0.743
29,20,-1.171
30,20, 0.132
22,21, 1.479
23,21, 0.131
25,21, 0.790
27,21, 1.090
23,22, 0.306
32,22, 0.440
25,23, 1.048
25,24,-0.969
26,24,-0.916
26,25, 1.470
27,25, 0.158
27,26, 0.356
28,26, 0.563
28,27,-0.224
29,27,-0.717
33,27,-1.387
34,28, 0.880
35,29,-0.443
31,30,-0.786
32,30,-1.113
35,30,-0.898
39,30,-0.047
32,31,-1.398
34,33,-1.578
35,33,-1.434
35,34, 2.087
41,35, 2.533
45,35,-1.154
37,36, 0.663
38,36, 1.583
42,36,-0.353
40,37,-1.023
39,38, 0.435
40,38,-0.571
41,38, 0.930
42,38, 0.224
40,39,-1.210
41,39, 1.021
45,41,-0.757
51,42,-1.159
44,43,-0.964
46,43, 0.665
54,43, 0.989
45,44,-1.594
46,44,-0.349
58,44,-0.914
46,45,-1.600
58,47, 0.632
49,48,-0.148
61,48, 0.489
50,49,-0.792
53,52,-1.392
54,52,-0.806
56,53, 1.704
63,53,-0.825
80,53,-0.722
55,54, 0.249
56,54, 0.736
58,54,-0.243
56,55, 1.395
57,55, 0.996
58,55, 1.672
59,55, 3.581
62,55,-1.565
65,55,-1.633
63,56,-0.764
64,57, 0.332
66,57,-0.858
60,59,-0.502
61,59,-1.460
63,62,-1.698
64,62,-1.585
64,63, 0.339
66,64, 1.178
72,64, 0.644
66,65,-1.622
67,66,-0.165
70,66, 1.456
71,66,-1.242
72,66, 1.404
68,67,-0.441
70,67, 0.185
69,68,-0.130
70,68,-1.136
70,69, 2.137
75,69, 2.062
71,70,-0.169
76,70, 0.117
73,72,-0.065
74,72, 1.189
81,73,-0.605
77,74, 2.149
76,75,-0.750
78,77, 0.570
79,77,-0.569
79,78,-0.740
 0, 0, 0.107
 1, 1, 4.033
 2, 2, 3.247
 3, 3,-0.862
 4, 4, 1.513
 5, 5, 4.414
 6, 6, 1.703
 7, 7, 1.047
 8, 8, 4.542
 9, 9, 2.538
10,10, 2.492
11,11,-0.501
12,12, 1.540
13,13, 5.000
14,14, 1.602
15,15, 1.767
16,16, 1.749
17,17, 1.220
18,18, 2.239
19,19, 0.657
20,20, 1.435
21,21, 2.776
22,22, 5.000
23,23, 3.028
24,24,-0.617
25,25, 3.017
26,26, 3.877
27,27, 3.712
28,28, 1.301
29,29,-0.830
30,30, 0.904
31,31,-0.371
32,32, 0.428
33,33,-1.474
34,34, 3.931
35,35, 2.751
36,36, 3.139
37,37, 3.106
38,38, 4.424
39,39, 1.717
40,40,-0.336
41,41, 4.461
42,42, 2.070
43,43, 2.297
44,44, 1.203
45,45,-0.274
46,46, 0.834
47,47, 1.596
48,48, 4.962
49,49, 1.770
50,50,-0.576
51,51,-0.415
52,52,-1.104
53,53, 3.408
54,54, 2.844
55,55, 5.000
56,56, 2.302
57,57,-0.074
58,58, 2.120
59,59, 2.930
60,60,-0.767
61,61, 2.747
62,62,-1.618
63,63, 0.821
64,64, 2.572
65,65,-1.617
66,66, 4.244
67,67, 0.779
68,68, 0.642
69,69, 2.110
70,70, 5.000
71,71,-0.416
72,72, 4.249
73,73,-0.338
74,74, 3.099
75,75, 4.943
76,76,-0.187
77,77, 4.024
78,78, 1.712
79,79, 0.250
80,80,-0.242
81,81, 1.370
