from,to,weight
  0,  1, 0.233
  0, 41,-0.859
  0,101, 0.148
  1,  2,-0.542
  1,  3, 0.012
  1,  6,-0.415
  1,  9, 1.494
  1,103, 0.193
  2,  7,-0.176
  2, 42,-0.575
  3, 11,-0.196
  3,105,-0.174
  4,  5, 0.229
  4,  7, 0.112
  4, 35,-0.304
  5,  6,-0.255
  5,  7,-0.548
  5, 15, 0.365
  6,  7, 0.936
  6,  9, 0.481
  6, 16, 0.007
  7, 38, 0.387
  7, 42, 0.577
  7, 46,-1.271
  8,  9, 0.160
  8, 10,-1.255
  8, 11, 0.129
  8, 17, 0.451
  9, 10,-0.838
  9, 11, 0.322
  9, 16,-0.101
 10, 11,-0.943
 11, 12,-0.816
 13, 14,-0.021
 13, 15,-0.180
 13, 30,-0.444
 14, 15, 1.062
 14, 16, 0.525
 14, 18,-0.609
 14, 21, 2.551
 14, 31, 0.852
 15, 16,-0.805
 18, 21,-0.591
 18, 22,-0.344
 18, 29,-1.653
 18, 31, 0.069
 19, 20,-0.036
 19, 21, 0.918
 20, 21,-0.128
 21, 22,-0.098
 22, 29, 0.608
 23, 24, 1.325
 23, 26, 0.226
 23, 29,-0.091
 23, 30,-0.104
 24, 25, 0.476
 24, 26,-1.006
 25, 26,-0.559
 25, 27,-0.819
 25, 28,-0.094
 26, 27, 1.214
 26, 29, 0.033
 27, 28, 1.253
 29, 31,-0.022
 30, 31, 1.466
 30, 33, 1.510
 30, 37, 0.168
 32, 33, 1.041
 33, 37,-1.677
 34, 35,-0.035
 34, 36,-0.533
 34, 38,-1.273
 34, 39, 0.031
 34, 45, 0.848
 35, 38,-0.168
 38, 46,-0.048
 39, 45,-0.040
 41, 96,-1.160
 41,101,-0.863
 42, 46, 0.407
 43, 44, 0.115
 43, 45, 0.748
 44, 45, 0.541
 44, 47,-0.676
 45, 46, 1.533
 48, 49, 0.625
 48, 53, 0.373
 49, 53, 0.335
 49, 54, 1.151
 50, 51, 1.529
 50, 52, 0.211
 50, 53, 1.231
 50, 55, 0.197
 50, 57,-0.488
 50, 97, 2.326
 51, 53,-0.607
 51, 61, 0.855
 52, 53,-0.163
 52,100,-1.565
 53, 54,-0.568
 53, 62, 0.261
 54, 62,-0.041
 55, 56, 0.147
 55, 57,-1.281
 55, 97,-0.130
 56, 58, 0.518
 56, 65, 0.156
 56, 87, 1.782
 56, 99,-0.699
 57, 58,-0.879
 57, 61,-0.577
 58, 61, 0.008
 58, 65,-0.244
 59, 60, 0.574
 59, 61, 2.266
 59, 70, 0.493
 59, 73, 0.359
 60, 61, 0.067
 61, 62, 0.001
 63, 67,-1.142
 63, 75,-1.429
 63, 81,-1.298
 64, 65,-0.093
 64, 66,-0.568
 64, 70,-0.949
 65, 66, 0.138
 65, 67, 1.764
 65, 70,-0.711
 65, 87, 0.591
 66, 67,-0.302
 66, 68, 0.310
 66, 70, 0.951
 67, 68,-1.066
 67, 75, 0.997
 67, 81,-1.206
 67, 88,-1.253
 68, 69,-0.058
 68, 70,-0.898
 68, 71,-0.963
 68, 78, 0.266
 69, 72, 0.094
 70, 73, 0.421
 71, 72,-0.063
 71, 73,-1.703
 71, 78,-1.006
 72, 73, 1.650
 74, 75,-1.067
 74, 77,-1.661
 74, 78,-1.102
 75, 76, 1.180
 75, 77, 1.704
 75, 78,-0.789
 75, 81, 0.652
 75, 84, 1.732
 76, 77,-1.262
 76, 85,-0.043
 77, 78, 0.792
 77, 79, 2.007
 78, 80,-1.351
 79, 80,-1.433
 81, 84, 0.602
 81, 88,-0.321
 82, 83,-1.309
 82, 84,-0.093
 82, 87,-0.003
 82, 94,-1.564
 83, 84, 1.445
 83, 85, 1.550
 83, 95, 1.620
 84, 85, 0.118
 84, 88,-0.855
 86, 87, 1.340
 86, 92, 2.845
 86, 98, 0.436
 87, 88,-0.115
 87, 94,-0.415
 87, 99,-1.232
 89, 90, 1.166
 89, 92,-1.432
 89,106, 0.912
 89,112,-0.245
 90, 92, 1.154
 90, 93, 1.466
 90, 95, 0.754
 90,113,-1.532
 91, 92,-1.249
 91,101,-1.128
 92, 93, 0.851
 92, 94,-1.351
 92, 95, 0.789
 92, 98, 0.248
 92,102,-1.267
 93, 95,-0.322
 94, 95,-0.558
 96, 97, 0.287
 96, 98, 0.571
 96,100,-0.389
 96,101, 1.308
 97, 98, 1.273
 97, 99,-0.820
 97,100, 0.193
 98, 99,-0.682
 98,102,-1.346
101,102,-1.497
101,103,-0.360
103,107,-0.563
104,105,-1.701
104,106,-0.945
104,108,-0.882
105,111, 2.168
106,107,-0.823
106,108, 0.090
106,112, 1.315
108,109,-0.854
108,110, 0.744
108,111,-0.837
108,112,-0.445
109,110,-1.062
109,111,-0.277
110,111,-0.286
110,114,-1.284
112,113,-1.026
112,114, 1.442
  1,  0, 0.233
 41,  0,-0.859
101,  0, 0.148
  2,  1,-0.542
  3,  1, 0.012
  6,  1,-0.415
  9,  1, 1.494
103,  1, 0.193
  7,  2,-0.176
 42,  2,-0.575
 11,  3,-0.196
105,  3,-0.174
  5,  4, 0.229
  7,  4, 0.112
 35,  4,-0.304
  6,  5,-0.255
  7,  5,-0.548
 15,  5, 0.365
  7,  6, 0.936
  9,  6, 0.481
 16,  6, 0.007
 38,  7, 0.387
 42,  7, 0.577
 46,  7,-1.271
  9,  8, 0.160
 10,  8,-1.255
 11,  8, 0.129
 17,  8, 0.451
 10,  9,-0.838
 11,  9, 0.322
 16,  9,-0.101
 11, 10,-0.943
 12, 11,-0.816
 14, 13,-0.021
 15, 13,-0.180
 30, 13,-0.444
 15, 14, 1.062
 16, 14, 0.525
 18, 14,-0.609
 21, 14, 2.551
 31, 14, 0.852
 16, 15,-0.805
 21, 18,-0.591
 22, 18,-0.344
 29, 18,-1.653
 31, 18, 0.069
 20, 19,-0.036
 21, 19, 0.918
 21, 20,-0.128
 22, 21,-0.098
 29, 22, 0.608
 24, 23, 1.325
 26, 23, 0.226
 29, 23,-0.091
 30, 23,-0.104
 25, 24, 0.476
 26, 24,-1.006
 26, 25,-0.559
 27, 25,-0.819
 28, 25,-0.094
 27, 26, 1.214
 29, 26, 0.033
 28, 27, 1.253
 31, 29,-0.022
 31, 30, 1.466
 33, 30, 1.510
 37, 30, 0.168
 33, 32, 1.041
 37, 33,-1.677
 35, 34,-0.035
 36, 34,-0.533
 38, 34,-1.273
 39, 34, 0.031
 45, 34, 0.848
 38, 35,-0.168
 46, 38,-0.048
 45, 39,-0.040
 96, 41,-1.160
101, 41,-0.863
 46, 42, 0.407
 44, 43, 0.115
 45, 43, 0.748
 45, 44, 0.541
 47, 44,-0.676
 46, 45, 1.533
 49, 48, 0.625
 53, 48, 0.373
 53, 49, 0.335
 54, 49, 1.151
 51, 50, 1.529
 52, 50, 0.211
 53, 50, 1.231
 55, 50, 0.197
 57, 50,-0.488
 97, 50, 2.326
 53, 51,-0.607
 61, 51, 0.855
 53, 52,-0.163
100, 52,-1.565
 54, 53,-0.568
 62, 53, 0.261
 62, 54,-0.041
 56, 55, 0.147
 57, 55,-1.281
 97, 55,-0.130
 58, 56, 0.518
 65, 56, 0.156
 87, 56, 1.782
 99, 56,-0.699
 58, 57,-0.879
 61, 57,-0.577
 61, 58, 0.008
 65, 58,-0.244
 60, 59, 0.574
 61, 59, 2.266
 70, 59, 0.493
 73, 59, 0.359
 61, 60, 0.067
 62, 61, 0.001
 67, 63,-1.142
 75, 63,-1.429
 81, 63,-1.298
 65, 64,-0.093
 66, 64,-0.568
 70, 64,-0.949
 66, 65, 0.138
 67, 65, 1.764
 70, 65,-0.711
 87, 65, 0.591
 67, 66,-0.302
 68, 66, 0.310
 70, 66, 0.951
 68, 67,-1.066
 75, 67, 0.997
 81, 67,-1.206
 88, 67,-1.253
 69, 68,-0.058
 70, 68,-0.898
 71, 68,-0.963
 78, 68, 0.266
 72, 69, 0.094
 73, 70, 0.421
 72, 71,-0.063
 73, 71,-1.703
 78, 71,-1.006
 73, 72, 1.650
 75, 74,-1.067
 77, 74,-1.661
 78, 74,-1.102
 76, 75, 1.180
 77, 75, 1.704
 78, 75,-0.789
 81, 75, 0.652
 84, 75, 1.732
 77, 76,-1.262
 85, 76,-0.043
 78, 77, 0.792
 79, 77, 2.007
 80, 78,-1.351
 80, 79,-1.433
 84, 81, 0.602
 88, 81,-0.321
 83, 82,-1.309
 84, 82,-0.093
 87, 82,-0.003
 94, 82,-1.564
 84, 83, 1.445
 85, 83, 1.550
 95, 83, 1.620
 85, 84, 0.118
 88, 84,-0.855
 87, 86, 1.340
 92, 86, 2.845
 98, 86, 0.436
 88, 87,-0.115
 94, 87,-0.415
 99, 87,-1.232
 90, 89, 1.166
 92, 89,-1.432
106, 89, 0.912
112, 89,-0.245
 92, 90, 1.154
 93, 90, 1.466
 95, 90, 0.754
113, 90,-1.532
 92, 91,-1.249
101, 91,-1.128
 93, 92, 0.851
 94, 92,-1.351
 95, 92, 0.789
 98, 92, 0.248
102, 92,-1.267
 95, 93,-0.322
 95, 94,-0.558
 97, 96, 0.287
 98, 96, 0.571
100, 96,-0.389
101, 96, 1.308
 98, 97, 1.273
 99, 97,-0.820
100, 97, 0.193
 99, 98,-0.682
102, 98,-1.346
102,101,-1.497
103,101,-0.360
107,103,-0.563
105,104,-1.701
106,104,-0.945
108,104,-0.882
111,105, 2.168
107,106,-0.823
108,106, 0.090
112,106, 1.315
109,108,-0.854
110,108, 0.744
111,108,-0.837
112,108,-0.445
110,109,-1.062
111,109,-0.277
111,110,-0.286
114,110,-1.284
113,112,-1.026
114,112, 1.442
  0,  0, 0.747
  1,  1, 4.425
  2,  2, 0.395
  3,  3, 0.992
  4,  4, 0.994
  5,  5, 1.353
  6,  6, 2.239
  7,  7, 4.023
  8,  8, 2.072
  9,  9, 4.465
 10, 10,-0.871
 11, 11, 3.373
 12, 12,-0.802
 13, 13, 0.742
 14, 14, 5.000
 15, 15, 2.123
 16, 16, 0.814
 17, 17, 2.777
 18, 18, 0.766
 19, 19, 1.896
 20, 20, 3.195
 21, 21, 4.239
 22, 22, 1.319
 23, 23, 2.222
 24, 24, 3.525
 25, 25, 0.625
 26, 26, 1.954
 27, 27, 4.390
 28, 28, 1.683
 29, 29, 1.817
 30, 30, 3.408
 31, 31, 2.224
 32, 32, 3.401
 33, 33, 1.935
 34, 34, 1.891
 35, 35, 1.746
 36, 36,-0.133
 37, 37, 0.140
 38, 38, 0.491
 39, 39, 2.196
 40, 40, 0.907
 41, 41, 0.058
 42, 42, 2.216
 43, 43, 2.277
 44, 44, 1.760
 45, 45, 4.561
 46, 46, 2.296
 47, 47, 1.010
 48, 48, 0.280
 49, 49, 5.000
 50, 50, 4.442
 51, 51, 1.004
 52, 52, 0.535
 53, 53, 3.886
 54, 54, 1.393
 55, 55, 0.772
 56, 56, 2.913
 57, 57,-0.079
 58, 58, 1.271
 59, 59, 4.229
 60, 60, 1.749
 61, 61, 4.280
 62, 62, 1.551
 63, 63,-1.287
 64, 64,-0.779
 65, 65, 4.512
 66, 66, 2.465
 67, 67, 2.480
 68, 68, 1.642
 69, 69,-0.675
 70, 70, 2.437
 71, 71,-0.659
 72, 72, 4.581
 73, 73, 2.265
 74, 74,-1.529
 75, 75, 5.000
 76, 76, 1.026
 77, 77, 3.628
 78, 78, 1.038
 79, 79, 4.285
 80, 80,-1.335
 81, 81, 1.222
 82, 82,-0.654
 83, 83, 3.881
 84, 84, 4.008
 85, 85, 3.183
 86, 86, 1.643
 87, 87, 4.357
 88, 88, 0.041
 89, 89, 1.391
 90, 90, 4.029
 91, 91,-1.273
 92, 92, 5.000
 93, 93, 0.872
 94, 94,-0.986
 95, 95, 4.496
 96, 96, 3.186
 97, 97, 3.997
 98, 98, 2.832
 99, 99,-0.192
100,100, 0.469
101,101, 2.996
102,102,-1.361
103,103, 0.591
104,104,-0.746
105,105, 3.207
106,106, 4.163
107,107, 0.103
108,108, 1.850
109,109,-0.701
110,110, 1.706
111,111, 4.217
112,112, 2.982
113,113,-1.064
114,114, 2.636
