from,to,weight
 0, 1,-0.073
 0, 2, 0.113
 0, 3, 0.643
 0,10,-0.374
 1, 4,-1.554
 1,64,-0.033
 2,11,-0.201
 2,91,-1.454
 3, 4,-0.115
 3, 5,-0.021
 3, 7, 0.658
 3,10, 0.314
 3,14,-1.130
 4, 5,-0.165
 4,64, 0.202
 4,66,-1.286
 5, 6,-0.277
 5, 7,-0.322
 5,58, 0.151
 5,67,-0.654
 6, 7,-0.250
 6,16, 0.340
 6,61, 1.162
 7,17, 0.637
 8, 9,-0.077
 8,10,-0.982
 8,13, 1.137
 8,20, 0.816
 9,10,-0.170
10,11, 0.466
12,16,-1.250
12,48,-1.428
12,61,-1.247
13,14,-1.393
13,15,-0.568
13,17, 0.797
13,18, 1.029
13,19,-1.181
13,20,-0.510
14,17,-1.246
15,16, 0.886
15,17, 0.344
15,18, 1.435
15,23,-0.184
15,26, 1.163
15,47, 0.494
16,17,-0.721
16,48, 0.257
16,61,-1.405
18,19, 0.075
18,27,-1.493
19,21, 0.173
19,28,-0.462
20,21, 0.853
21,28, 0.491
22,23,-1.366
22,24,-1.190
22,30,-1.656
22,31,-1.040
23,26, 0.856
23,32, 1.288
23,42,-1.635
23,47, 0.676
24,25, 1.554
24,26, 1.255
24,30, 1.495
25,26, 0.586
25,27,-1.190
25,28, 1.175
26,27,-0.851
27,28,-0.601
29,30, 1.738
30,31, 1.899
31,32, 0.863
31,40, 1.494
32,42,-0.297
33,34,-1.399
33,35, 0.700
33,41, 0.378
33,43,-0.505
34,35, 1.051
34,36, 0.767
34,37,-0.903
34,39, 0.440
34,41, 1.731
35,36, 0.510
35,45, 1.711
36,37,-1.415
36,39, 0.516
37,39,-0.951
38,39,-0.715
38,40,-0.064
39,40, 1.603
39,41, 0.619
40,41, 0.329
40,42,-0.315
41,42,-0.422
41,46,-0.099
42,47, 0.242
43,45,-0.564
43,46, 0.033
43,48,-0.603
43,53, 1.774
44,45,-0.862
44,54,-0.858
45,49,-0.886
45,51,-0.473
45,55,-1.453
46,47,-0.271
46,48,-1.122
47,48,-0.129
48,56, 0.223
48,61, 0.683
49,51,-1.534
50,54, 1.196
52,53, 0.560
52,54, 1.945
52,56, 0.485
52,57, 0.396
52,60, 0.555
52,63, 1.040
53,54, 0.705
53,55,-1.653
53,56, 0.125
54,55,-1.487
56,61,-0.560
57,63,-0.651
58,61,-0.534
58,67,-0.654
59,60,-0.700
59,69,-0.870
60,61, 0.825
60,63, 0.176
62,63, 1.573
62,70,-1.048
62,71, 1.439
64,65, 0.014
64,66,-0.021
65,68,-0.437
65,72,-1.688
66,67,-0.354
66,68,-0.193
67,68, 0.539
67,69,-0.336
68,69, 1.097
68,72, 1.293
68,74,-0.656
72,74, 0.544
72,78, 0.592
74,78,-1.229
75,80,-1.136
76,77, 0.082
76,81,-1.690
76,88, 0.074
79,80,-0.337
79,83,-1.364
80,83, 0.936
84,85, 1.079
84,87,-0.896
84,92,-1.640
86,87, 0.876
86,90,-0.558
87,92,-0.095
88,89,-1.147
 1, 0,-0.073
 2, 0, 0.113
 3, 0, 0.643
10, 0,-0.374
 4, 1,-1.554
64, 1,-0.033
11, 2,-0.201
91, 2,-1.454
 4, 3,-0.115
 5, 3,-0.021
 7, 3, 0.658
10, 3, 0.314
14, 3,-1.130
 5, 4,-0.165
64, 4, 0.202
66, 4,-1.286
 6, 5,-0.277
 7, 5,-0.322
58, 5, 0.151
67, 5,-0.654
 7, 6,-0.250
16, 6, 0.340
61, 6, 1.162
17, 7, 0.637
 9, 8,-0.077
10, 8,-0.982
13, 8, 1.137
20, 8, 0.816
10, 9,-0.170
11,10, 0.466
16,12,-1.250
48,12,-1.428
61,12,-1.247
14,13,-1.393
15,13,-0.568
17,13, 0.797
18,13, 1.029
19,13,-1.181
20,13,-0.510
17,14,-1.246
16,15, 0.886
17,15, 0.344
18,15, 1.435
23,15,-0.184
26,15, 1.163
47,15, 0.494
17,16,-0.721
48,16, 0.257
61,16,-1.405
19,18, 0.075
27,18,-1.493
21,19, 0.173
28,19,-0.462
21,20, 0.853
28,21, 0.491
23,22,-1.366
24,22,-1.190
30,22,-1.656
31,22,-1.040
26,23, 0.856
32,23, 1.288
42,23,-1.635
47,23, 0.676
25,24, 1.554
26,24, 1.255
30,24, 1.495
26,25, 0.586
27,25,-1.190
28,25, 1.175
27,26,-0.851
28,27,-0.601
30,29, 1.738
31,30, 1.899
32,31, 0.863
40,31, 1.494
42,32,-0.297
34,33,-1.399
35,33, 0.700
41,33, 0.378
43,33,-0.505
35,34, 1.051
36,34, 0.767
37,34,-0.903
39,34, 0.440
41,34, 1.731
36,35, 0.510
45,35, 1.711
37,36,-1.415
39,36, 0.516
39,37,-0.951
39,38,-0.715
40,38,-0.064
40,39, 1.603
41,39, 0.619
41,40, 0.329
42,40,-0.315
42,41,-0.422
46,41,-0.099
47,42, 0.242
45,43,-0.564
46,43, 0.033
48,43,-0.603
53,43, 1.774
45,44,-0.862
54,44,-0.858
49,45,-0.886
51,45,-0.473
55,45,-1.453
47,46,-0.271
48,46,-1.122
48,47,-0.129
56,48, 0.223
61,48, 0.683
51,49,-1.534
54,50, 1.196
53,52, 0.560
54,52, 1.945
56,52, 0.485
57,52, 0.396
60,52, 0.555
63,52, 1.040
54,53, 0.705
55,53,-1.653
56,53, 0.125
55,54,-1.487
61,56,-0.560
63,57,-0.651
61,58,-0.534
67,58,-0.654
60,59,-0.700
69,59,-0.870
61,60, 0.825
63,60, 0.176
63,62, 1.573
70,62,-1.048
71,62, 1.439
65,64, 0.014
66,64,-0.021
68,65,-0.437
72,65,-1.688
67,66,-0.354
68,66,-0.193
68,67, 0.539
69,67,-0.336
69,68, 1.097
72,68, 1.293
74,68,-0.656
74,72, 0.544
78,72, 0.592
78,74,-1.229
80,75,-1.136
77,76, 0.082
81,76,-1.690
88,76, 0.074
80,79,-0.337
83,79,-1.364
83,80, 0.936
85,84, 1.079
87,84,-0.896
92,84,-1.640
87,86, 0.876
90,86,-0.558
92,87,-0.095
89,88,-1.147
 0, 0, 1.726
 1, 1,-0.141
 2, 2, 2.314
 3, 3, 3.162
 4, 4, 0.619
 5, 5, 2.448
 6, 6, 1.561
 7, 7, 1.416
 8, 8, 4.435
 9, 9,-1.012
10,10, 2.355
11,11, 0.956
12,12,-1.268
13,13, 3.253
14,14,-0.966
15,15, 5.000
16,16, 2.082
17,17, 1.776
18,18, 1.773
19,19, 0.527
20,20, 0.737
21,21, 4.628
22,22,-1.150
23,23, 2.423
24,24, 2.568
25,25, 4.026
26,26, 3.143
27,27,-0.775
28,28, 3.680
29,29, 2.088
30,30, 4.752
31,31, 2.775
32,32, 1.362
33,33, 0.586
34,34, 3.367
35,35, 4.657
36,36, 3.760
37,37,-1.091
38,38, 0.205
39,39, 3.677
40,40, 3.954
41,41, 3.694
42,42, 0.879
43,43, 1.404
44,44,-1.317
45,45, 2.408
46,46, 0.640
47,47, 2.603
48,48, 2.949
49,49,-1.191
50,50, 2.891
51,51,-0.330
52,52, 5.000
53,53, 2.695
54,54, 3.457
55,55,-1.587
56,56, 1.391
57,57, 0.533
58,58, 0.639
59,59,-0.266
60,60, 2.225
61,61, 3.544
62,62, 5.000
63,63, 2.677
64,64, 3.246
65,65,-0.031
66,66, 0.319
67,67, 2.024
68,68, 5.000
69,69, 2.380
70,70,-1.080
71,71, 1.752
72,72, 2.692
73,73, 1.997
74,74, 2.728
75,75,-1.455
76,76, 2.359
77,77, 1.414
78,78, 1.865
79,79,-0.564
80,80, 4.445
81,81,-1.654
82,82, 1.806
83,83, 4.716
84,84, 3.049
85,85, 4.148
86,86, 2.329
87,87, 2.851
88,88, 1.824
89,89, 0.103
90,90,-0.124
91,91,-0.018
92,92, 0.733
