from,to,weight
 0, 1, 0.864
 0, 3,-0.861
 1, 2,-0.769
 1, 3, 0.759
 2, 4,-0.170
 2, 7,-0.737
 3, 4, 2.046
 3, 5,-1.644
 3,49, 0.689
 3,57, 0.879
 4, 5, 1.735
 4, 7,-0.976
 4, 8, 0.011
 5, 6,-0.268
 5,10,-0.945
 5,13, 0.300
 5,51,-0.020
 5,58, 0.670
 6,10,-0.652
 6,13,-0.279
 7, 8, 0.803
 8, 9, 1.225
 8,10, 1.887
 9,10,-0.146
10,11, 3.288
10,13,-0.329
11,12, 2.097
11,13,-0.358
12,14, 2.269
12,16, 0.970
14,15, 0.702
14,16,-0.172
15,18,-0.958
15,19,-0.484
15,21, 0.784
16,17, 1.782
16,18, 0.283
17,18,-0.262
17,38, 2.216
18,21,-0.737
19,21,-1.188
19,23, 0.062
21,23, 1.767
22,27,-0.782
22,38, 0.325
25,28,-0.682
26,37,-0.098
27,34, 0.237
27,38,-0.268
28,29, 0.224
28,30,-0.362
28,31,-1.111
29,30,-1.663
29,31,-0.237
29,32, 0.068
30,31,-0.208
31,32,-0.440
31,39,-1.168
31,43,-0.598
32,33, 0.806
32,35, 2.008
32,47, 0.488
33,37,-1.309
34,35, 0.167
34,36, 1.342
34,38, 0.435
34,53,-0.799
35,36, 0.389
35,37, 0.811
35,47, 0.047
35,54, 1.211
36,37, 0.765
38,53, 0.838
39,40, 0.304
39,43, 1.711
40,44,-0.497
40,55, 0.523
41,42,-1.259
41,43, 0.633
41,46,-0.489
41,47, 0.065
42,43,-0.999
42,45,-1.201
42,46,-1.111
43,44, 0.217
43,45, 0.598
43,47,-0.195
44,45, 0.463
45,46, 0.103
45,47,-0.660
45,48, 2.042
45,56,-1.366
46,47, 0.143
47,54,-0.444
48,49, 1.670
48,50, 0.858
48,51, 2.421
48,54,-0.771
48,56,-0.833
49,51,-1.537
49,57, 0.638
50,51, 0.649
50,52,-0.896
50,54, 1.163
51,52, 1.840
51,58, 0.185
52,53, 1.383
52,54,-0.434
53,54,-0.358
56,57,-1.608
 1, 0, 0.864
 3, 0,-0.861
 2, 1,-0.769
 3, 1, 0.759
 4, 2,-0.170
 7, 2,-0.737
 4, 3, 2.046
 5, 3,-1.644
49, 3, 0.689
57, 3, 0.879
 5, 4, 1.735
 7, 4,-0.976
 8, 4, 0.011
 6, 5,-0.268
10, 5,-0.945
13, 5, 0.300
51, 5,-0.020
58, 5, 0.670
10, 6,-0.652
13, 6,-0.279
 8, 7, 0.803
 9, 8, 1.225
10, 8, 1.887
10, 9,-0.146
11,10, 3.288
13,10,-0.329
12,11, 2.097
13,11,-0.358
14,12, 2.269
16,12, 0.970
15,14, 0.702
16,14,-0.172
18,15,-0.958
19,15,-0.484
21,15, 0.784
17,16, 1.782
18,16, 0.283
18,17,-0.262
38,17, 2.216
21,18,-0.737
21,19,-1.188
23,19, 0.062
23,21, 1.767
27,22,-0.782
38,22, 0.325
28,25,-0.682
37,26,-0.098
34,27, 0.237
38,27,-0.268
29,28, 0.224
30,28,-0.362
31,28,-1.111
30,29,-1.663
31,29,-0.237
32,29, 0.068
31,30,-0.208
32,31,-0.440
39,31,-1.168
43,31,-0.598
33,32, 0.806
35,32, 2.008
47,32, 0.488
37,33,-1.309
35,34, 0.167
36,34, 1.342
38,34, 0.435
53,34,-0.799
36,35, 0.389
37,35, 0.811
47,35, 0.047
54,35, 1.211
37,36, 0.765
53,38, 0.838
40,39, 0.304
43,39, 1.711
44,40,-0.497
55,40, 0.523
42,41,-1.259
43,41, 0.633
46,41,-0.489
47,41, 0.065
43,42,-0.999
45,42,-1.201
46,42,-1.111
44,43, 0.217
45,43, 0.598
47,43,-0.195
45,44, 0.463
46,45, 0.103
47,45,-0.660
48,45, 2.042
56,45,-1.366
47,46, 0.143
54,47,-0.444
49,48, 1.670
50,48, 0.858
51,48, 2.421
54,48,-0.771
56,48,-0.833
51,49,-1.537
57,49, 0.638
51,50, 0.649
52,50,-0.896
54,50, 1.163
52,51, 1.840
58,51, 0.185
53,52, 1.383
54,52,-0.434
54,53,-0.358
57,56,-1.608
 0, 0, 2.795
 1, 1, 1.391
 2, 2, 0.553
 3, 3, 3.188
 4, 4, 2.982
 5, 5, 3.541
 6, 6,-0.107
 7, 7, 0.355
 8, 8, 4.367
 9, 9, 2.642
10,10, 3.745
11,11, 3.207
12,12, 3.523
13,13, 1.769
14,14, 3.153
15,15, 4.867
16,16, 3.008
17,17, 3.220
18,18, 0.903
19,19, 0.377
20,20, 1.777
21,21, 4.824
22,22, 0.631
23,23, 2.911
24,24,-1.480
25,25, 0.086
26,26, 0.415
27,27,-0.222
28,28, 5.000
29,29, 0.674
30,30,-0.278
31,31, 2.649
32,32, 3.837
33,33, 0.713
34,34, 4.375
35,35, 4.782
36,36, 3.169
37,37, 2.429
38,38, 4.119
39,39, 1.010
40,40, 3.967
41,41, 0.494
42,42,-0.823
43,43, 4.241
44,44, 0.815
45,45, 3.509
46,46, 0.691
47,47, 3.297
48,48, 4.482
49,49, 1.708
50,50, 2.205
51,51, 2.614
52,52, 2.683
53,53, 1.900
54,54, 2.897
55,55, 1.368
56,56,-0.959
57,57, 2.921
58,58, 0.607
