from,to,weight
 1, 3,-0.032
 1, 4,-1.147
 2, 3,-0.029
 2, 4, 0.474
 2, 6, 0.631
 2,10, 0.483
 3, 4, 0.617
 3,11,-0.203
 3,54, 1.935
 6,10, 0.639
 6,13,-1.142
 7, 8,-1.113
 7, 9,-1.038
 7,10, 1.003
 7,15,-0.746
 7,16, 0.437
 7,37,-0.411
 8,10, 0.198
 8,12,-1.411
 8,17,-0.180
 9,10,-0.672
 9,11,-0.951
 9,38,-0.644
10,11, 0.630
10,12, 0.914
10,13,-0.950
11,39, 0.550
11,54,-1.144
12,14, 0.010
12,18, 0.477
13,14,-1.244
14,18, 0.495
15,16, 2.049
15,22,-1.426
15,23, 1.975
15,32,-1.638
15,37,-0.502
16,17, 2.655
16,22, 0.699
17,18, 2.415
19,21,-0.992
21,22, 1.016
22,23, 0.886
23,32, 1.538
24,25,-0.033
24,26,-0.681
24,31, 0.072
24,33,-0.248
25,26, 1.429
25,36, 2.401
26,27, 0.140
26,28,-0.394
26,30,-1.497
26,31, 1.211
27,30,-0.956
28,29,-1.353
28,30, 1.237
28,31, 0.305
28,34,-1.480
29,30,-0.507
29,31,-0.503
29,34,-1.667
30,31,-0.489
30,32, 1.011
31,32, 0.969
31,33,-1.121
31,34,-1.483
32,33,-0.063
32,37,-0.089
35,38,-1.146
35,39,-0.239
35,45, 0.031
35,53,-1.661
36,38,-0.498
36,40,-0.354
36,42,-0.317
36,47, 1.681
38,39,-0.324
38,49,-1.280
39,54, 0.517
40,42,-1.119
40,47,-0.596
41,43,-0.346
41,46, 1.950
41,50,-0.077
42,43, 0.127
42,47,-0.705
43,48,-1.092
44,45,-0.442
44,46, 1.482
44,52, 0.019
44,56, 0.935
45,46, 1.724
45,47, 1.303
45,49,-0.997
45,53, 0.111
46,47, 0.065
46,48,-0.875
46,50, 0.559
46,58,-1.454
47,48,-1.015
47,49,-1.262
50,58,-0.280
51,52,-1.529
51,54,-1.550
52,53,-0.761
52,54, 0.924
52,56, 1.091
52,66, 2.149
53,54, 0.224
55,56,-0.529
55,57, 2.375
55,64,-0.965
55,67, 0.931
56,57, 0.591
56,58,-0.314
56,66, 0.363
57,58,-1.145
59,77,-0.536
61,63,-0.338
62,63, 0.134
62,64,-1.457
62,68,-0.004
62,69, 0.837
63,64, 1.729
63,65,-0.431
63,66, 0.942
64,66,-0.150
64,67, 1.343
65,66,-1.141
68,69, 0.567
68,72, 1.020
69,70, 1.193
69,72,-0.378
72,78, 1.571
73,74,-0.153
75,76, 0.752
77,78, 1.964
77,79,-0.225
 3, 1,-0.032
 4, 1,-1.147
 3, 2,-0.029
 4, 2, 0.474
 6, 2, 0.631
10, 2, 0.483
 4, 3, 0.617
11, 3,-0.203
54, 3, 1.935
10, 6, 0.639
13, 6,-1.142
 8, 7,-1.113
 9, 7,-1.038
10, 7, 1.003
15, 7,-0.746
16, 7, 0.437
37, 7,-0.411
10, 8, 0.198
12, 8,-1.411
17, 8,-0.180
10, 9,-0.672
11, 9,-0.951
38, 9,-0.644
11,10, 0.630
12,10, 0.914
13,10,-0.950
39,11, 0.550
54,11,-1.144
14,12, 0.010
18,12, 0.477
14,13,-1.244
18,14, 0.495
16,15, 2.049
22,15,-1.426
23,15, 1.975
32,15,-1.638
37,15,-0.502
17,16, 2.655
22,16, 0.699
18,17, 2.415
21,19,-0.992
22,21, 1.016
23,22, 0.886
32,23, 1.538
25,24,-0.033
26,24,-0.681
31,24, 0.072
33,24,-0.248
26,25, 1.429
36,25, 2.401
27,26, 0.140
28,26,-0.394
30,26,-1.497
31,26, 1.211
30,27,-0.956
29,28,-1.353
30,28, 1.237
31,28, 0.305
34,28,-1.480
30,29,-0.507
31,29,-0.503
34,29,-1.667
31,30,-0.489
32,30, 1.011
32,31, 0.969
33,31,-1.121
34,31,-1.483
33,32,-0.063
37,32,-0.089
38,35,-1.146
39,35,-0.239
45,35, 0.031
53,35,-1.661
38,36,-0.498
40,36,-0.354
42,36,-0.317
47,36, 1.681
39,38,-0.324
49,38,-1.280
54,39, 0.517
42,40,-1.119
47,40,-0.596
43,41,-0.346
46,41, 1.950
50,41,-0.077
43,42, 0.127
47,42,-0.705
48,43,-1.092
45,44,-0.442
46,44, 1.482
52,44, 0.019
56,44, 0.935
46,45, 1.724
47,45, 1.303
49,45,-0.997
53,45, 0.111
47,46, 0.065
48,46,-0.875
50,46, 0.559
58,46,-1.454
48,47,-1.015
49,47,-1.262
58,50,-0.280
52,51,-1.529
54,51,-1.550
53,52,-0.761
54,52, 0.924
56,52, 1.091
66,52, 2.149
54,53, 0.224
56,55,-0.529
57,55, 2.375
64,55,-0.965
67,55, 0.931
57,56, 0.591
58,56,-0.314
66,56, 0.363
58,57,-1.145
77,59,-0.536
63,61,-0.338
63,62, 0.134
64,62,-1.457
68,62,-0.004
69,62, 0.837
64,63, 1.729
65,63,-0.431
66,63, 0.942
66,64,-0.150
67,64, 1.343
66,65,-1.141
69,68, 0.567
72,68, 1.020
70,69, 1.193
72,69,-0.378
78,72, 1.571
74,73,-0.153
76,75, 0.752
78,77, 1.964
79,77,-0.225
 0, 0, 1.565
 1, 1, 0.883
 2, 2, 2.127
 3, 3, 3.433
 4, 4, 1.536
 5, 5,-0.240
 6, 6, 4.323
 7, 7, 2.201
 8, 8, 0.107
 9, 9, 0.118
10,10, 5.000
11,11, 1.577
12,12, 1.141
13,13,-0.689
14,14, 2.461
15,15, 1.190
16,16, 5.000
17,17, 1.699
18,18, 3.697
19,19,-1.082
20,20,-0.297
21,21, 3.275
22,22, 2.281
23,23, 2.988
24,24, 1.124
25,25, 2.936
26,26, 4.384
27,27,-0.168
28,28, 1.061
29,29,-0.768
30,30, 4.496
31,31, 3.706
32,32, 4.007
33,33, 0.400
34,34,-1.589
35,35,-0.550
36,36, 4.163
37,37, 0.492
38,38, 1.117
39,39, 1.456
40,40,-0.680
41,41, 2.105
42,42, 0.198
43,43, 2.926
44,44, 1.744
45,45, 3.169
46,46, 5.000
47,47, 2.906
48,48,-0.994
49,49,-1.062
50,50, 2.388
51,51,-1.530
52,52, 3.469
53,53, 0.117
54,54, 3.486
55,55, 2.229
56,56, 3.873
57,57, 5.000
58,58, 0.423
59,59, 1.241
60,60,-0.875
61,61, 1.095
62,62, 1.565
63,63, 3.903
64,64, 2.461
65,65,-0.294
66,66, 2.476
67,67, 4.176
68,68, 2.873
69,69, 4.460
70,70, 0.902
71,71,-0.804
72,72, 4.678
73,73, 0.702
74,74, 1.483
75,75, 4.869
76,76, 1.468
77,77, 4.016
78,78, 2.502
79,79,-0.240
