from,to,weight
 0, 1, 0.067
 0, 4, 0.098
 0, 7,-1.472
 1, 9, 1.617
 1,16,-0.538
 2, 3,-1.702
 2, 4,-1.473
 3, 4, 1.218
 3, 5,-1.603
 3,10, 0.960
 4, 5,-0.847
 4, 7, 0.056
 5, 8,-0.958
 6, 8,-0.912
 6,10,-0.902
 6,12,-1.423
 7, 8,-0.258
 7, 9, 0.176
 8, 9, 1.698
 8,11,-0.620
 8,13, 1.221
 9,14,-0.379
 9,16,-1.467
10,11,-0.555
10,12,-0.734
12,13, 0.059
14,16,-1.230
15,17, 0.901
15,19, 1.326
17,19, 0.067
17,21,-1.398
18,20, 0.274
19,21,-1.227
20,22,-0.390
23,24,-0.073
23,49,-1.150
24,50, 0.458
25,26, 0.590
26,38, 0.896
27,28,-1.033
27,31, 0.967
28,32,-0.177
29,30, 0.782
29,31, 1.023
30,31, 0.188
30,32,-0.195
31,32,-0.162
33,34,-1.294
33,37,-0.360
34,35, 1.175
34,36,-0.316
34,37, 1.592
34,56, 0.102
35,58, 1.944
36,41,-0.580
36,59,-0.582
37,39, 0.486
37,40,-0.914
38,39,-0.261
38,40,-0.302
39,40, 0.123
40,41, 1.347
40,42, 0.149
40,47,-0.134
41,47, 1.618
41,59, 1.528
42,47,-0.315
44,45, 0.031
44,47,-1.355
45,47, 3.574
46,47,-1.341
46,53,-1.332
46,58,-1.636
47,48,-0.250
47,52,-1.322
47,54, 0.858
47,59,-0.776
49,50, 0.028
50,51, 0.722
52,59,-1.310
53,54, 0.438
53,55, 1.736
53,58, 3.160
54,55,-1.298
56,57, 0.207
56,58,-0.425
56,59,-1.598
57,58,-0.216
57,59, 0.849
58,59, 1.878
60,61,-0.126
 1, 0, 0.067
 4, 0, 0.098
 7, 0,-1.472
 9, 1, 1.617
16, 1,-0.538
 3, 2,-1.702
 4, 2,-1.473
 4, 3, 1.218
 5, 3,-1.603
10, 3, 0.960
 5, 4,-0.847
 7, 4, 0.056
 8, 5,-0.958
 8, 6,-0.912
10, 6,-0.902
12, 6,-1.423
 8, 7,-0.258
 9, 7, 0.176
 9, 8, 1.698
11, 8,-0.620
13, 8, 1.221
14, 9,-0.379
16, 9,-1.467
11,10,-0.555
12,10,-0.734
13,12, 0.059
16,14,-1.230
17,15, 0.901
19,15, 1.326
19,17, 0.067
21,17,-1.398
20,18, 0.274
21,19,-1.227
22,20,-0.390
24,23,-0.073
49,23,-1.150
50,24, 0.458
26,25, 0.590
38,26, 0.896
28,27,-1.033
31,27, 0.967
32,28,-0.177
30,29, 0.782
31,29, 1.023
31,30, 0.188
32,30,-0.195
32,31,-0.162
34,33,-1.294
37,33,-0.360
35,34, 1.175
36,34,-0.316
37,34, 1.592
56,34, 0.102
58,35, 1.944
41,36,-0.580
59,36,-0.582
39,37, 0.486
40,37,-0.914
39,38,-0.261
40,38,-0.302
40,39, 0.123
41,40, 1.347
42,40, 0.149
47,40,-0.134
47,41, 1.618
59,41, 1.528
47,42,-0.315
45,44, 0.031
47,44,-1.355
47,45, 3.574
47,46,-1.341
53,46,-1.332
58,46,-1.636
48,47,-0.250
52,47,-1.322
54,47, 0.858
59,47,-0.776
50,49, 0.028
51,50, 0.722
59,52,-1.310
54,53, 0.438
55,53, 1.736
58,53, 3.160
55,54,-1.298
57,56, 0.207
58,56,-0.425
59,56,-1.598
58,57,-0.216
59,57, 0.849
59,58, 1.878
61,60,-0.126
 0, 0,-0.067
 1, 1, 3.982
 2, 2,-1.640
 3, 3, 1.589
 4, 4, 4.936
 5, 5,-0.846
 6, 6,-1.097
 7, 7, 0.200
 8, 8, 4.703
 9, 9, 3.679
10,10, 3.253
11,11,-0.892
12,12, 0.588
13,13, 1.643
14,14,-0.339
15,15, 2.124
16,16,-0.585
17,17, 3.675
18,18, 2.316
19,19, 5.000
20,20, 3.066
21,21,-0.803
22,22, 1.476
23,23, 1.736
24,24, 0.498
25,25, 2.148
26,26, 1.428
27,27, 1.347
28,28, 1.423
29,29, 2.937
30,30, 3.962
31,31, 3.762
32,32, 0.533
33,33,-0.386
34,34, 5.000
35,35, 0.569
36,36, 0.123
37,37, 3.366
38,38, 4.213
39,39, 0.672
40,40, 3.947
41,41, 2.848
42,42, 1.020
43,43,-1.295
44,44,-0.105
45,45, 3.117
46,46,-1.442
47,47, 5.000
48,48,-0.297
49,49,-0.220
50,50, 4.325
51,51, 1.601
52,52,-1.515
53,53, 2.781
54,54, 0.184
55,55, 5.000
56,56, 0.111
57,57, 0.690
58,58, 5.000
59,59, 3.208
60,60, 1.555
61,61, 2.907
