from,to,weight
  0,  1, 0.799
  0,  2, 0.010
  0,  3, 0.505
  0, 10, 0.480
  1,  2,-0.425
  1,  4,-1.349
  1, 58, 0.837
  1,104, 0.083
  2, 11, 0.259
  2,105, 0.400
  2,107,-0.551
  2,108,-1.313
  3,  4,-1.265
  3,  5, 0.125
  3,  7, 0.739
  3, 10, 0.721
  3, 15,-1.692
  4,  5,-0.964
  4, 58,-1.205
  5,  6, 0.103
  5,  7,-0.277
  5, 50,-0.129
  5, 59,-0.056
  5, 61,-0.563
  6,  7, 0.042
  6, 13,-1.694
  6, 17, 0.451
  6, 53, 1.493
  7, 18, 0.804
  8,  9, 1.044
  8, 10,-0.537
  8, 11,-1.395
  8, 12,-1.574
  8, 14, 1.170
  8, 20, 1.565
  9, 10, 0.494
  9, 11,-1.187
 10, 11, 0.408
 10, 12,-1.123
 10, 15,-1.652
 12, 18,-1.167
 13, 17,-0.983
 13, 44,-1.347
 13, 53,-0.982
 14, 16,-0.575
 14, 18, 0.812
 14, 19, 1.542
 14, 20, 0.180
 15, 18,-1.650
 16, 17, 1.074
 16, 18, 0.534
 16, 19, 1.394
 16, 23,-0.193
 16, 26, 0.744
 16, 43, 0.407
 17, 18,-0.815
 17, 44, 0.243
 19, 21,-1.129
 19, 27,-0.208
 20, 21,-1.505
 20, 22, 1.573
 21, 22,-1.172
 21, 27,-1.388
 22, 28,-0.088
 23, 26, 0.738
 23, 32, 1.174
 23, 40,-1.602
 23, 43, 0.533
 24, 25,-0.816
 24, 26, 0.425
 24, 30,-0.244
 24, 31,-1.551
 25, 26, 0.702
 25, 27,-1.039
 25, 28, 1.030
 26, 27,-0.702
 26, 32,-1.139
 27, 28, 0.284
 29, 30, 0.120
 30, 31, 2.592
 31, 32, 0.753
 31, 38, 1.656
 32, 40, 0.155
 33, 34, 0.431
 33, 35,-0.772
 33, 37,-0.059
 33, 39, 0.507
 34, 35, 1.184
 34, 39, 0.249
 34, 42, 1.461
 35, 37, 0.987
 36, 37, 0.194
 36, 38, 1.559
 37, 38, 1.039
 37, 39,-0.709
 38, 39, 0.562
 38, 40, 0.699
 39, 40,-0.375
 40, 43, 0.583
 41, 44,-0.799
 41, 46,-0.624
 42, 48,-0.549
 43, 44,-0.194
 44, 49, 0.155
 44, 53, 0.655
 45, 46, 0.446
 45, 47, 1.129
 45, 49,-0.018
 45, 52, 0.632
 45, 55, 2.684
 46, 47, 0.310
 46, 48,-0.753
 46, 49, 0.145
 47, 48,-0.377
 47, 57,-1.069
 49, 53,-0.586
 50, 53,-0.763
 50, 61,-1.076
 51, 52,-0.074
 51, 53,-1.468
 51, 63, 0.052
 52, 53, 1.085
 52, 55, 0.292
 52, 65,-1.033
 54, 55, 1.649
 54, 56,-1.496
 54, 64, 0.752
 54, 66, 0.192
 55, 56,-0.258
 55, 57,-0.119
 55, 65,-0.577
 58, 59,-0.023
 58, 60, 0.659
 58, 99,-0.816
 58,104,-0.781
 59, 60,-0.889
 59, 61,-0.429
 60, 62, 1.664
 60, 67, 0.291
 60,103, 0.367
 61, 62, 0.893
 61, 63, 0.461
 62, 63, 0.953
 62, 64,-0.888
 62, 67, 0.720
 62, 69,-1.063
 63, 64, 1.032
 63, 65,-0.367
 64, 65,-1.560
 64, 66, 0.426
 67, 69, 0.560
 67, 70, 0.190
 67, 75, 1.341
 68, 69,-1.636
 68, 74, 2.140
 69, 75,-1.167
 70, 75,-1.602
 70,103, 0.027
 71, 72,-0.952
 71, 73,-1.531
 71,101,-0.878
 72, 73, 0.886
 72, 74, 0.865
 72, 77, 1.520
 73, 74,-0.335
 73, 75, 0.103
 73,102, 1.128
 74, 75, 0.012
 74, 78,-0.135
 75,103, 0.490
 76, 81,-1.296
 76, 92, 0.094
 76,101, 0.658
 77, 78, 0.452
 79, 80,-1.083
 79, 82,-1.597
 79, 85,-1.081
 80, 81, 1.883
 80, 82, 1.452
 80, 85,-1.447
 80, 91, 1.569
 81, 92, 0.050
 82, 83, 2.137
 82, 85, 1.147
 83, 85, 0.511
 83, 89, 2.124
 84, 86,-0.955
 84,115,-1.165
 85, 89, 0.795
 85, 91,-0.004
 86, 87, 0.835
 86, 88,-1.459
 86, 90,-0.075
 86, 95, 1.868
 86,115,-0.109
 87, 88, 1.119
 87, 89,-0.072
 88, 89, 0.705
 88, 96, 0.740
 89, 91, 1.383
 89, 97,-0.291
 90, 95,-0.838
 90,115, 0.369
 91, 92,-0.350
 91, 97,-1.116
 92, 98, 1.854
 92,101,-0.120
 93, 94, 0.172
 93, 95, 1.285
 93, 98, 1.286
 93,100,-0.041
 93,106, 0.289
 93,109, 2.248
 93,113,-1.036
 94, 95, 0.834
 94, 96, 1.535
 94, 97,-1.596
 94, 98, 0.566
 95, 96,-1.487
 95,115,-1.217
 96, 97, 0.347
 97, 98, 0.653
 98,101,-0.707
 99,100,-0.305
 99,102, 1.085
 99,103, 0.441
 99,104, 0.811
100,101,-0.526
100,102,-0.497
100,106,-0.889
101,102, 1.594
102,103,-0.414
104,105,-0.875
104,106, 0.668
105,106,-0.476
105,108,-0.390
106,109, 0.238
107,108,-0.672
108,109,-0.113
108,110,-0.989
109,111, 0.106
109,113,-0.454
110,112,-0.963
111,112,-0.209
111,113,-1.387
112,114, 0.286
113,115,-0.639
114,115,-0.337
  1,  0, 0.799
  2,  0, 0.010
  3,  0, 0.505
 10,  0, 0.480
  2,  1,-0.425
  4,  1,-1.349
 58,  1, 0.837
104,  1, 0.083
 11,  2, 0.259
105,  2, 0.400
107,  2,-0.551
108,  2,-1.313
  4,  3,-1.265
  5,  3, 0.125
  7,  3, 0.739
 10,  3, 0.721
 15,  3,-1.692
  5,  4,-0.964
 58,  4,-1.205
  6,  5, 0.103
  7,  5,-0.277
 50,  5,-0.129
 59,  5,-0.056
 61,  5,-0.563
  7,  6, 0.042
 13,  6,-1.694
 17,  6, 0.451
 53,  6, 1.493
 18,  7, 0.804
  9,  8, 1.044
 10,  8,-0.537
 11,  8,-1.395
 12,  8,-1.574
 14,  8, 1.170
 20,  8, 1.565
 10,  9, 0.494
 11,  9,-1.187
 11, 10, 0.408
 12, 10,-1.123
 15, 10,-1.652
 18, 12,-1.167
 17, 13,-0.983
 44, 13,-1.347
 53, 13,-0.982
 16, 14,-0.575
 18, 14, 0.812
 19, 14, 1.542
 20, 14, 0.180
 18, 15,-1.650
 17, 16, 1.074
 18, 16, 0.534
 19, 16, 1.394
 23, 16,-0.193
 26, 16, 0.744
 43, 16, 0.407
 18, 17,-0.815
 44, 17, 0.243
 21, 19,-1.129
 27, 19,-0.208
 21, 20,-1.505
 22, 20, 1.573
 22, 21,-1.172
 27, 21,-1.388
 28, 22,-0.088
 26, 23, 0.738
 32, 23, 1.174
 40, 23,-1.602
 43, 23, 0.533
 25, 24,-0.816
 26, 24, 0.425
 30, 24,-0.244
 31, 24,-1.551
 26, 25, 0.702
 27, 25,-1.039
 28, 25, 1.030
 27, 26,-0.702
 32, 26,-1.139
 28, 27, 0.284
 30, 29, 0.120
 31, 30, 2.592
 32, 31, 0.753
 38, 31, 1.656
 40, 32, 0.155
 34, 33, 0.431
 35, 33,-0.772
 37, 33,-0.059
 39, 33, 0.507
 35, 34, 1.184
 39, 34, 0.249
 42, 34, 1.461
 37, 35, 0.987
 37, 36, 0.194
 38, 36, 1.559
 38, 37, 1.039
 39, 37,-0.709
 39, 38, 0.562
 40, 38, 0.699
 40, 39,-0.375
 43, 40, 0.583
 44, 41,-0.799
 46, 41,-0.624
 48, 42,-0.549
 44, 43,-0.194
 49, 44, 0.155
 53, 44, 0.655
 46, 45, 0.446
 47, 45, 1.129
 49, 45,-0.018
 52, 45, 0.632
 55, 45, 2.684
 47, 46, 0.310
 48, 46,-0.753
 49, 46, 0.145
 48, 47,-0.377
 57, 47,-1.069
 53, 49,-0.586
 53, 50,-0.763
 61, 50,-1.076
 52, 51,-0.074
 53, 51,-1.468
 63, 51, 0.052
 53, 52, 1.085
 55, 52, 0.292
 65, 52,-1.033
 55, 54, 1.649
 56, 54,-1.496
 64, 54, 0.752
 66, 54, 0.192
 56, 55,-0.258
 57, 55,-0.119
 65, 55,-0.577
 59, 58,-0.023
 60, 58, 0.659
 99, 58,-0.816
104, 58,-0.781
 60, 59,-0.889
 61, 59,-0.429
 62, 60, 1.664
 67, 60, 0.291
103, 60, 0.367
 62, 61, 0.893
 63, 61, 0.461
 63, 62, 0.953
 64, 62,-0.888
 67, 62, 0.720
 69, 62,-1.063
 64, 63, 1.032
 65, 63,-0.367
 65, 64,-1.560
 66, 64, 0.426
 69, 67, 0.560
 70, 67, 0.190
 75, 67, 1.341
 69, 68,-1.636
 74, 68, 2.140
 75, 69,-1.167
 75, 70,-1.602
103, 70, 0.027
 72, 71,-0.952
 73, 71,-1.531
101, 71,-0.878
 73, 72, 0.886
 74, 72, 0.865
 77, 72, 1.520
 74, 73,-0.335
 75, 73, 0.103
102, 73, 1.128
 75, 74, 0.012
 78, 74,-0.135
103, 75, 0.490
 81, 76,-1.296
 92, 76, 0.094
101, 76, 0.658
 78, 77, 0.452
 80, 79,-1.083
 82, 79,-1.597
 85, 79,-1.081
 81, 80, 1.883
 82, 80, 1.452
 85, 80,-1.447
 91, 80, 1.569
 92, 81, 0.050
 83, 82, 2.137
 85, 82, 1.147
 85, 83, 0.511
 89, 83, 2.124
 86, 84,-0.955
115, 84,-1.165
 89, 85, 0.795
 91, 85,-0.004
 87, 86, 0.835
 88, 86,-1.459
 90, 86,-0.075
 95, 86, 1.868
115, 86,-0.109
 88, 87, 1.119
 89, 87,-0.072
 89, 88, 0.705
 96, 88, 0.740
 91, 89, 1.383
 97, 89,-0.291
 95, 90,-0.838
115, 90, 0.369
 92, 91,-0.350
 97, 91,-1.116
 98, 92, 1.854
101, 92,-0.120
 94, 93, 0.172
 95, 93, 1.285
 98, 93, 1.286
100, 93,-0.041
106, 93, 0.289
109, 93, 2.248
113, 93,-1.036
 95, 94, 0.834
 96, 94, 1.535
 97, 94,-1.596
 98, 94, 0.566
 96, 95,-1.487
115, 95,-1.217
 97, 96, 0.347
 98, 97, 0.653
101, 98,-0.707
100, 99,-0.305
102, 99, 1.085
103, 99, 0.441
104, 99, 0.811
101,100,-0.526
102,100,-0.497
106,100,-0.889
102,101, 1.594
103,102,-0.414
105,104,-0.875
106,104, 0.668
106,105,-0.476
108,105,-0.390
109,106, 0.238
108,107,-0.672
109,108,-0.113
110,108,-0.989
111,109, 0.106
113,109,-0.454
112,110,-0.963
112,111,-0.209
113,111,-1.387
114,112, 0.286
115,113,-0.639
115,114,-0.337
  0,  0, 2.223
  1,  1, 1.771
  2,  2, 3.039
  3,  3, 2.290
  4,  4,-0.862
  5,  5, 3.183
  6,  6, 2.028
  7,  7, 1.641
  8,  8, 4.540
  9,  9, 0.081
 10, 10, 3.243
 11, 11, 1.116
 12, 12,-1.377
 13, 13,-1.065
 14, 14, 3.096
 15, 15,-1.672
 16, 16, 5.000
 17, 17, 2.165
 18, 18, 1.898
 19, 19, 2.026
 20, 20, 2.164
 21, 21,-1.039
 22, 22, 3.845
 23, 23, 1.926
 24, 24, 0.432
 25, 25, 3.890
 26, 26, 3.183
 27, 27, 0.629
 28, 28, 3.482
 29, 29, 1.430
 30, 30, 4.007
 31, 31, 2.434
 32, 32, 1.707
 33, 33, 1.293
 34, 34, 5.000
 35, 35, 3.584
 36, 36, 1.457
 37, 37, 2.397
 38, 38, 5.000
 39, 39, 2.694
 40, 40, 1.772
 41, 41,-0.511
 42, 42, 1.070
 43, 43, 2.682
 44, 44, 2.874
 45, 45, 3.942
 46, 46, 2.572
 47, 47, 3.668
 48, 48, 0.684
 49, 49, 1.039
 50, 50, 0.001
 51, 51, 0.045
 52, 52, 2.479
 53, 53, 3.638
 54, 54, 4.311
 55, 55, 4.558
 56, 56,-0.113
 57, 57, 0.460
 58, 58, 2.321
 59, 59, 0.582
 60, 60, 3.300
 61, 61, 2.057
 62, 62, 5.000
 63, 63, 3.301
 64, 64, 2.469
 65, 65,-0.582
 66, 66, 2.905
 67, 67, 3.692
 68, 68, 4.730
 69, 69, 0.967
 70, 70,-0.739
 71, 71,-0.956
 72, 72, 2.665
 73, 73, 2.183
 74, 74, 2.751
 75, 75, 2.359
 76, 76, 1.401
 77, 77, 4.567
 78, 78, 2.020
 79, 79,-1.298
 80, 80, 4.387
 81, 81, 3.433
 82, 82, 4.532
 83, 83, 4.198
 84, 84,-1.023
 85, 85, 2.445
 86, 86, 3.647
 87, 87, 3.434
 88, 88, 1.288
 89, 89, 5.000
 90, 90, 0.293
 91, 91, 2.308
 92, 92, 2.333
 93, 93, 5.000
 94, 94, 2.419
 95, 95, 2.062
 96, 96, 1.893
 97, 97, 0.420
 98, 98, 3.842
 99, 99, 2.212
100,100, 1.183
101,101, 2.858
102,102, 3.325
103,103, 2.737
104,104, 2.004
105,105, 0.705
106,106, 1.837
107,107, 0.397
108,108, 1.331
109,109, 3.258
110,110, 0.903
111,111, 0.324
112,112, 2.284
113,113, 0.479
114,114, 1.523
115,115, 4.614
