from,to,weight
 0, 1, 1.548
 0, 4, 0.420
 0, 6, 0.533
 1, 5,-1.366
 1,29, 0.855
 1,81,-0.133
 2, 3, 0.294
 2, 4,-0.192
 2, 9,-1.290
 2,25, 0.605
 3, 4, 0.904
 3,10, 0.860
 4, 5,-1.036
 4, 6, 0.588
 4,11,-0.596
 4,27, 0.255
 4,28, 0.011
 4,34,-0.752
 5,29,-1.101
 6,11,-0.267
 7, 8,-0.455
 7, 9,-1.182
 7,10, 1.203
 7,12,-0.175
 7,13, 1.874
 7,21, 1.777
 8,10,-1.181
 9,10,-1.107
 9,22,-0.933
 9,25,-1.399
10,11,-0.064
12,13, 0.936
12,16, 1.076
12,19,-1.378
12,21, 0.954
13,14, 0.155
13,16,-1.145
14,16, 0.298
15,16, 0.106
15,17, 0.282
16,19, 0.062
17,18, 0.907
17,19, 0.180
18,19,-0.899
18,20, 2.107
18,23,-1.000
19,21, 0.149
20,21, 1.664
20,22,-0.349
20,23, 2.054
21,22,-0.288
22,24,-0.117
22,25, 0.671
23,24,-0.092
24,25,-0.184
25,26, 0.915
25,27,-0.478
26,27,-0.698
26,33,-0.128
27,34,-0.364
28,29,-0.024
28,30,-1.214
28,34,-0.587
29,30, 1.222
29,76,-1.019
29,81,-0.838
30,36, 1.350
30,38,-0.801
30,77,-0.133
31,32, 0.128
31,35,-0.237
32,35,-0.005
32,37,-0.297
33,34,-1.660
33,35, 0.001
34,35, 1.120
35,36, 2.226
36,38, 1.071
38,43, 0.553
38,46, 0.930
38,77,-1.499
39,41, 1.106
39,44, 0.734
39,45,-0.538
39,50,-1.099
40,41, 0.029
40,44,-0.322
41,42, 0.886
41,44,-1.514
41,52, 1.691
43,44,-0.660
43,46, 0.310
44,45,-0.712
44,47, 0.086
45,49,-1.425
46,47,-0.264
46,48, 0.738
46,77, 1.469
47,48,-0.795
47,49,-0.482
48,49,-0.019
48,54,-0.618
48,57, 0.430
48,79,-0.581
49,58,-0.472
50,51,-0.936
50,52,-1.430
51,52, 1.228
54,55,-0.055
54,57, 0.212
54,62,-0.135
54,79,-0.780
55,73,-0.052
55,80, 0.020
56,59,-0.103
57,58, 0.834
57,59, 0.843
57,62, 1.691
58,59, 0.434
60,62, 2.989
60,63,-1.615
60,66, 2.335
60,72, 0.052
62,63,-1.600
63,73,-1.573
66,69, 0.314
66,72,-0.865
67,68, 0.607
69,70, 0.454
72,73, 0.758
73,75, 2.214
73,80, 0.555
74,75, 2.168
74,78,-1.599
74,82,-0.623
75,80, 0.304
76,77, 0.481
76,78, 0.698
76,81, 0.075
77,78, 0.391
78,80, 2.237
78,82,-0.249
79,80,-0.272
81,82,-1.416
 1, 0, 1.548
 4, 0, 0.420
 6, 0, 0.533
 5, 1,-1.366
29, 1, 0.855
81, 1,-0.133
 3, 2, 0.294
 4, 2,-0.192
 9, 2,-1.290
25, 2, 0.605
 4, 3, 0.904
10, 3, 0.860
 5, 4,-1.036
 6, 4, 0.588
11, 4,-0.596
27, 4, 0.255
28, 4, 0.011
34, 4,-0.752
29, 5,-1.101
11, 6,-0.267
 8, 7,-0.455
 9, 7,-1.182
10, 7, 1.203
12, 7,-0.175
13, 7, 1.874
21, 7, 1.777
10, 8,-1.181
10, 9,-1.107
22, 9,-0.933
25, 9,-1.399
11,10,-0.064
13,12, 0.936
16,12, 1.076
19,12,-1.378
21,12, 0.954
14,13, 0.155
16,13,-1.145
16,14, 0.298
16,15, 0.106
17,15, 0.282
19,16, 0.062
18,17, 0.907
19,17, 0.180
19,18,-0.899
20,18, 2.107
23,18,-1.000
21,19, 0.149
21,20, 1.664
22,20,-0.349
23,20, 2.054
22,21,-0.288
24,22,-0.117
25,22, 0.671
24,23,-0.092
25,24,-0.184
26,25, 0.915
27,25,-0.478
27,26,-0.698
33,26,-0.128
34,27,-0.364
29,28,-0.024
30,28,-1.214
34,28,-0.587
30,29, 1.222
76,29,-1.019
81,29,-0.838
36,30, 1.350
38,30,-0.801
77,30,-0.133
32,31, 0.128
35,31,-0.237
35,32,-0.005
37,32,-0.297
34,33,-1.660
35,33, 0.001
35,34, 1.120
36,35, 2.226
38,36, 1.071
43,38, 0.553
46,38, 0.930
77,38,-1.499
41,39, 1.106
44,39, 0.734
45,39,-0.538
50,39,-1.099
41,40, 0.029
44,40,-0.322
42,41, 0.886
44,41,-1.514
52,41, 1.691
44,43,-0.660
46,43, 0.310
45,44,-0.712
47,44, 0.086
49,45,-1.425
47,46,-0.264
48,46, 0.738
77,46, 1.469
48,47,-0.795
49,47,-0.482
49,48,-0.019
54,48,-0.618
57,48, 0.430
79,48,-0.581
58,49,-0.472
51,50,-0.936
52,50,-1.430
52,51, 1.228
55,54,-0.055
57,54, 0.212
62,54,-0.135
79,54,-0.780
73,55,-0.052
80,55, 0.020
59,56,-0.103
58,57, 0.834
59,57, 0.843
62,57, 1.691
59,58, 0.434
62,60, 2.989
63,60,-1.615
66,60, 2.335
72,60, 0.052
63,62,-1.600
73,63,-1.573
69,66, 0.314
72,66,-0.865
68,67, 0.607
70,69, 0.454
73,72, 0.758
75,73, 2.214
80,73, 0.555
75,74, 2.168
78,74,-1.599
82,74,-0.623
80,75, 0.304
77,76, 0.481
78,76, 0.698
81,76, 0.075
78,77, 0.391
80,78, 2.237
82,78,-0.249
80,79,-0.272
82,81,-1.416
 0, 0, 1.324
 1, 1, 2.702
 2, 2, 0.707
 3, 3, 1.262
 4, 4, 4.964
 5, 5,-1.078
 6, 6, 3.684
 7, 7, 5.000
 8, 8,-0.520
 9, 9,-0.552
10,10, 3.331
11,11, 0.661
12,12, 2.240
13,13, 4.649
14,14, 0.953
15,15, 0.199
16,16, 2.675
17,17, 2.584
18,18, 4.448
19,19, 0.691
20,20, 2.832
21,21, 3.605
22,22, 1.649
23,23, 3.446
24,24, 2.049
25,25, 3.024
26,26, 2.193
27,27, 0.528
28,28, 0.406
29,29, 2.135
30,30, 2.702
31,31, 2.262
32,32, 2.171
33,33,-0.260
34,34, 0.928
35,35, 4.813
36,36, 2.936
37,37, 2.140
38,38, 3.355
39,39, 2.097
40,40, 0.083
41,41, 5.000
42,42, 0.477
43,43, 2.208
44,44, 2.379
45,45, 0.408
46,46, 4.491
47,47, 0.843
48,48, 3.290
49,49, 1.342
50,50,-1.209
51,51, 2.860
52,52, 2.515
53,53,-1.015
54,54, 1.355
55,55, 0.395
56,56, 0.117
57,57, 4.474
58,58, 3.881
59,59, 2.001
60,60, 3.489
61,61, 0.699
62,62, 3.085
63,63,-1.561
64,64, 1.676
65,65,-1.140
66,66, 4.046
67,67, 2.843
68,68, 2.996
69,69, 1.712
70,70, 1.526
71,71, 1.462
72,72, 0.889
73,73, 2.648
74,74, 2.065
75,75, 5.000
76,76, 1.086
77,77, 2.849
78,78, 3.474
79,79, 0.099
80,80, 3.443
81,81, 1.260
82,82,-0.265
