from,to,weight
 0, 3,-1.634
 1, 4,-0.370
 1, 7,-1.118
 3, 4, 0.902
 4, 5, 0.395
 4, 6, 1.473
 4, 7,-0.965
 5, 6,-0.773
 5,11,-0.500
 6,10, 1.525
 6,12, 1.734
 7, 8,-1.257
 7,10,-0.580
 8,10, 0.524
 9,10,-0.893
 9,15,-1.092
10,12, 0.576
10,16, 1.131
11,12, 0.208
12,13, 1.294
12,14,-1.466
12,16, 1.193
13,14,-0.157
15,16, 2.022
15,17,-1.490
16,17, 0.571
19,20,-0.073
19,37,-0.707
19,42,-1.123
20,21, 1.389
20,38, 0.231
21,24, 0.903
21,25,-0.081
21,41, 1.247
22,23, 0.301
22,24,-1.037
22,26, 0.118
23,24, 0.102
24,25,-0.506
24,27, 1.390
25,27, 0.100
25,41, 1.013
26,27, 0.030
26,36,-0.414
27,41,-0.224
28,32, 0.240
28,43,-1.355
28,44,-0.894
28,50, 0.339
29,30,-1.017
29,32,-0.466
29,34, 0.705
29,35,-1.242
29,36, 0.586
30,34, 0.691
31,33,-0.979
31,34,-1.024
32,33, 1.933
32,34, 0.530
32,35,-0.157
32,39, 0.802
32,43,-1.403
32,50,-0.608
33,34, 0.845
33,51,-0.255
35,40,-0.189
36,40, 1.000
36,41, 1.122
37,38,-0.111
37,39, 0.257
37,42, 0.038
38,39,-0.935
38,40,-0.783
38,41,-1.594
39,40, 0.290
39,43, 0.179
40,41, 0.834
42,43,-0.362
42,56,-0.208
43,44, 0.614
43,57,-0.669
44,50, 0.910
44,57,-0.722
45,47,-0.035
45,49,-0.278
45,51, 0.045
46,47,-1.354
46,49,-1.118
47,49,-0.260
47,52, 0.709
48,49, 0.557
48,50, 2.422
48,55, 1.651
48,56,-0.704
49,50,-0.382
49,51,-0.051
50,51, 0.144
50,57,-1.365
52,53,-0.916
53,58, 0.337
54,55,-0.759
54,61,-1.157
54,65,-1.037
55,56, 0.317
55,63,-1.172
55,67, 0.424
56,57,-0.479
56,67, 1.127
58,59, 1.831
58,60,-0.184
58,62,-0.194
59,60, 0.323
60,61, 2.537
60,62,-0.974
61,62,-0.813
61,63,-1.357
61,65, 1.278
61,74, 1.090
64,65,-1.123
64,66,-0.302
64,73, 0.031
64,78,-0.443
65,66, 0.621
65,67,-0.611
65,74,-0.385
66,67, 1.798
66,68,-0.253
66,69,-0.035
66,75,-1.112
66,79, 0.348
67,68, 0.310
69,79,-0.006
70,71,-1.421
70,72, 1.005
70,73, 0.710
70,76, 0.921
71,73,-1.602
71,77,-1.472
72,73, 0.940
72,74, 1.451
73,74, 0.257
73,75,-0.824
73,78, 1.602
76,77,-1.379
77,78,-0.679
78,79, 2.998
 3, 0,-1.634
 4, 1,-0.370
 7, 1,-1.118
 4, 3, 0.902
 5, 4, 0.395
 6, 4, 1.473
 7, 4,-0.965
 6, 5,-0.773
11, 5,-0.500
10, 6, 1.525
12, 6, 1.734
 8, 7,-1.257
10, 7,-0.580
10, 8, 0.524
10, 9,-0.893
15, 9,-1.092
12,10, 0.576
16,10, 1.131
12,11, 0.208
13,12, 1.294
14,12,-1.466
16,12, 1.193
14,13,-0.157
16,15, 2.022
17,15,-1.490
17,16, 0.571
20,19,-0.073
37,19,-0.707
42,19,-1.123
21,20, 1.389
38,20, 0.231
24,21, 0.903
25,21,-0.081
41,21, 1.247
23,22, 0.301
24,22,-1.037
26,22, 0.118
24,23, 0.102
25,24,-0.506
27,24, 1.390
27,25, 0.100
41,25, 1.013
27,26, 0.030
36,26,-0.414
41,27,-0.224
32,28, 0.240
43,28,-1.355
44,28,-0.894
50,28, 0.339
30,29,-1.017
32,29,-0.466
34,29, 0.705
35,29,-1.242
36,29, 0.586
34,30, 0.691
33,31,-0.979
34,31,-1.024
33,32, 1.933
34,32, 0.530
35,32,-0.157
39,32, 0.802
43,32,-1.403
50,32,-0.608
34,33, 0.845
51,33,-0.255
40,35,-0.189
40,36, 1.000
41,36, 1.122
38,37,-0.111
39,37, 0.257
42,37, 0.038
39,38,-0.935
40,38,-0.783
41,38,-1.594
40,39, 0.290
43,39, 0.179
41,40, 0.834
43,42,-0.362
56,42,-0.208
44,43, 0.614
57,43,-0.669
50,44, 0.910
57,44,-0.722
47,45,-0.035
49,45,-0.278
51,45, 0.045
47,46,-1.354
49,46,-1.118
49,47,-0.260
52,47, 0.709
49,48, 0.557
50,48, 2.422
55,48, 1.651
56,48,-0.704
50,49,-0.382
51,49,-0.051
51,50, 0.144
57,50,-1.365
53,52,-0.916
58,53, 0.337
55,54,-0.759
61,54,-1.157
65,54,-1.037
56,55, 0.317
63,55,-1.172
67,55, 0.424
57,56,-0.479
67,56, 1.127
59,58, 1.831
60,58,-0.184
62,58,-0.194
60,59, 0.323
61,60, 2.537
62,60,-0.974
62,61,-0.813
63,61,-1.357
65,61, 1.278
74,61, 1.090
65,64,-1.123
66,64,-0.302
73,64, 0.031
78,64,-0.443
66,65, 0.621
67,65,-0.611
74,65,-0.385
67,66, 1.798
68,66,-0.253
69,66,-0.035
75,66,-1.112
79,66, 0.348
68,67, 0.310
79,69,-0.006
71,70,-1.421
72,70, 1.005
73,70, 0.710
76,70, 0.921
73,71,-1.602
77,71,-1.472
73,72, 0.940
74,72, 1.451
74,73, 0.257
75,73,-0.824
78,73, 1.602
77,76,-1.379
78,77,-0.679
79,78, 2.998
 0, 0,-0.304
 1, 1, 0.267
 2, 2,-0.789
 3, 3, 0.857
 4, 4, 4.440
 5, 5, 1.533
 6, 6, 2.862
 7, 7, 0.230
 8, 8, 1.752
 9, 9,-0.504
10,10, 4.646
11,11, 0.706
12,12, 5.000
13,13, 2.028
14,14, 1.208
15,15, 3.136
16,16, 3.581
17,17, 0.696
18,18, 3.248
19,19,-0.004
20,20, 2.539
21,21, 4.329
22,22, 0.449
23,23, 2.717
24,24, 3.517
25,25, 1.635
26,26, 2.268
27,27, 2.106
28,28, 0.542
29,29, 2.235
30,30, 1.272
31,31,-0.671
32,32, 4.710
33,33, 3.838
34,34, 3.073
35,35,-0.654
36,36, 4.080
37,37, 1.104
38,38, 0.274
39,39, 2.144
40,40, 2.785
41,41, 3.127
42,42, 1.106
43,43, 0.852
44,44, 0.970
45,45, 0.706
46,46,-1.125
47,47, 3.168
48,48, 2.484
49,49, 2.879
50,50, 4.035
51,51, 2.617
52,52, 1.469
53,53, 0.992
54,54,-0.904
55,55, 3.571
56,56, 2.108
57,57,-0.156
58,58, 3.730
59,59, 4.220
60,60, 1.121
61,61, 5.000
62,62,-0.297
63,63,-1.275
64,64,-0.368
65,65, 2.220
66,66, 5.000
67,67, 4.220
68,68, 0.302
69,69,-0.438
70,70, 3.083
71,71,-1.515
72,72, 3.396
73,73, 3.458
74,74, 2.750
75,75,-1.091
76,76,-0.187
77,77,-0.933
78,78, 5.000
79,79, 2.882
