from,to,weight
 0, 1,-0.096
 2, 4, 1.600
 2,43,-0.116
 3,34, 0.278
 3,42, 0.116
 5, 6, 1.614
 5, 9, 3.500
 6, 7,-0.374
 6,10,-1.146
 6,33,-0.750
 7,34,-0.723
 8, 9, 2.938
 8,14, 2.780
 8,25,-1.630
 9,10,-0.479
 9,27, 1.865
10,28,-1.425
10,33,-0.893
11,13, 1.191
11,19, 2.528
12,15, 1.255
13,14, 2.011
13,19, 0.212
13,24,-0.646
14,25,-1.545
15,16, 1.905
15,18,-0.112
15,20, 0.125
15,22, 0.415
15,31, 0.031
16,17,-1.174
16,18,-0.433
16,19, 1.239
17,19,-0.786
18,19, 0.134
18,23, 0.966
19,24,-0.972
20,31,-0.328
20,60, 0.924
20,61,-1.568
20,62,-0.327
20,63,-0.225
21,22,-0.228
21,23, 0.302
21,29,-0.448
21,30,-1.511
21,57, 0.886
22,23,-0.224
22,31,-1.263
22,58,-0.594
23,24, 0.060
23,26,-0.055
23,27, 1.500
23,29, 0.197
23,35,-1.469
24,25,-1.445
24,27,-1.419
25,27,-1.493
26,27,-1.532
26,29,-1.429
26,36,-0.116
27,28, 0.154
27,37,-0.276
28,33,-0.915
28,38, 0.058
29,32,-0.573
29,40, 1.161
30,32,-1.502
30,57,-1.431
31,58,-0.220
31,60,-0.087
32,40,-0.157
32,48,-1.162
32,59, 0.468
33,34, 0.076
33,38,-1.581
34,39, 3.500
34,42, 0.423
35,36,-1.506
36,37, 0.446
36,38,-1.030
36,40, 0.894
37,38, 0.345
38,39, 1.498
38,40, 0.081
39,40, 0.794
39,41,-0.881
39,42,-0.102
39,45,-0.671
40,41,-0.854
40,48, 0.961
42,43, 1.277
42,44,-0.344
42,45,-0.831
46,47, 0.961
46,51, 1.490
47,48, 0.531
47,51,-0.643
47,54,-0.914
48,49,-1.423
48,59, 0.229
50,51, 0.632
51,52,-0.288
51,54, 2.078
52,53, 0.231
52,56,-1.340
53,57, 0.731
54,55, 0.549
54,56,-0.296
54,59, 0.980
55,56,-1.000
55,57, 0.556
55,59, 0.701
56,57, 0.054
57,58, 2.146
57,59, 0.477
58,60, 1.116
60,61,-1.217
60,62,-1.610
61,62,-1.205
62,63,-0.548
 1, 0,-0.096
 4, 2, 1.600
43, 2,-0.116
34, 3, 0.278
42, 3, 0.116
 6, 5, 1.614
 9, 5, 3.500
 7, 6,-0.374
10, 6,-1.146
33, 6,-0.750
34, 7,-0.723
 9, 8, 2.938
14, 8, 2.780
25, 8,-1.630
10, 9,-0.479
27, 9, 1.865
28,10,-1.425
33,10,-0.893
13,11, 1.191
19,11, 2.528
15,12, 1.255
14,13, 2.011
19,13, 0.212
24,13,-0.646
25,14,-1.545
16,15, 1.905
18,15,-0.112
20,15, 0.125
22,15, 0.415
31,15, 0.031
17,16,-1.174
18,16,-0.433
19,16, 1.239
19,17,-0.786
19,18, 0.134
23,18, 0.966
24,19,-0.972
31,20,-0.328
60,20, 0.924
61,20,-1.568
62,20,-0.327
63,20,-0.225
22,21,-0.228
23,21, 0.302
29,21,-0.448
30,21,-1.511
57,21, 0.886
23,22,-0.224
31,22,-1.263
58,22,-0.594
24,23, 0.060
26,23,-0.055
27,23, 1.500
29,23, 0.197
35,23,-1.469
25,24,-1.445
27,24,-1.419
27,25,-1.493
27,26,-1.532
29,26,-1.429
36,26,-0.116
28,27, 0.154
37,27,-0.276
33,28,-0.915
38,28, 0.058
32,29,-0.573
40,29, 1.161
32,30,-1.502
57,30,-1.431
58,31,-0.220
60,31,-0.087
40,32,-0.157
48,32,-1.162
59,32, 0.468
34,33, 0.076
38,33,-1.581
39,34, 3.500
42,34, 0.423
36,35,-1.506
37,36, 0.446
38,36,-1.030
40,36, 0.894
38,37, 0.345
39,38, 1.498
40,38, 0.081
40,39, 0.794
41,39,-0.881
42,39,-0.102
45,39,-0.671
41,40,-0.854
48,40, 0.961
43,42, 1.277
44,42,-0.344
45,42,-0.831
47,46, 0.961
51,46, 1.490
48,47, 0.531
51,47,-0.643
54,47,-0.914
49,48,-1.423
59,48, 0.229
51,50, 0.632
52,51,-0.288
54,51, 2.078
53,52, 0.231
56,52,-1.340
57,53, 0.731
55,54, 0.549
56,54,-0.296
59,54, 0.980
56,55,-1.000
57,55, 0.556
59,55, 0.701
57,56, 0.054
58,57, 2.146
59,57, 0.477
60,58, 1.116
61,60,-1.217
62,60,-1.610
62,61,-1.205
63,62,-0.548
 0, 0, 2.488
 1, 1, 0.604
 2, 2, 3.045
 3, 3, 0.546
 4, 4, 3.707
 5, 5, 3.746
 6, 6, 3.674
 7, 7,-0.563
 8, 8, 2.743
 9, 9, 4.698
10,10,-0.356
11,11, 5.000
12,12, 1.034
13,13, 2.779
14,14, 3.161
15,15, 5.000
16,16, 1.946
17,17,-0.707
18,18, 1.474
19,19, 4.613
20,20, 2.473
21,21, 1.397
22,22, 1.135
23,23, 5.000
24,24,-0.035
25,25,-1.410
26,26,-0.789
27,27, 2.392
28,28, 0.366
29,29, 1.676
30,30,-1.457
31,31, 1.385
32,32, 0.470
33,33, 0.238
34,34, 3.330
35,35,-1.566
36,36, 1.703
37,37, 0.284
38,38, 2.357
39,39, 5.000
40,40, 5.000
41,41,-1.353
42,42, 4.245
43,43, 1.724
44,44,-0.088
45,45,-0.707
46,46, 2.697
47,47, 2.488
48,48, 2.402
49,49,-0.678
50,50, 2.006
51,51, 5.000
52,52, 1.565
53,53,-0.160
54,54, 2.412
55,55, 1.899
56,56,-0.550
57,57, 5.000
58,58, 3.090
59,59, 3.459
60,60, 2.618
61,61,-1.383
62,62, 3.995
63,63, 0.122
