from,to,weight
  0,  1, 0.431
  0,  2, 0.507
  0,  4, 0.164
  0, 11, 0.560
  0, 62,-0.808
  1,  2,-0.472
  1, 63, 0.040
  1,115, 0.436
  2, 12,-0.111
  2,116, 0.597
  2,119,-1.386
  3,  8,-1.290
  3,  9,-1.341
  3, 14,-1.490
  4,  5,-0.074
  4,  8, 1.124
  4, 11, 0.976
  4, 62,-0.767
  5,  7,-0.317
  5,  8,-0.324
  5, 53,-0.571
  5, 64, 0.464
  5, 66,-1.055
  6,  7,-1.490
  6,  8,-1.201
  6, 15,-1.129
  7,  8, 0.799
  7, 16,-0.482
  7, 57, 1.627
  8, 13,-1.677
  8, 17, 0.462
  9, 10, 1.197
  9, 11,-0.523
  9, 12,-1.397
  9, 13,-1.674
  9, 14, 1.490
  9, 20, 1.267
 10, 11, 0.538
 10, 12,-1.215
 11, 12,-0.059
 11, 13,-1.687
 14, 15,-1.322
 14, 17, 0.736
 14, 18, 2.446
 14, 19,-1.121
 14, 20,-0.339
 15, 16, 0.134
 15, 17, 0.247
 15, 18, 2.336
 15, 22,-0.160
 15, 25, 0.843
 15, 42, 1.358
 16, 43,-0.701
 16, 57,-1.432
 18, 19,-1.221
 18, 26, 0.382
 19, 21,-1.051
 19, 27,-0.972
 20, 21, 1.055
 21, 27, 0.130
 22, 25,-0.262
 22, 31, 0.463
 22, 39,-1.208
 22, 42, 0.641
 23, 24, 0.758
 23, 25,-0.213
 23, 29,-0.133
 23, 30,-0.304
 24, 25, 0.401
 24, 26,-0.745
 24, 27, 0.642
 25, 26,-1.202
 25, 31,-0.942
 26, 27, 0.359
 28, 29, 0.379
 29, 30, 2.004
 30, 31,-0.024
 30, 37, 1.140
 31, 39,-0.117
 32, 33,-0.228
 32, 34, 0.503
 32, 38, 0.833
 32, 40,-1.349
 32, 47, 0.766
 33, 34, 0.655
 33, 36,-1.076
 33, 38, 1.436
 34, 35,-0.353
 34, 41, 0.744
 34, 49,-0.246
 36, 37,-0.802
 36, 38,-1.524
 37, 38, 1.396
 37, 39, 1.742
 38, 39,-0.293
 38, 40,-0.026
 39, 40,-1.394
 39, 42, 2.339
 40, 43,-0.733
 40, 50,-0.785
 41, 45,-0.099
 41, 49,-0.634
 42, 43, 0.668
 43, 50, 0.623
 43, 57, 0.770
 44, 48, 0.820
 45, 49,-0.272
 46, 47, 0.140
 46, 48, 1.026
 46, 50,-0.757
 46, 51, 0.584
 46, 56, 0.029
 46, 60, 0.456
 47, 48, 0.922
 47, 49,-0.763
 47, 50, 1.141
 48, 49,-0.112
 48, 52,-0.519
 50, 57, 0.123
 51, 52,-0.377
 51, 60, 1.054
 53, 57,-0.501
 53, 66,-0.349
 54, 55,-1.145
 54, 56,-0.827
 54, 68,-0.844
 55, 56,-0.859
 55, 57, 0.661
 55, 70,-0.665
 56, 57, 0.389
 56, 60, 0.783
 56, 71,-0.656
 57, 72,-1.449
 58, 59,-1.476
 58, 60,-1.144
 58, 68,-1.209
 59, 60, 0.819
 59, 61, 1.220
 59, 69,-0.283
 59, 75, 1.084
 60, 61, 0.066
 60, 71,-0.835
 62, 63,-0.766
 62, 64,-1.449
 63, 64, 0.744
 63, 65,-0.018
 63,109,-0.593
 63,115,-1.077
 64, 65,-0.474
 64, 66, 0.456
 65, 67, 0.866
 65, 76, 0.503
 65, 80, 0.203
 65,114, 0.065
 66, 67, 1.229
 66, 68,-0.039
 66, 70, 0.917
 66, 72,-1.463
 67, 68, 0.414
 67, 69,-1.292
 67, 73, 1.686
 67, 76, 0.725
 67, 78,-1.299
 68, 69, 1.384
 68, 70, 1.156
 68, 71,-0.185
 69, 75, 0.472
 70, 72,-1.451
 73, 74,-1.305
 73, 75,-1.106
 73, 78,-1.145
 74, 75,-1.181
 76, 78, 1.590
 76, 80, 1.349
 76, 84, 0.715
 77, 78, 0.766
 77, 79, 0.514
 77, 83, 1.042
 77, 85, 0.676
 78, 79, 0.305
 78, 84,-0.941
 80, 84,-1.005
 80,114, 1.228
 81, 82, 1.573
 81, 83, 2.017
 81, 87,-0.709
 81, 89, 0.926
 81,112,-1.665
 82, 83, 0.125
 82, 84, 0.498
 82,113, 1.599
 83, 84,-0.467
 83, 85, 0.190
 83, 90,-1.145
 84,114, 0.281
 85, 90, 0.419
 86, 87,-0.042
 86, 92,-0.610
 86,102, 0.366
 86,111, 0.656
 87, 89,-0.120
 87, 93,-1.565
 88, 89,-1.495
 89, 90, 0.755
 89, 93, 0.974
 91, 92, 2.664
 91, 94, 2.429
 92, 93, 1.319
 92, 95,-1.430
 92,102, 0.573
 94, 95,-0.999
 94, 99, 3.089
 94,101,-1.092
 95,102,-1.151
 96, 97,-0.920
 96, 98,-1.498
 96,105, 0.856
 97, 98, 2.182
 98, 99, 2.018
 98,106, 0.522
 99,101,-0.974
 99,107,-0.061
100,105,-0.552
100,126,-0.628
101,102,-0.702
101,107,-1.682
102,108, 2.300
102,111,-0.104
103,104, 0.249
103,105, 1.478
103,108, 1.397
103,110, 0.185
103,117, 0.291
103,120, 1.842
103,124,-0.895
104,105, 0.687
104,106, 1.245
104,107,-1.665
104,108, 0.585
105,106,-1.171
105,126,-0.085
106,107, 0.183
107,108, 0.641
108,111,-0.912
109,110,-0.118
109,113, 1.562
109,114, 1.046
109,115, 1.294
110,111,-0.831
110,113,-0.333
110,117,-1.354
111,112,-1.590
111,113, 1.665
112,113,-1.566
113,114,-0.828
115,116,-0.973
115,117, 0.564
116,117,-0.607
116,119,-0.071
117,120,-0.008
118,119,-1.554
119,120,-0.085
119,121,-0.815
120,122,-0.765
120,124,-0.031
122,124,-1.083
123,125,-0.806
124,125,-1.395
124,126, 0.290
125,126,-0.149
  1,  0, 0.431
  2,  0, 0.507
  4,  0, 0.164
 11,  0, 0.560
 62,  0,-0.808
  2,  1,-0.472
 63,  1, 0.040
115,  1, 0.436
 12,  2,-0.111
116,  2, 0.597
119,  2,-1.386
  8,  3,-1.290
  9,  3,-1.341
 14,  3,-1.490
  5,  4,-0.074
  8,  4, 1.124
 11,  4, 0.976
 62,  4,-0.767
  7,  5,-0.317
  8,  5,-0.324
 53,  5,-0.571
 64,  5, 0.464
 66,  5,-1.055
  7,  6,-1.490
  8,  6,-1.201
 15,  6,-1.129
  8,  7, 0.799
 16,  7,-0.482
 57,  7, 1.627
 13,  8,-1.677
 17,  8, 0.462
 10,  9, 1.197
 11,  9,-0.523
 12,  9,-1.397
 13,  9,-1.674
 14,  9, 1.490
 20,  9, 1.267
 11, 10, 0.538
 12, 10,-1.215
 12, 11,-0.059
 13, 11,-1.687
 15, 14,-1.322
 17, 14, 0.736
 18, 14, 2.446
 19, 14,-1.121
 20, 14,-0.339
 16, 15, 0.134
 17, 15, 0.247
 18, 15, 2.336
 22, 15,-0.160
 25, 15, 0.843
 42, 15, 1.358
 43, 16,-0.701
 57, 16,-1.432
 19, 18,-1.221
 26, 18, 0.382
 21, 19,-1.051
 27, 19,-0.972
 21, 20, 1.055
 27, 21, 0.130
 25, 22,-0.262
 31, 22, 0.463
 39, 22,-1.208
 42, 22, 0.641
 24, 23, 0.758
 25, 23,-0.213
 29, 23,-0.133
 30, 23,-0.304
 25, 24, 0.401
 26, 24,-0.745
 27, 24, 0.642
 26, 25,-1.202
 31, 25,-0.942
 27, 26, 0.359
 29, 28, 0.379
 30, 29, 2.004
 31, 30,-0.024
 37, 30, 1.140
 39, 31,-0.117
 33, 32,-0.228
 34, 32, 0.503
 38, 32, 0.833
 40, 32,-1.349
 47, 32, 0.766
 34, 33, 0.655
 36, 33,-1.076
 38, 33, 1.436
 35, 34,-0.353
 41, 34, 0.744
 49, 34,-0.246
 37, 36,-0.802
 38, 36,-1.524
 38, 37, 1.396
 39, 37, 1.742
 39, 38,-0.293
 40, 38,-0.026
 40, 39,-1.394
 42, 39, 2.339
 43, 40,-0.733
 50, 40,-0.785
 45, 41,-0.099
 49, 41,-0.634
 43, 42, 0.668
 50, 43, 0.623
 57, 43, 0.770
 48, 44, 0.820
 49, 45,-0.272
 47, 46, 0.140
 48, 46, 1.026
 50, 46,-0.757
 51, 46, 0.584
 56, 46, 0.029
 60, 46, 0.456
 48, 47, 0.922
 49, 47,-0.763
 50, 47, 1.141
 49, 48,-0.112
 52, 48,-0.519
 57, 50, 0.123
 52, 51,-0.377
 60, 51, 1.054
 57, 53,-0.501
 66, 53,-0.349
 55, 54,-1.145
 56, 54,-0.827
 68, 54,-0.844
 56, 55,-0.859
 57, 55, 0.661
 70, 55,-0.665
 57, 56, 0.389
 60, 56, 0.783
 71, 56,-0.656
 72, 57,-1.449
 59, 58,-1.476
 60, 58,-1.144
 68, 58,-1.209
 60, 59, 0.819
 61, 59, 1.220
 69, 59,-0.283
 75, 59, 1.084
 61, 60, 0.066
 71, 60,-0.835
 63, 62,-0.766
 64, 62,-1.449
 64, 63, 0.744
 65, 63,-0.018
109, 63,-0.593
115, 63,-1.077
 65, 64,-0.474
 66, 64, 0.456
 67, 65, 0.866
 76, 65, 0.503
 80, 65, 0.203
114, 65, 0.065
 67, 66, 1.229
 68, 66,-0.039
 70, 66, 0.917
 72, 66,-1.463
 68, 67, 0.414
 69, 67,-1.292
 73, 67, 1.686
 76, 67, 0.725
 78, 67,-1.299
 69, 68, 1.384
 70, 68, 1.156
 71, 68,-0.185
 75, 69, 0.472
 72, 70,-1.451
 74, 73,-1.305
 75, 73,-1.106
 78, 73,-1.145
 75, 74,-1.181
 78, 76, 1.590
 80, 76, 1.349
 84, 76, 0.715
 78, 77, 0.766
 79, 77, 0.514
 83, 77, 1.042
 85, 77, 0.676
 79, 78, 0.305
 84, 78,-0.941
 84, 80,-1.005
114, 80, 1.228
 82, 81, 1.573
 83, 81, 2.017
 87, 81,-0.709
 89, 81, 0.926
112, 81,-1.665
 83, 82, 0.125
 84, 82, 0.498
113, 82, 1.599
 84, 83,-0.467
 85, 83, 0.190
 90, 83,-1.145
114, 84, 0.281
 90, 85, 0.419
 87, 86,-0.042
 92, 86,-0.610
102, 86, 0.366
111, 86, 0.656
 89, 87,-0.120
 93, 87,-1.565
 89, 88,-1.495
 90, 89, 0.755
 93, 89, 0.974
 92, 91, 2.664
 94, 91, 2.429
 93, 92, 1.319
 95, 92,-1.430
102, 92, 0.573
 95, 94,-0.999
 99, 94, 3.089
101, 94,-1.092
102, 95,-1.151
 97, 96,-0.920
 98, 96,-1.498
105, 96, 0.856
 98, 97, 2.182
 99, 98, 2.018
106, 98, 0.522
101, 99,-0.974
107, 99,-0.061
105,100,-0.552
126,100,-0.628
102,101,-0.702
107,101,-1.682
108,102, 2.300
111,102,-0.104
104,103, 0.249
105,103, 1.478
108,103, 1.397
110,103, 0.185
117,103, 0.291
120,103, 1.842
124,103,-0.895
105,104, 0.687
106,104, 1.245
107,104,-1.665
108,104, 0.585
106,105,-1.171
126,105,-0.085
107,106, 0.183
108,107, 0.641
111,108,-0.912
110,109,-0.118
113,109, 1.562
114,109, 1.046
115,109, 1.294
111,110,-0.831
113,110,-0.333
117,110,-1.354
112,111,-1.590
113,111, 1.665
113,112,-1.566
114,113,-0.828
116,115,-0.973
117,115, 0.564
117,116,-0.607
119,116,-0.071
120,117,-0.008
119,118,-1.554
120,119,-0.085
121,119,-0.815
122,120,-0.765
124,120,-0.031
124,122,-1.083
125,123,-0.806
125,124,-1.395
126,124, 0.290
126,125,-0.149
  0,  0, 2.577
  1,  1, 1.399
  2,  2, 3.075
  3,  3,-1.355
  4,  4, 2.591
  5,  5, 2.245
  6,  6,-1.277
  7,  7, 1.690
  8,  8, 2.609
  9,  9, 5.000
 10, 10, 0.191
 11, 11, 2.745
 12, 12, 0.622
 13, 13,-1.677
 14, 14, 3.304
 15, 15, 5.000
 16, 16, 0.082
 17, 17, 0.785
 18, 18, 2.300
 19, 19,-0.609
 20, 20, 1.096
 21, 21, 3.649
 22, 22, 1.849
 23, 23, 1.546
 24, 24, 2.932
 25, 25, 2.335
 26, 26, 0.586
 27, 27, 3.165
 28, 28, 1.183
 29, 29, 3.778
 30, 30, 2.814
 31, 31, 1.112
 32, 32, 2.388
 33, 33, 1.697
 34, 34, 4.198
 35, 35, 0.804
 36, 36,-0.864
 37, 37, 4.703
 38, 38, 3.825
 39, 39, 2.191
 40, 40,-0.215
 41, 41, 1.240
 42, 42, 3.447
 43, 43, 2.368
 44, 44, 1.712
 45, 45, 1.371
 46, 46, 3.405
 47, 47, 2.842
 48, 48, 3.469
 49, 49, 1.583
 50, 50, 1.868
 51, 51, 1.259
 52, 52, 0.831
 53, 53,-0.275
 54, 54,-0.844
 55, 55, 0.444
 56, 56, 2.342
 57, 57, 4.103
 58, 58,-1.278
 59, 59, 4.619
 60, 60, 4.535
 61, 61, 2.168
 62, 62,-0.431
 63, 63, 2.217
 64, 64, 1.897
 65, 65, 3.310
 66, 66, 3.123
 67, 67, 4.415
 68, 68, 3.896
 69, 69, 1.127
 70, 70, 0.652
 71, 71,-0.670
 72, 72,-1.412
 73, 73, 1.108
 74, 74,-0.938
 75, 75, 4.013
 76, 76, 4.017
 77, 77, 3.964
 78, 78, 2.524
 79, 79, 3.438
 80, 80, 1.792
 81, 81, 3.153
 82, 82, 2.660
 83, 83, 3.528
 84, 84, 2.388
 85, 85, 3.057
 86, 86, 1.657
 87, 87, 0.057
 88, 88,-0.373
 89, 89, 4.899
 90, 90, 2.737
 91, 91, 3.780
 92, 92, 3.354
 93, 93, 0.944
 94, 94, 4.840
 95, 95,-1.226
 96, 96, 0.535
 97, 97, 3.650
 98, 98, 1.414
 99, 99, 3.291
100,100,-0.485
101,101,-0.909
102,102, 2.955
103,103, 5.000
104,104, 2.168
105,105, 3.531
106,106, 1.701
107,107,-0.081
108,108, 3.865
109,109, 2.933
110,110, 1.008
111,111, 2.011
112,112,-1.516
113,113, 3.826
114,114, 2.851
115,115, 2.047
116,116, 0.814
117,117, 1.249
118,118,-0.532
119,119, 1.579
120,120, 2.831
121,121, 0.510
122,122,-0.262
123,123, 1.447
124,124, 0.650
125,125, 0.211
126,126, 3.508
