from,to,weight
 0, 6, 0.648
 1, 2, 1.536
 2, 4, 2.216
 3, 4,-0.932
 4, 7, 0.475
 4, 8, 1.119
 5, 6, 0.536
 6, 9, 0.581
 7, 8,-0.889
 7,12, 0.275
 8, 9, 1.343
 8,10,-0.480
 8,12, 0.424
 9,10, 0.690
 9,11,-0.449
10,11,-0.733
10,13, 0.335
11,16, 0.134
12,13, 1.606
12,15,-0.540
14,16,-0.681
16,17, 0.641
16,18,-0.867
17,53,-0.077
18,19, 1.055
18,20,-0.610
18,21,-0.880
20,21,-0.650
20,26,-0.017
21,22, 0.592
21,27,-0.498
21,28,-0.086
22,28, 0.652
22,40,-0.013
22,54, 1.950
23,24,-1.635
23,29,-1.685
23,30,-1.646
24,25, 0.396
24,27, 1.257
24,29,-1.692
24,30, 0.288
25,31,-1.573
26,27, 0.826
27,28, 1.330
27,29,-1.331
28,29, 1.239
28,40, 0.292
29,30, 0.911
29,40,-0.360
30,31, 1.546
30,33,-1.265
30,35,-0.228
30,40,-0.667
31,32,-0.617
31,33,-1.241
31,34, 0.175
31,36,-0.570
32,34, 0.604
33,37,-0.992
34,38, 0.768
35,37,-0.194
35,40,-0.146
35,50,-0.769
36,37,-0.837
36,38,-0.704
37,38, 0.418
37,41, 0.000
37,51, 0.465
38,39,-0.081
38,42,-0.569
39,43,-1.345
40,50, 1.218
40,54, 0.385
41,42,-0.477
41,44,-0.736
41,45, 1.403
41,51, 0.268
42,43,-0.643
42,45,-1.454
43,45,-0.259
44,45,-0.567
44,46,-1.196
44,56,-0.667
45,46, 2.223
46,47, 0.670
46,57,-0.409
47,58, 0.315
48,52,-1.677
48,59,-1.676
49,50, 3.307
49,51, 0.312
49,52, 0.512
49,53, 0.283
49,63, 1.408
50,51,-0.379
50,54, 1.514
51,52, 0.143
52,59, 1.179
52,64, 0.502
53,63,-1.592
55,58, 1.653
56,57,-1.533
56,59,-0.528
57,58,-0.692
57,59,-0.642
58,59, 0.938
59,60,-0.754
59,64, 1.504
62,63,-0.883
62,64,-0.750
63,64,-0.219
64,65, 2.117
 6, 0, 0.648
 2, 1, 1.536
 4, 2, 2.216
 4, 3,-0.932
 7, 4, 0.475
 8, 4, 1.119
 6, 5, 0.536
 9, 6, 0.581
 8, 7,-0.889
12, 7, 0.275
 9, 8, 1.343
10, 8,-0.480
12, 8, 0.424
10, 9, 0.690
11, 9,-0.449
11,10,-0.733
13,10, 0.335
16,11, 0.134
13,12, 1.606
15,12,-0.540
16,14,-0.681
17,16, 0.641
18,16,-0.867
53,17,-0.077
19,18, 1.055
20,18,-0.610
21,18,-0.880
21,20,-0.650
26,20,-0.017
22,21, 0.592
27,21,-0.498
28,21,-0.086
28,22, 0.652
40,22,-0.013
54,22, 1.950
24,23,-1.635
29,23,-1.685
30,23,-1.646
25,24, 0.396
27,24, 1.257
29,24,-1.692
30,24, 0.288
31,25,-1.573
27,26, 0.826
28,27, 1.330
29,27,-1.331
29,28, 1.239
40,28, 0.292
30,29, 0.911
40,29,-0.360
31,30, 1.546
33,30,-1.265
35,30,-0.228
40,30,-0.667
32,31,-0.617
33,31,-1.241
34,31, 0.175
36,31,-0.570
34,32, 0.604
37,33,-0.992
38,34, 0.768
37,35,-0.194
40,35,-0.146
50,35,-0.769
37,36,-0.837
38,36,-0.704
38,37, 0.418
41,37, 0.000
51,37, 0.465
39,38,-0.081
42,38,-0.569
43,39,-1.345
50,40, 1.218
54,40, 0.385
42,41,-0.477
44,41,-0.736
45,41, 1.403
51,41, 0.268
43,42,-0.643
45,42,-1.454
45,43,-0.259
45,44,-0.567
46,44,-1.196
56,44,-0.667
46,45, 2.223
47,46, 0.670
57,46,-0.409
58,47, 0.315
52,48,-1.677
59,48,-1.676
50,49, 3.307
51,49, 0.312
52,49, 0.512
53,49, 0.283
63,49, 1.408
51,50,-0.379
54,50, 1.514
52,51, 0.143
59,52, 1.179
64,52, 0.502
63,53,-1.592
58,55, 1.653
57,56,-1.533
59,56,-0.528
58,57,-0.692
59,57,-0.642
59,58, 0.938
60,59,-0.754
64,59, 1.504
63,62,-0.883
64,62,-0.750
64,63,-0.219
65,64, 2.117
 0, 0, 0.661
 1, 1, 2.283
 2, 2, 3.551
 3, 3,-0.955
 4, 4, 4.484
 5, 5, 0.858
 6, 6, 4.607
 7, 7, 1.177
 8, 8, 2.820
 9, 9, 4.435
10,10, 1.324
11,11, 0.383
12,12, 2.848
13,13, 5.000
14,14,-0.302
15,15, 1.924
16,16, 2.947
17,17, 1.184
18,18, 3.106
19,19, 1.748
20,20, 0.803
21,21, 2.782
22,22, 2.584
23,23,-1.665
24,24, 1.768
25,25, 0.233
26,26, 0.424
27,27, 3.056
28,28, 3.458
29,29, 0.538
30,30, 3.121
31,31, 2.071
32,32, 0.520
33,33,-1.115
34,34, 4.752
35,35, 0.462
36,36,-0.481
37,37, 2.281
38,38, 2.464
39,39,-0.155
40,40, 3.902
41,41, 2.669
42,42,-0.215
43,43, 0.150
44,44, 0.207
45,45, 4.662
46,46, 2.576
47,47, 1.569
48,48,-1.685
49,49, 4.729
50,50, 3.446
51,51, 2.642
52,52, 2.219
53,53,-0.297
54,54, 2.419
55,55, 1.845
56,56,-0.800
57,57,-0.309
58,58, 3.756
59,59, 5.000
60,60,-0.899
61,61, 2.454
62,62,-0.835
63,63, 1.859
64,64, 4.567
65,65, 1.826
