from,to,weight
  0,  1,-0.022
  1,  5,-0.630
  1,  6,-0.305
  2, 22,-0.464
  2, 23, 0.261
  2, 27,-0.417
  3,  4, 2.099
  3, 11, 2.376
  4,  5,-0.850
  7, 11,-1.129
  8,  9,-0.747
  9, 64, 1.086
 11, 18,-0.493
 12, 13, 0.923
 12, 14, 0.462
 12, 21, 1.838
 12, 30,-1.621
 13, 14,-0.169
 13, 16,-0.679
 13, 32,-0.016
 13, 39,-0.644
 13, 43,-0.242
 14, 17, 2.420
 15, 17,-0.048
 15, 19, 0.186
 15, 20,-0.248
 16, 17,-0.167
 16, 18,-0.770
 17, 18, 0.374
 19, 20, 1.349
 21, 30, 1.529
 22, 23,-0.328
 22, 25,-0.911
 22, 27, 0.015
 23, 24,-0.173
 23, 25,-1.358
 24, 25,-0.583
 24, 45,-1.011
 25, 26,-1.428
 25, 27, 0.513
 25, 45, 0.649
 26, 27,-1.466
 26, 45,-1.416
 28, 29,-0.302
 30, 31,-1.337
 30, 32, 0.746
 30, 36, 0.177
 30, 37, 0.487
 31, 32,-0.919
 31, 33,-1.170
 31, 38,-1.194
 32, 39, 0.401
 32, 43,-1.569
 33, 37, 2.130
 33, 42, 2.100
 34, 35,-0.949
 34, 37,-0.162
 35, 36, 0.210
 35, 37,-0.212
 36, 37, 0.561
 38, 39,-0.413
 38, 40,-0.794
 38, 42,-0.364
 39, 40, 0.272
 39, 43,-0.366
 40, 41, 0.465
 40, 42, 1.839
 40, 44, 0.301
 41, 46, 0.282
 44, 46, 0.707
 45, 46, 0.390
 47, 48,-0.429
 47, 49,-0.307
 49, 53, 0.996
 50, 51, 1.018
 50, 52, 1.329
 51, 52,-0.288
 51, 56, 2.941
 51, 60,-1.155
 52, 53, 0.578
 52, 54,-1.275
 52, 55, 1.606
 53, 54,-0.411
 54, 55,-0.328
 56, 57,-1.434
 56, 60, 0.117
 56, 61, 2.480
 57, 62,-0.832
 58, 59, 0.105
 58, 60,-0.001
 59, 60,-0.725
 59, 65, 0.513
 60, 61,-0.060
 60, 66,-0.392
 61, 62, 2.154
 61, 66, 0.646
 62, 63, 0.784
 62, 67,-0.101
 63, 64, 0.212
 63, 67,-0.903
 64, 69, 0.684
 64, 70, 0.351
 64, 80,-0.522
 65, 66, 0.628
 65, 67,-0.295
 65, 75,-0.012
 66, 67,-0.593
 67, 68, 0.227
 67, 69,-0.609
 68, 69,-1.104
 68, 78,-0.002
 69, 80, 0.287
 70, 71, 0.324
 70, 80,-0.636
 71, 81, 0.110
 71, 85, 1.501
 72, 74,-0.531
 72, 90,-0.151
 73, 74, 1.770
 73, 75,-0.730
 74, 75,-0.144
 74, 76,-1.442
 74, 92, 0.805
 76, 92,-0.880
 77, 78,-0.934
 78, 79, 1.547
 78, 80, 2.233
 79, 80,-1.650
 79, 94,-0.548
 79,101, 1.637
 80, 81, 0.584
 80,102, 0.337
 81, 82,-1.051
 81, 85,-0.838
 81,103,-1.261
 82, 86,-1.601
 82,104,-1.024
 83, 84,-1.296
 83, 86, 1.898
 83, 88, 1.160
 83,111,-0.111
 84, 86,-1.177
 85, 86, 1.247
 86,104, 2.692
 86,113,-0.489
 87,109,-0.415
 87,116,-0.269
 88,111,-0.012
 89, 90, 1.050
 90, 91,-0.625
 92, 93, 1.156
 92, 97, 0.599
 92, 98, 0.603
 92,100, 1.047
 93, 94,-0.058
 93, 97,-1.555
 94, 95, 0.204
 94, 96, 0.534
 94, 97,-1.227
 94,101,-0.905
 95, 96,-1.447
 95,106,-0.338
 95,120,-0.137
 96, 97, 0.082
 96, 99,-0.387
 96,122, 0.428
 97, 98,-0.691
 97, 99, 0.680
 98, 99,-0.328
 98,100,-1.467
 99,100, 0.062
 99,117,-0.017
 99,123, 1.549
100,118,-0.258
101,102,-0.245
101,105,-0.833
101,106, 2.332
102,103,-1.205
102,104,-0.335
102,105,-0.613
103,104,-1.018
104,105,-0.292
104,106, 0.578
104,113,-1.137
104,128, 1.456
105,106,-1.330
106,107,-0.825
106,120, 1.242
106,130, 0.338
107,121,-1.386
107,131,-0.712
108,109,-0.636
108,110, 0.828
108,112,-1.624
108,125, 1.464
108,132,-0.230
109,110, 0.797
109,111, 0.315
109,116, 1.666
109,134,-0.868
110,111, 1.025
110,112,-1.693
111,112,-1.602
111,113,-0.378
111,126,-1.056
112,127,-1.583
113,128,-0.266
114,115,-1.704
114,116,-1.109
114,148,-1.168
115,116,-0.052
115,133,-1.341
115,149,-0.312
116,134,-0.018
117,118, 2.568
117,119,-0.885
117,123, 0.848
117,137, 1.243
118,119,-0.477
119,138,-0.882
119,150,-0.154
120,121,-0.187
120,122, 0.438
120,139,-0.814
121,131,-0.896
121,140,-0.365
122,123, 0.966
122,135,-1.702
122,142, 1.294
123,137, 0.208
124,125, 0.489
124,143,-0.405
125,127, 1.494
125,132, 1.069
125,144, 0.002
126,127,-1.110
126,128,-1.498
127,128, 3.082
127,129,-1.112
128,129, 0.595
128,130,-0.149
129,130, 0.005
130,131, 1.845
131,140, 0.183
132,133, 0.901
132,134,-1.279
132,144,-0.112
132,146, 1.297
133,134, 0.144
133,149,-0.495
135,136,-0.055
135,137,-0.167
135,142, 0.906
136,137, 1.697
136,138, 0.583
137,138, 0.350
138,150, 0.715
138,151, 0.087
139,140,-0.294
139,142,-1.002
140,141, 0.610
140,142, 1.116
141,142, 0.916
143,144, 1.352
143,145,-0.446
143,155, 2.037
144,145,-0.631
144,146,-1.519
145,147, 0.005
145,157,-1.279
146,147, 1.186
146,148, 0.427
146,149,-0.688
147,148,-0.351
147,157, 1.171
148,149, 0.433
150,151,-1.486
152,153,-0.779
152,158,-1.225
153,154,-0.304
153,155,-0.916
153,156, 0.178
153,157, 1.223
153,159, 1.032
154,155,-0.476
154,160,-0.256
155,156,-0.007
155,157,-0.144
158,159, 0.954
158,161, 0.303
159,160, 0.209
161,162, 0.630
  1,  0,-0.022
  5,  1,-0.630
  6,  1,-0.305
 22,  2,-0.464
 23,  2, 0.261
 27,  2,-0.417
  4,  3, 2.099
 11,  3, 2.376
  5,  4,-0.850
 11,  7,-1.129
  9,  8,-0.747
 64,  9, 1.086
 18, 11,-0.493
 13, 12, 0.923
 14, 12, 0.462
 21, 12, 1.838
 30, 12,-1.621
 14, 13,-0.169
 16, 13,-0.679
 32, 13,-0.016
 39, 13,-0.644
 43, 13,-0.242
 17, 14, 2.420
 17, 15,-0.048
 19, 15, 0.186
 20, 15,-0.248
 17, 16,-0.167
 18, 16,-0.770
 18, 17, 0.374
 20, 19, 1.349
 30, 21, 1.529
 23, 22,-0.328
 25, 22,-0.911
 27, 22, 0.015
 24, 23,-0.173
 25, 23,-1.358
 25, 24,-0.583
 45, 24,-1.011
 26, 25,-1.428
 27, 25, 0.513
 45, 25, 0.649
 27, 26,-1.466
 45, 26,-1.416
 29, 28,-0.302
 31, 30,-1.337
 32, 30, 0.746
 36, 30, 0.177
 37, 30, 0.487
 32, 31,-0.919
 33, 31,-1.170
 38, 31,-1.194
 39, 32, 0.401
 43, 32,-1.569
 37, 33, 2.130
 42, 33, 2.100
 35, 34,-0.949
 37, 34,-0.162
 36, 35, 0.210
 37, 35,-0.212
 37, 36, 0.561
 39, 38,-0.413
 40, 38,-0.794
 42, 38,-0.364
 40, 39, 0.272
 43, 39,-0.366
 41, 40, 0.465
 42, 40, 1.839
 44, 40, 0.301
 46, 41, 0.282
 46, 44, 0.707
 46, 45, 0.390
 48, 47,-0.429
 49, 47,-0.307
 53, 49, 0.996
 51, 50, 1.018
 52, 50, 1.329
 52, 51,-0.288
 56, 51, 2.941
 60, 51,-1.155
 53, 52, 0.578
 54, 52,-1.275
 55, 52, 1.606
 54, 53,-0.411
 55, 54,-0.328
 57, 56,-1.434
 60, 56, 0.117
 61, 56, 2.480
 62, 57,-0.832
 59, 58, 0.105
 60, 58,-0.001
 60, 59,-0.725
 65, 59, 0.513
 61, 60,-0.060
 66, 60,-0.392
 62, 61, 2.154
 66, 61, 0.646
 63, 62, 0.784
 67, 62,-0.101
 64, 63, 0.212
 67, 63,-0.903
 69, 64, 0.684
 70, 64, 0.351
 80, 64,-0.522
 66, 65, 0.628
 67, 65,-0.295
 75, 65,-0.012
 67, 66,-0.593
 68, 67, 0.227
 69, 67,-0.609
 69, 68,-1.104
 78, 68,-0.002
 80, 69, 0.287
 71, 70, 0.324
 80, 70,-0.636
 81, 71, 0.110
 85, 71, 1.501
 74, 72,-0.531
 90, 72,-0.151
 74, 73, 1.770
 75, 73,-0.730
 75, 74,-0.144
 76, 74,-1.442
 92, 74, 0.805
 92, 76,-0.880
 78, 77,-0.934
 79, 78, 1.547
 80, 78, 2.233
 80, 79,-1.650
 94, 79,-0.548
101, 79, 1.637
 81, 80, 0.584
102, 80, 0.337
 82, 81,-1.051
 85, 81,-0.838
103, 81,-1.261
 86, 82,-1.601
104, 82,-1.024
 84, 83,-1.296
 86, 83, 1.898
 88, 83, 1.160
111, 83,-0.111
 86, 84,-1.177
 86, 85, 1.247
104, 86, 2.692
113, 86,-0.489
109, 87,-0.415
116, 87,-0.269
111, 88,-0.012
 90, 89, 1.050
 91, 90,-0.625
 93, 92, 1.156
 97, 92, 0.599
 98, 92, 0.603
100, 92, 1.047
 94, 93,-0.058
 97, 93,-1.555
 95, 94, 0.204
 96, 94, 0.534
 97, 94,-1.227
101, 94,-0.905
 96, 95,-1.447
106, 95,-0.338
120, 95,-0.137
 97, 96, 0.082
 99, 96,-0.387
122, 96, 0.428
 98, 97,-0.691
 99, 97, 0.680
 99, 98,-0.328
100, 98,-1.467
100, 99, 0.062
117, 99,-0.017
123, 99, 1.549
118,100,-0.258
102,101,-0.245
105,101,-0.833
106,101, 2.332
103,102,-1.205
104,102,-0.335
105,102,-0.613
104,103,-1.018
105,104,-0.292
106,104, 0.578
113,104,-1.137
128,104, 1.456
106,105,-1.330
107,106,-0.825
120,106, 1.242
130,106, 0.338
121,107,-1.386
131,107,-0.712
109,108,-0.636
110,108, 0.828
112,108,-1.624
125,108, 1.464
132,108,-0.230
110,109, 0.797
111,109, 0.315
116,109, 1.666
134,109,-0.868
111,110, 1.025
112,110,-1.693
112,111,-1.602
113,111,-0.378
126,111,-1.056
127,112,-1.583
128,113,-0.266
115,114,-1.704
116,114,-1.109
148,114,-1.168
116,115,-0.052
133,115,-1.341
149,115,-0.312
134,116,-0.018
118,117, 2.568
119,117,-0.885
123,117, 0.848
137,117, 1.243
119,118,-0.477
138,119,-0.882
150,119,-0.154
121,120,-0.187
122,120, 0.438
139,120,-0.814
131,121,-0.896
140,121,-0.365
123,122, 0.966
135,122,-1.702
142,122, 1.294
137,123, 0.208
125,124, 0.489
143,124,-0.405
127,125, 1.494
132,125, 1.069
144,125, 0.002
127,126,-1.110
128,126,-1.498
128,127, 3.082
129,127,-1.112
129,128, 0.595
130,128,-0.149
130,129, 0.005
131,130, 1.845
140,131, 0.183
133,132, 0.901
134,132,-1.279
144,132,-0.112
146,132, 1.297
134,133, 0.144
149,133,-0.495
136,135,-0.055
137,135,-0.167
142,135, 0.906
137,136, 1.697
138,136, 0.583
138,137, 0.350
150,138, 0.715
151,138, 0.087
140,139,-0.294
142,139,-1.002
141,140, 0.610
142,140, 1.116
142,141, 0.916
144,143, 1.352
145,143,-0.446
155,143, 2.037
145,144,-0.631
146,144,-1.519
147,145, 0.005
157,145,-1.279
147,146, 1.186
148,146, 0.427
149,146,-0.688
148,147,-0.351
157,147, 1.171
149,148, 0.433
151,150,-1.486
153,152,-0.779
158,152,-1.225
154,153,-0.304
155,153,-0.916
156,153, 0.178
157,153, 1.223
159,153, 1.032
155,154,-0.476
160,154,-0.256
156,155,-0.007
157,155,-0.144
159,158, 0.954
161,158, 0.303
160,159, 0.209
162,161, 0.630
  0,  0, 0.547
  1,  1, 3.016
  2,  2, 4.548
  3,  3, 2.050
  4,  4, 3.339
  5,  5,-1.195
  6,  6, 1.374
  7,  7,-0.927
  8,  8,-0.551
  9,  9, 1.695
 10, 10, 0.445
 11, 11, 4.202
 12, 12, 1.219
 13, 13, 4.293
 14, 14, 1.652
 15, 15, 1.568
 16, 16, 0.032
 17, 17, 5.000
 18, 18, 2.932
 19, 19, 3.077
 20, 20, 3.059
 21, 21, 4.907
 22, 22, 0.366
 23, 23, 1.523
 24, 24,-0.402
 25, 25, 1.467
 26, 26,-1.256
 27, 27, 3.568
 28, 28, 0.215
 29, 29, 2.679
 30, 30, 2.658
 31, 31,-0.905
 32, 32, 1.372
 33, 33, 0.938
 34, 34, 0.059
 35, 35, 2.361
 36, 36, 2.479
 37, 37, 2.878
 38, 38, 0.043
 39, 39, 1.926
 40, 40, 4.044
 41, 41, 0.223
 42, 42, 3.362
 43, 43,-0.726
 44, 44, 0.462
 45, 45, 3.769
 46, 46, 4.637
 47, 47,-0.852
 48, 48, 2.933
 49, 49, 5.000
 50, 50, 2.824
 51, 51, 3.027
 52, 52, 3.184
 53, 53, 0.969
 54, 54,-0.007
 55, 55, 3.208
 56, 56, 3.912
 57, 57,-1.030
 58, 58, 2.986
 59, 59, 0.813
 60, 60, 3.267
 61, 61, 3.391
 62, 62, 4.086
 63, 63, 0.488
 64, 64, 5.000
 65, 65, 3.267
 66, 66, 1.326
 67, 67, 2.390
 68, 68,-0.240
 69, 69, 0.897
 70, 70, 0.263
 71, 71, 3.419
 72, 72, 0.677
 73, 73, 3.414
 74, 74, 4.008
 75, 75, 0.943
 76, 76,-0.990
 77, 77, 0.634
 78, 78, 2.669
 79, 79, 2.567
 80, 80, 3.605
 81, 81, 0.864
 82, 82,-1.325
 83, 83, 3.390
 84, 84,-0.928
 85, 85, 1.454
 86, 86, 4.774
 87, 87, 0.801
 88, 88, 2.224
 89, 89, 0.367
 90, 90, 3.452
 91, 91,-0.938
 92, 92, 5.000
 93, 93, 0.434
 94, 94, 3.319
 95, 95, 0.256
 96, 96, 1.695
 97, 97, 1.608
 98, 98,-0.373
 99, 99, 3.369
100,100, 1.368
101,101, 2.119
102,102, 1.271
103,103,-1.186
104,104, 4.407
105,105,-0.161
106,106, 4.154
107,107,-1.022
108,108, 1.217
109,109, 3.116
110,110, 1.489
111,111, 2.660
112,112,-1.583
113,113, 0.114
114,114,-0.600
115,115,-0.796
116,116, 5.000
117,117, 3.431
118,118, 3.800
119,119, 0.534
120,120, 2.341
121,121,-0.021
122,122, 2.372
123,123, 2.991
124,124, 0.474
125,125, 4.975
126,126,-1.229
127,127, 4.313
128,128, 3.501
129,129, 1.439
130,130, 1.587
131,131, 3.327
132,132, 3.380
133,133, 1.043
134,134,-0.013
135,135, 0.884
136,136, 4.090
137,137, 3.535
138,138, 3.859
139,139,-0.497
140,140, 4.139
141,141, 3.430
142,142, 3.781
143,143, 2.696
144,144, 1.557
145,145,-0.168
146,146, 1.766
147,147, 4.460
148,148, 4.105
149,149, 0.576
150,150, 2.948
151,151,-0.275
152,152,-1.077
153,153, 4.472
154,154, 1.651
155,155, 4.772
156,156,-0.117
157,157, 1.949
158,158, 1.303
159,159, 1.940
160,160, 1.520
161,161, 5.000
162,162, 0.745
