from,to,weight
  0, 17, 0.017
  1,  2, 0.319
  1,  3,-0.387
  1,  4, 1.682
  3,  4,-1.087
  5,  6, 1.709
  5,  8, 2.375
  5, 14, 3.281
  5, 19,-0.337
  5, 25,-1.668
  5, 32,-0.433
  6,  9, 0.025
  6, 27, 0.126
  6, 33,-1.583
  7, 10,-0.643
  7, 12, 1.385
  7, 13, 0.284
  7, 53, 0.258
  8,  9,-1.289
  8, 10, 1.195
  8, 14,-1.608
  9, 10, 0.949
 10, 11,-0.768
 10, 54, 1.376
 12, 13, 1.287
 14, 15, 0.640
 14, 16,-0.461
 14, 19,-0.316
 15, 16,-0.480
 15, 23, 0.710
 15, 37, 0.353
 19, 20,-1.168
 19, 23,-0.386
 19, 24,-0.034
 19, 25, 0.029
 19, 32,-1.149
 20, 21,-0.852
 20, 24,-0.728
 20, 29,-0.015
 21, 22, 0.542
 21, 24, 0.250
 21, 30,-1.543
 22, 23, 1.219
 22, 24,-0.899
 23, 24, 0.882
 23, 37, 0.184
 24, 31, 1.121
 25, 27,-0.287
 25, 29,-0.631
 25, 32,-0.787
 26, 27,-0.313
 26, 28,-1.003
 26, 29,-0.424
 27, 28,-0.152
 27, 29,-1.539
 27, 33,-1.578
 28, 29, 1.552
 28, 34, 2.268
 29, 30,-1.603
 29, 31, 0.693
 34, 36, 2.093
 38, 39,-0.159
 38, 43,-1.099
 39, 40, 0.077
 39, 43, 0.988
 40, 44,-1.258
 40, 49,-0.657
 41, 42,-0.227
 41, 43,-1.626
 41, 47,-0.534
 41, 52,-1.089
 42, 43, 2.753
 42, 53, 2.796
 43, 44,-0.724
 43, 48,-0.956
 44, 49,-0.910
 45, 46, 1.521
 45, 47, 2.140
 46, 47,-1.288
 46, 50, 2.423
 46, 55,-1.318
 46, 58,-1.155
 47, 48,-1.306
 47, 49, 2.263
 47, 52,-0.035
 48, 49,-1.067
 50, 51, 0.513
 50, 52,-0.685
 50, 55,-1.597
 50, 58, 0.198
 50, 61, 3.450
 51, 52,-0.882
 51, 53, 0.746
 51, 54, 2.116
 51, 62,-0.533
 52, 53,-0.309
 53, 54,-0.424
 54, 63,-0.652
 55, 58,-1.173
 56, 57, 0.239
 56, 58, 0.313
 57, 58,-0.495
 57, 68, 0.700
 58, 61, 0.123
 58, 70,-0.453
 60, 62,-1.155
 60, 64,-1.438
 61, 62, 1.876
 61, 70, 0.372
 62, 63,-0.690
 62, 64, 1.323
 62, 71,-0.869
 64, 65,-0.417
 64, 66,-0.547
 64, 71, 0.010
 65, 66,-0.636
 66, 67,-0.364
 66, 73, 1.012
 66, 74, 1.345
 67, 74,-0.553
 68, 69,-1.688
 68, 70, 0.564
 68, 71,-0.297
 68, 78,-0.503
 69, 71,-1.521
 69, 80,-1.586
 70, 71, 0.348
 71, 72, 0.124
 71, 73,-0.647
 71, 81,-0.541
 72, 73,-0.439
 72, 82,-0.160
 73, 74,-1.083
 73, 84,-0.302
 74, 75, 1.493
 74, 84, 0.341
 75, 85,-0.606
 75, 89, 2.587
 76, 77, 0.397
 76, 78,-1.454
 77, 78,-0.116
 77, 79,-0.790
 77, 94, 0.632
 79, 80,-0.384
 79, 94,-0.560
 80, 81,-0.444
 80, 82,-0.207
 80, 83, 0.458
 81, 82,-0.837
 82, 83, 2.400
 82, 84, 2.270
 82,100,-1.482
 83, 95, 0.712
 83,101, 1.858
 84, 85,-0.147
 84, 88,-1.557
 84,104, 0.692
 85, 89,-1.050
 86, 87,-1.280
 86, 90, 0.508
 86, 92, 0.633
 86,112,-1.596
 87, 90, 0.372
 88, 89,-1.549
 88,104,-1.630
 89, 90, 1.780
 89,105,-1.301
 90,106, 1.992
 90,114, 0.638
 91, 92,-1.112
 91,110,-1.002
 91,116,-1.335
 92,112, 0.696
 94, 95,-1.502
 94, 98, 0.736
 94, 99, 0.703
 94,118, 0.700
 95, 96, 0.282
 95, 97, 0.653
 95, 98,-1.318
 95,101,-0.600
 96, 97,-1.252
 96,108,-0.523
 96,121,-0.171
 97, 98, 0.133
 97, 99, 0.082
 97,122, 0.742
 98, 99,-0.058
 99,119, 1.025
 99,123, 0.315
100,101,-1.140
100,104,-1.208
101,102,-0.680
101,103,-1.110
101,104,-1.571
101,108, 2.967
102,103,-1.224
102,107,-0.907
102,108,-1.646
103,104,-0.838
103,107,-1.180
104,105,-0.016
104,107, 0.268
105,106, 0.022
105,107,-1.488
106,107, 0.408
106,108, 0.558
106,114, 0.402
106,127, 0.087
107,108, 0.099
108,121, 1.223
108,129, 1.203
109,111, 0.745
109,112,-1.599
109,113,-1.067
109,114, 0.059
109,115,-0.043
109,125, 0.060
109,133, 0.045
110,111,-0.302
110,112,-0.823
110,116,-0.071
111,112, 0.976
111,117,-0.922
112,113, 0.259
112,114,-0.528
113,114, 0.328
114,127,-0.217
115,116, 0.585
115,117,-1.494
115,133,-0.051
116,117,-0.978
116,134,-1.262
116,136, 2.353
118,119,-1.654
118,120, 0.434
119,120, 0.953
119,123,-0.162
119,138, 1.878
120,139,-1.286
121,122, 0.551
121,129,-0.746
121,141, 0.628
122,123, 0.149
122,144, 0.506
123,138,-0.089
124,125,-0.012
124,132,-0.919
124,145, 0.447
125,127,-0.226
125,133, 0.307
126,127, 1.539
127,128, 1.048
127,129,-0.964
128,129, 1.418
128,130,-1.619
129,130,-0.069
129,131, 2.941
129,141,-0.924
130,131,-0.075
131,142, 0.366
132,133, 0.386
132,145,-0.237
132,148,-1.672
133,134,-1.168
133,135, 0.124
133,146,-1.306
133,149, 0.843
134,136,-1.477
135,149,-1.016
138,139, 0.800
138,140, 0.533
139,140, 0.119
140,152, 1.154
141,142, 1.438
141,144,-0.821
142,143, 1.572
142,144, 0.573
143,144, 0.836
143,154,-0.650
145,146,-1.277
145,148, 0.989
145,160,-0.230
147,148,-1.305
147,150, 0.153
147,156,-0.306
148,149,-0.688
148,150, 0.734
148,160,-1.130
149,150, 2.306
149,151,-0.508
150,151,-1.454
154,161,-0.952
155,156, 2.858
155,164, 1.498
156,157, 0.102
156,158,-0.441
156,159, 1.995
156,165,-1.450
157,158,-1.446
157,162,-0.786
158,159,-1.612
158,163,-0.527
162,163, 0.327
164,165,-1.465
 17,  0, 0.017
  2,  1, 0.319
  3,  1,-0.387
  4,  1, 1.682
  4,  3,-1.087
  6,  5, 1.709
  8,  5, 2.375
 14,  5, 3.281
 19,  5,-0.337
 25,  5,-1.668
 32,  5,-0.433
  9,  6, 0.025
 27,  6, 0.126
 33,  6,-1.583
 10,  7,-0.643
 12,  7, 1.385
 13,  7, 0.284
 53,  7, 0.258
  9,  8,-1.289
 10,  8, 1.195
 14,  8,-1.608
 10,  9, 0.949
 11, 10,-0.768
 54, 10, 1.376
 13, 12, 1.287
 15, 14, 0.640
 16, 14,-0.461
 19, 14,-0.316
 16, 15,-0.480
 23, 15, 0.710
 37, 15, 0.353
 20, 19,-1.168
 23, 19,-0.386
 24, 19,-0.034
 25, 19, 0.029
 32, 19,-1.149
 21, 20,-0.852
 24, 20,-0.728
 29, 20,-0.015
 22, 21, 0.542
 24, 21, 0.250
 30, 21,-1.543
 23, 22, 1.219
 24, 22,-0.899
 24, 23, 0.882
 37, 23, 0.184
 31, 24, 1.121
 27, 25,-0.287
 29, 25,-0.631
 32, 25,-0.787
 27, 26,-0.313
 28, 26,-1.003
 29, 26,-0.424
 28, 27,-0.152
 29, 27,-1.539
 33, 27,-1.578
 29, 28, 1.552
 34, 28, 2.268
 30, 29,-1.603
 31, 29, 0.693
 36, 34, 2.093
 39, 38,-0.159
 43, 38,-1.099
 40, 39, 0.077
 43, 39, 0.988
 44, 40,-1.258
 49, 40,-0.657
 42, 41,-0.227
 43, 41,-1.626
 47, 41,-0.534
 52, 41,-1.089
 43, 42, 2.753
 53, 42, 2.796
 44, 43,-0.724
 48, 43,-0.956
 49, 44,-0.910
 46, 45, 1.521
 47, 45, 2.140
 47, 46,-1.288
 50, 46, 2.423
 55, 46,-1.318
 58, 46,-1.155
 48, 47,-1.306
 49, 47, 2.263
 52, 47,-0.035
 49, 48,-1.067
 51, 50, 0.513
 52, 50,-0.685
 55, 50,-1.597
 58, 50, 0.198
 61, 50, 3.450
 52, 51,-0.882
 53, 51, 0.746
 54, 51, 2.116
 62, 51,-0.533
 53, 52,-0.309
 54, 53,-0.424
 63, 54,-0.652
 58, 55,-1.173
 57, 56, 0.239
 58, 56, 0.313
 58, 57,-0.495
 68, 57, 0.700
 61, 58, 0.123
 70, 58,-0.453
 62, 60,-1.155
 64, 60,-1.438
 62, 61, 1.876
 70, 61, 0.372
 63, 62,-0.690
 64, 62, 1.323
 71, 62,-0.869
 65, 64,-0.417
 66, 64,-0.547
 71, 64, 0.010
 66, 65,-0.636
 67, 66,-0.364
 73, 66, 1.012
 74, 66, 1.345
 74, 67,-0.553
 69, 68,-1.688
 70, 68, 0.564
 71, 68,-0.297
 78, 68,-0.503
 71, 69,-1.521
 80, 69,-1.586
 71, 70, 0.348
 72, 71, 0.124
 73, 71,-0.647
 81, 71,-0.541
 73, 72,-0.439
 82, 72,-0.160
 74, 73,-1.083
 84, 73,-0.302
 75, 74, 1.493
 84, 74, 0.341
 85, 75,-0.606
 89, 75, 2.587
 77, 76, 0.397
 78, 76,-1.454
 78, 77,-0.116
 79, 77,-0.790
 94, 77, 0.632
 80, 79,-0.384
 94, 79,-0.560
 81, 80,-0.444
 82, 80,-0.207
 83, 80, 0.458
 82, 81,-0.837
 83, 82, 2.400
 84, 82, 2.270
100, 82,-1.482
 95, 83, 0.712
101, 83, 1.858
 85, 84,-0.147
 88, 84,-1.557
104, 84, 0.692
 89, 85,-1.050
 87, 86,-1.280
 90, 86, 0.508
 92, 86, 0.633
112, 86,-1.596
 90, 87, 0.372
 89, 88,-1.549
104, 88,-1.630
 90, 89, 1.780
105, 89,-1.301
106, 90, 1.992
114, 90, 0.638
 92, 91,-1.112
110, 91,-1.002
116, 91,-1.335
112, 92, 0.696
 95, 94,-1.502
 98, 94, 0.736
 99, 94, 0.703
118, 94, 0.700
 96, 95, 0.282
 97, 95, 0.653
 98, 95,-1.318
101, 95,-0.600
 97, 96,-1.252
108, 96,-0.523
121, 96,-0.171
 98, 97, 0.133
 99, 97, 0.082
122, 97, 0.742
 99, 98,-0.058
119, 99, 1.025
123, 99, 0.315
101,100,-1.140
104,100,-1.208
102,101,-0.680
103,101,-1.110
104,101,-1.571
108,101, 2.967
103,102,-1.224
107,102,-0.907
108,102,-1.646
104,103,-0.838
107,103,-1.180
105,104,-0.016
107,104, 0.268
106,105, 0.022
107,105,-1.488
107,106, 0.408
108,106, 0.558
114,106, 0.402
127,106, 0.087
108,107, 0.099
121,108, 1.223
129,108, 1.203
111,109, 0.745
112,109,-1.599
113,109,-1.067
114,109, 0.059
115,109,-0.043
125,109, 0.060
133,109, 0.045
111,110,-0.302
112,110,-0.823
116,110,-0.071
112,111, 0.976
117,111,-0.922
113,112, 0.259
114,112,-0.528
114,113, 0.328
127,114,-0.217
116,115, 0.585
117,115,-1.494
133,115,-0.051
117,116,-0.978
134,116,-1.262
136,116, 2.353
119,118,-1.654
120,118, 0.434
120,119, 0.953
123,119,-0.162
138,119, 1.878
139,120,-1.286
122,121, 0.551
129,121,-0.746
141,121, 0.628
123,122, 0.149
144,122, 0.506
138,123,-0.089
125,124,-0.012
132,124,-0.919
145,124, 0.447
127,125,-0.226
133,125, 0.307
127,126, 1.539
128,127, 1.048
129,127,-0.964
129,128, 1.418
130,128,-1.619
130,129,-0.069
131,129, 2.941
141,129,-0.924
131,130,-0.075
142,131, 0.366
133,132, 0.386
145,132,-0.237
148,132,-1.672
134,133,-1.168
135,133, 0.124
146,133,-1.306
149,133, 0.843
136,134,-1.477
149,135,-1.016
139,138, 0.800
140,138, 0.533
140,139, 0.119
152,140, 1.154
142,141, 1.438
144,141,-0.821
143,142, 1.572
144,142, 0.573
144,143, 0.836
154,143,-0.650
146,145,-1.277
148,145, 0.989
160,145,-0.230
148,147,-1.305
150,147, 0.153
156,147,-0.306
149,148,-0.688
150,148, 0.734
160,148,-1.130
150,149, 2.306
151,149,-0.508
151,150,-1.454
161,154,-0.952
156,155, 2.858
164,155, 1.498
157,156, 0.102
158,156,-0.441
159,156, 1.995
165,156,-1.450
158,157,-1.446
162,157,-0.786
159,158,-1.612
163,158,-0.527
163,162, 0.327
165,164,-1.465
  0,  0, 4.453
  1,  1, 3.949
  2,  2,-0.249
  3,  3, 1.908
  4,  4, 1.916
  5,  5, 4.373
  6,  6, 3.638
  7,  7, 3.080
  8,  8, 0.938
  9,  9, 0.849
 10, 10, 5.000
 11, 11,-0.998
 12, 12, 3.940
 13, 13, 3.303
 14, 14, 3.170
 15, 15, 3.402
 16, 16, 0.817
 17, 17, 2.758
 18, 18,-0.083
 19, 19, 2.355
 20, 20,-0.647
 21, 21, 1.836
 22, 22, 3.677
 23, 23, 2.923
 24, 24, 2.825
 25, 25, 0.352
 26, 26,-0.552
 27, 27, 1.540
 28, 28, 3.121
 29, 29, 4.606
 30, 30,-1.575
 31, 31, 0.234
 32, 32,-0.847
 33, 33,-1.653
 34, 34, 3.565
 35, 35,-0.725
 36, 36, 3.615
 37, 37, 2.173
 38, 38, 1.636
 39, 39, 2.736
 40, 40, 0.663
 41, 41,-0.729
 42, 42, 4.678
 43, 43, 2.911
 44, 44,-0.957
 45, 45, 4.056
 46, 46, 1.920
 47, 47, 3.401
 48, 48,-1.104
 49, 49, 3.711
 50, 50, 3.629
 51, 51, 1.951
 52, 52, 0.656
 53, 53, 3.337
 54, 54, 2.818
 55, 55,-1.382
 56, 56, 3.020
 57, 57, 1.426
 58, 58, 3.421
 59, 59, 0.815
 60, 60,-1.134
 61, 61, 3.617
 62, 62, 3.081
 63, 63,-0.564
 64, 64, 2.516
 65, 65,-0.241
 66, 66, 4.781
 67, 67, 0.421
 68, 68, 3.047
 69, 69,-1.533
 70, 70, 1.597
 71, 71, 2.934
 72, 72, 0.268
 73, 73, 1.545
 74, 74, 2.888
 75, 75, 3.218
 76, 76, 1.407
 77, 77, 4.025
 78, 78, 0.731
 79, 79, 0.257
 80, 80, 2.581
 81, 81,-0.463
 82, 82, 3.291
 83, 83, 3.555
 84, 84, 3.154
 85, 85,-0.776
 86, 86, 1.370
 87, 87, 0.001
 88, 88,-1.574
 89, 89, 3.101
 90, 90, 5.000
 91, 91,-0.482
 92, 92, 3.849
 93, 93,-0.674
 94, 94, 5.000
 95, 95, 3.599
 96, 96, 0.323
 97, 97, 2.205
 98, 98, 0.828
 99, 99, 3.149
100,100,-1.242
101,101, 2.711
102,102,-0.898
103,103,-0.676
104,104, 1.568
105,105,-0.563
106,106, 3.824
107,107, 1.269
108,108, 4.388
109,109, 2.637
110,110, 0.170
111,111, 1.339
112,112, 2.111
113,113, 0.200
114,114, 3.016
115,115, 0.671
116,116, 4.530
117,117,-1.046
118,118,-0.497
119,119, 2.700
120,120, 2.975
121,121, 2.788
122,122, 2.607
123,123, 1.525
124,124, 0.767
125,125, 2.772
126,126, 2.330
127,127, 4.179
128,128, 2.858
129,129, 2.396
130,130, 0.961
131,131, 4.351
132,132,-0.644
133,133, 4.212
134,134,-1.251
135,135,-0.073
136,136, 4.079
137,137,-1.437
138,138, 4.512
139,139, 1.929
140,140, 2.979
141,141, 1.398
142,142, 3.967
143,143, 4.862
144,144, 3.044
145,145, 4.267
146,146,-1.456
147,147, 0.282
148,148, 1.734
149,149, 2.465
150,150, 4.713
151,151,-0.664
152,152, 1.893
153,153, 0.986
154,154, 1.169
155,155, 2.041
156,156, 5.000
157,157,-0.228
158,158,-0.306
159,159, 2.814
160,160, 0.931
161,161, 1.073
162,162, 0.112
163,163, 5.000
164,164, 3.894
165,165,-1.453
