from,to,weight
  0,  2,-1.293
  1,  4,-1.500
  2,  3, 0.004
  3,  4, 0.040
  4,  5,-0.674
  4,  8, 0.380
  5,  8,-0.014
  6,  8,-0.671
  6, 10,-1.047
  6, 19,-1.140
  7,  8, 0.584
  7, 13,-1.567
  8, 10,-0.613
  8, 14, 0.159
  9, 12,-0.574
  9, 16,-0.614
 10, 11, 1.940
 10, 14, 0.239
 11, 12, 1.578
 11, 31,-0.329
 11, 35,-1.175
 11, 41, 0.809
 12, 15,-0.635
 12, 16, 0.879
 12, 33,-0.136
 13, 14,-0.086
 15, 16,-0.835
 16, 17,-1.627
 16, 18, 2.441
 17, 18, 0.910
 20, 21,-0.569
 20, 22, 0.305
 20, 23,-0.333
 21, 24, 0.405
 21, 43,-0.078
 22, 44, 1.166
 23, 24, 1.001
 23, 25, 0.177
 23, 27,-1.322
 24, 28, 3.086
 25, 27,-0.615
 26, 27,-1.442
 26, 28, 0.833
 27, 28,-0.645
 29, 30,-1.475
 29, 36,-0.579
 30, 37,-1.221
 30, 44,-0.319
 31, 33, 1.326
 31, 35, 0.419
 31, 41,-1.222
 32, 34,-0.224
 32, 39,-0.076
 33, 34, 2.145
 33, 40,-0.609
 35, 38, 1.455
 35, 39,-0.711
 35, 40,-1.232
 35, 41, 0.598
 36, 37,-0.039
 36, 38, 1.177
 36, 39,-0.275
 36, 42,-1.288
 37, 38,-1.676
 37, 44,-0.071
 38, 39, 1.721
 38, 45, 2.334
 39, 40,-0.264
 42, 44,-1.246
 43, 44, 1.276
 43, 45, 0.550
 44, 45, 0.715
 47, 52, 0.620
 47, 55, 1.513
 48, 53,-1.092
 48, 58,-1.129
 49, 51, 0.371
 50, 51,-0.686
 50, 52,-0.833
 51, 52, 1.016
 51, 53, 0.825
 52, 53,-1.107
 52, 54,-0.859
 52, 55, 0.502
 53, 56, 0.790
 53, 58, 0.323
 53, 59,-1.318
 55, 57, 1.947
 56, 57,-1.068
 57, 61, 1.087
 58, 59,-0.445
 61, 62,-0.118
 62, 63, 0.814
 62, 65,-0.852
 63, 64, 1.093
 63, 66, 2.621
 64, 66, 0.589
 64, 70,-0.622
 65, 66,-0.727
 65, 67,-1.336
 65, 68,-0.770
 66, 67, 1.239
 66, 70, 0.196
 67, 68, 1.283
 67, 69,-1.367
 67, 71,-0.763
 68, 69, 1.274
 69, 77, 0.655
 70, 71, 1.389
 71, 72, 1.174
 71, 74, 1.581
 71, 75, 0.604
 72, 73,-0.263
 72, 74, 0.081
 72, 78,-0.846
 72, 82, 1.826
 73, 74, 0.778
 73, 75, 0.150
 73, 79,-0.936
 73, 83, 1.294
 74, 75,-1.655
 76, 77,-1.456
 76, 78,-1.414
 77, 78,-0.711
 77, 84, 1.895
 78, 82,-0.230
 79, 83, 0.149
 79, 88,-0.277
 80, 81, 0.503
 80, 91, 0.409
 82, 83,-0.512
 82, 94,-0.137
 83, 88, 0.329
 83, 95,-1.274
 85, 97,-0.333
 85,100,-0.426
 86, 93,-0.436
 87, 89,-1.357
 88, 89, 1.239
 88, 95,-1.363
 89, 90, 1.041
 90,102, 0.667
 91,101, 1.318
 93, 94, 0.733
 93, 96, 0.965
 97,100,-1.008
 98, 99, 0.988
 98,101, 0.802
 98,105, 1.560
 99,100, 1.142
 99,101, 2.074
 99,106, 2.820
 99,109, 0.888
100,101,-1.109
102,103, 0.685
103,104, 0.787
103,105,-0.616
104,105, 1.010
104,106,-1.133
104,107,-1.653
105,106,-1.346
106,109,-0.728
107,108, 1.292
107,112, 1.882
108,109, 0.803
110,111,-0.193
  2,  0,-1.293
  4,  1,-1.500
  3,  2, 0.004
  4,  3, 0.040
  5,  4,-0.674
  8,  4, 0.380
  8,  5,-0.014
  8,  6,-0.671
 10,  6,-1.047
 19,  6,-1.140
  8,  7, 0.584
 13,  7,-1.567
 10,  8,-0.613
 14,  8, 0.159
 12,  9,-0.574
 16,  9,-0.614
 11, 10, 1.940
 14, 10, 0.239
 12, 11, 1.578
 31, 11,-0.329
 35, 11,-1.175
 41, 11, 0.809
 15, 12,-0.635
 16, 12, 0.879
 33, 12,-0.136
 14, 13,-0.086
 16, 15,-0.835
 17, 16,-1.627
 18, 16, 2.441
 18, 17, 0.910
 21, 20,-0.569
 22, 20, 0.305
 23, 20,-0.333
 24, 21, 0.405
 43, 21,-0.078
 44, 22, 1.166
 24, 23, 1.001
 25, 23, 0.177
 27, 23,-1.322
 28, 24, 3.086
 27, 25,-0.615
 27, 26,-1.442
 28, 26, 0.833
 28, 27,-0.645
 30, 29,-1.475
 36, 29,-0.579
 37, 30,-1.221
 44, 30,-0.319
 33, 31, 1.326
 35, 31, 0.419
 41, 31,-1.222
 34, 32,-0.224
 39, 32,-0.076
 34, 33, 2.145
 40, 33,-0.609
 38, 35, 1.455
 39, 35,-0.711
 40, 35,-1.232
 41, 35, 0.598
 37, 36,-0.039
 38, 36, 1.177
 39, 36,-0.275
 42, 36,-1.288
 38, 37,-1.676
 44, 37,-0.071
 39, 38, 1.721
 45, 38, 2.334
 40, 39,-0.264
 44, 42,-1.246
 44, 43, 1.276
 45, 43, 0.550
 45, 44, 0.715
 52, 47, 0.620
 55, 47, 1.513
 53, 48,-1.092
 58, 48,-1.129
 51, 49, 0.371
 51, 50,-0.686
 52, 50,-0.833
 52, 51, 1.016
 53, 51, 0.825
 53, 52,-1.107
 54, 52,-0.859
 55, 52, 0.502
 56, 53, 0.790
 58, 53, 0.323
 59, 53,-1.318
 57, 55, 1.947
 57, 56,-1.068
 61, 57, 1.087
 59, 58,-0.445
 62, 61,-0.118
 63, 62, 0.814
 65, 62,-0.852
 64, 63, 1.093
 66, 63, 2.621
 66, 64, 0.589
 70, 64,-0.622
 66, 65,-0.727
 67, 65,-1.336
 68, 65,-0.770
 67, 66, 1.239
 70, 66, 0.196
 68, 67, 1.283
 69, 67,-1.367
 71, 67,-0.763
 69, 68, 1.274
 77, 69, 0.655
 71, 70, 1.389
 72, 71, 1.174
 74, 71, 1.581
 75, 71, 0.604
 73, 72,-0.263
 74, 72, 0.081
 78, 72,-0.846
 82, 72, 1.826
 74, 73, 0.778
 75, 73, 0.150
 79, 73,-0.936
 83, 73, 1.294
 75, 74,-1.655
 77, 76,-1.456
 78, 76,-1.414
 78, 77,-0.711
 84, 77, 1.895
 82, 78,-0.230
 83, 79, 0.149
 88, 79,-0.277
 81, 80, 0.503
 91, 80, 0.409
 83, 82,-0.512
 94, 82,-0.137
 88, 83, 0.329
 95, 83,-1.274
 97, 85,-0.333
100, 85,-0.426
 93, 86,-0.436
 89, 87,-1.357
 89, 88, 1.239
 95, 88,-1.363
 90, 89, 1.041
102, 90, 0.667
101, 91, 1.318
 94, 93, 0.733
 96, 93, 0.965
100, 97,-1.008
 99, 98, 0.988
101, 98, 0.802
105, 98, 1.560
100, 99, 1.142
101, 99, 2.074
106, 99, 2.820
109, 99, 0.888
101,100,-1.109
103,102, 0.685
104,103, 0.787
105,103,-0.616
105,104, 1.010
106,104,-1.133
107,104,-1.653
106,105,-1.346
109,106,-0.728
108,107, 1.292
112,107, 1.882
109,108, 0.803
111,110,-0.193
  0,  0,-1.311
  1,  1, 1.028
  2,  2, 1.407
  3,  3, 1.214
  4,  4, 2.228
  5,  5, 0.323
  6,  6, 1.487
  7,  7, 0.558
  8,  8, 4.201
  9,  9,-0.864
 10, 10, 3.319
 11, 11, 3.699
 12, 12, 4.889
 13, 13, 1.081
 14, 14, 2.173
 15, 15,-0.795
 16, 16, 4.709
 17, 17, 0.647
 18, 18, 5.000
 19, 19, 0.956
 20, 20, 1.015
 21, 21, 0.256
 22, 22, 2.126
 23, 23, 1.996
 24, 24, 4.666
 25, 25, 0.919
 26, 26, 2.411
 27, 27,-0.303
 28, 28, 4.023
 29, 29,-0.787
 30, 30, 0.673
 31, 31, 1.529
 32, 32,-0.426
 33, 33, 2.829
 34, 34, 5.000
 35, 35, 2.495
 36, 36, 3.455
 37, 37,-0.622
 38, 38, 4.396
 39, 39, 2.057
 40, 40,-0.645
 41, 41, 0.027
 42, 42,-1.486
 43, 43, 3.122
 44, 44, 3.691
 45, 45, 3.316
 46, 46, 0.306
 47, 47, 2.046
 48, 48,-1.144
 49, 49, 0.706
 50, 50,-0.831
 51, 51, 4.707
 52, 52, 4.464
 53, 53, 4.015
 54, 54,-0.905
 55, 55, 3.839
 56, 56,-0.074
 57, 57, 3.075
 58, 58, 1.669
 59, 59, 0.839
 60, 60, 4.180
 61, 61, 4.166
 62, 62, 0.929
 63, 63, 4.773
 64, 64, 4.348
 65, 65, 0.284
 66, 66, 3.820
 67, 67, 1.177
 68, 68, 3.109
 69, 69, 2.201
 70, 70, 0.734
 71, 71, 5.000
 72, 72, 2.806
 73, 73, 3.739
 74, 74, 1.246
 75, 75, 1.238
 76, 76,-1.429
 77, 77, 5.000
 78, 78, 1.720
 79, 79, 1.535
 80, 80, 2.482
 81, 81, 3.823
 82, 82, 2.736
 83, 83, 2.756
 84, 84, 3.313
 85, 85, 2.911
 86, 86, 1.222
 87, 87,-1.320
 88, 88, 3.880
 89, 89, 3.682
 90, 90, 2.469
 91, 91,-0.039
 92, 92, 0.473
 93, 93, 3.798
 94, 94, 1.218
 95, 95,-1.238
 96, 96, 2.040
 97, 97, 0.253
 98, 98, 2.372
 99, 99, 5.000
100,100, 1.940
101,101, 4.866
102,102, 2.958
103,103, 1.049
104,104, 2.876
105,105, 0.586
106,106, 1.208
107,107, 3.336
108,108, 0.744
109,109, 1.267
110,110, 4.041
111,111,-0.074
112,112, 3.369
