from,to,weight
 0, 1, 3.801
 3, 4, 0.168
 3, 6,-0.828
 4, 6,-0.121
 5, 6, 0.296
 7, 9, 0.018
10,11, 1.752
11,12, 2.470
11,13,-0.195
11,14, 1.566
12,13, 0.729
14,17, 0.164
15,16,-0.154
16,17, 1.205
18,39,-0.006
18,41,-1.176
19,20, 0.181
19,25, 0.162
20,21, 1.511
20,25,-1.015
21,22,-0.277
21,23, 0.249
21,24,-0.671
21,25, 0.861
23,24, 0.141
23,26,-1.246
23,28, 1.387
24,27, 0.334
25,27, 1.057
26,27, 0.411
26,28,-0.308
26,29,-0.611
28,29,-0.167
28,31, 0.472
28,33,-1.177
28,37,-0.479
29,30,-0.604
29,31,-0.104
30,32, 0.023
31,32, 0.822
31,33,-1.217
34,35, 1.682
34,36, 0.530
34,39, 2.289
35,36,-0.116
36,38,-1.673
39,41, 0.392
40,43, 1.320
42,43, 1.326
42,48, 0.832
42,55,-1.165
43,44, 1.147
43,56,-1.002
44,51,-1.077
44,57, 0.704
45,46, 2.216
45,47,-0.002
45,48, 0.174
45,54, 1.077
45,60,-1.273
46,47, 0.887
46,49, 0.099
46,61,-0.117
47,48, 0.725
47,50, 1.342
48,55,-1.259
49,50,-1.410
49,61,-0.218
51,57, 0.606
51,63, 0.814
52,53,-0.313
52,54, 0.807
52,57, 0.938
52,58,-0.224
52,70,-0.273
53,54,-0.535
53,59,-0.434
53,67, 0.189
53,71,-1.702
54,55,-0.882
54,56, 0.073
54,57,-0.896
54,58,-0.403
54,60, 0.279
55,56,-1.240
56,57, 0.204
57,58,-0.835
57,63, 0.299
59,60,-1.031
59,61, 2.093
59,67, 0.672
59,68, 0.525
60,61,-0.033
62,63, 1.279
62,70, 1.417
64,65,-1.195
64,67, 1.062
64,69, 2.618
64,72,-1.491
65,67,-1.446
66,67,-1.377
66,70,-1.384
67,68,-1.067
67,71,-1.250
69,70, 1.653
69,71,-1.561
69,72,-1.099
70,71,-1.171
 1, 0, 3.801
 4, 3, 0.168
 6, 3,-0.828
 6, 4,-0.121
 6, 5, 0.296
 9, 7, 0.018
11,10, 1.752
12,11, 2.470
13,11,-0.195
14,11, 1.566
13,12, 0.729
17,14, 0.164
16,15,-0.154
17,16, 1.205
39,18,-0.006
41,18,-1.176
20,19, 0.181
25,19, 0.162
21,20, 1.511
25,20,-1.015
22,21,-0.277
23,21, 0.249
24,21,-0.671
25,21, 0.861
24,23, 0.141
26,23,-1.246
28,23, 1.387
27,24, 0.334
27,25, 1.057
27,26, 0.411
28,26,-0.308
29,26,-0.611
29,28,-0.167
31,28, 0.472
33,28,-1.177
37,28,-0.479
30,29,-0.604
31,29,-0.104
32,30, 0.023
32,31, 0.822
33,31,-1.217
35,34, 1.682
36,34, 0.530
39,34, 2.289
36,35,-0.116
38,36,-1.673
41,39, 0.392
43,40, 1.320
43,42, 1.326
48,42, 0.832
55,42,-1.165
44,43, 1.147
56,43,-1.002
51,44,-1.077
57,44, 0.704
46,45, 2.216
47,45,-0.002
48,45, 0.174
54,45, 1.077
60,45,-1.273
47,46, 0.887
49,46, 0.099
61,46,-0.117
48,47, 0.725
50,47, 1.342
55,48,-1.259
50,49,-1.410
61,49,-0.218
57,51, 0.606
63,51, 0.814
53,52,-0.313
54,52, 0.807
57,52, 0.938
58,52,-0.224
70,52,-0.273
54,53,-0.535
59,53,-0.434
67,53, 0.189
71,53,-1.702
55,54,-0.882
56,54, 0.073
57,54,-0.896
58,54,-0.403
60,54, 0.279
56,55,-1.240
57,56, 0.204
58,57,-0.835
63,57, 0.299
60,59,-1.031
61,59, 2.093
67,59, 0.672
68,59, 0.525
61,60,-0.033
63,62, 1.279
70,62, 1.417
65,64,-1.195
67,64, 1.062
69,64, 2.618
72,64,-1.491
67,65,-1.446
67,66,-1.377
70,66,-1.384
68,67,-1.067
71,67,-1.250
70,69, 1.653
71,69,-1.561
72,69,-1.099
71,70,-1.171
 0, 0, 4.819
 1, 1, 3.090
 2, 2, 5.000
 3, 3, 2.354
 4, 4, 0.749
 5, 5, 5.000
 6, 6, 1.789
 7, 7,-0.597
 8, 8,-0.634
 9, 9, 3.404
10,10, 0.610
11,11, 5.000
12,12, 2.218
13,13, 4.484
14,14, 1.320
15,15,-0.144
16,16, 4.105
17,17, 0.929
18,18, 0.028
19,19,-0.060
20,20, 3.346
21,21, 3.748
22,22, 0.954
23,23, 2.163
24,24, 0.415
25,25, 4.317
26,26, 0.300
27,27, 4.169
28,28, 3.753
29,29, 0.996
30,30, 1.339
31,31, 2.336
32,32, 2.580
33,33,-0.984
34,34, 2.334
35,35, 3.288
36,36, 4.753
37,37,-0.570
38,38,-1.694
39,39, 4.808
40,40, 3.016
41,41, 1.137
42,42, 1.186
43,43, 3.991
44,44, 1.810
45,45, 3.094
46,46, 0.750
47,47, 5.000
48,48, 1.416
49,49,-0.061
50,50, 1.090
51,51, 2.968
52,52, 3.032
53,53, 0.495
54,54, 4.206
55,55,-0.689
56,56,-0.007
57,57, 4.329
58,58,-0.510
59,59, 4.022
60,60, 0.049
61,61, 3.232
62,62, 0.042
63,63, 3.860
64,64, 2.614
65,65,-1.206
66,66,-1.608
67,67, 3.152
68,68, 1.797
69,69, 4.096
70,70, 5.000
71,71,-1.312
72,72,-1.047
