from,to,weight
  0,  1, 0.349
  0,  5,-0.479
  2,  3, 1.752
  3,  4, 0.314
  6,  7,-1.309
  6, 17, 0.541
  8,  9, 2.121
 10, 11, 0.879
 11, 12, 0.059
 12, 16,-0.463
 15, 16,-0.671
 15, 17, 2.310
 21, 22, 0.380
 21, 23,-0.222
 22, 23,-0.186
 23, 28, 0.992
 24, 36,-1.004
 25, 26, 1.424
 25, 27,-0.213
 26, 27,-0.511
 26, 40, 0.389
 28, 29, 2.147
 28, 49,-0.369
 29, 30, 0.748
 29, 50,-1.519
 30, 51, 0.962
 31, 32,-0.338
 31, 34, 0.590
 31, 35,-0.447
 31, 47,-0.515
 31, 55, 0.732
 33, 36,-0.564
 34, 51, 0.468
 35, 55,-1.066
 36, 37, 0.573
 37, 38, 4.677
 37, 57, 0.463
 37, 59,-0.200
 38, 39, 0.897
 38, 60,-1.179
 39, 40,-0.684
 39, 60,-1.484
 40, 41, 2.320
 40, 44,-0.742
 40, 45,-1.180
 40, 46, 1.624
 40, 61, 0.062
 41, 42,-1.408
 41, 43, 0.627
 42, 43,-1.452
 43, 44,-0.165
 43, 48, 0.056
 43, 64, 0.548
 44, 46,-1.255
 44, 66,-0.001
 46, 62,-0.553
 46, 67, 0.745
 47, 51, 0.604
 47, 55, 0.049
 47, 73,-1.363
 48, 49,-0.488
 48, 51,-1.014
 48, 52, 0.919
 48, 64,-1.053
 49, 50,-1.554
 49, 51, 0.226
 50, 51,-1.556
 51, 52, 1.029
 51, 76, 0.569
 52, 65, 0.500
 53, 54,-0.466
 53, 55, 0.086
 53, 56,-0.914
 53, 57, 0.892
 53, 58, 1.207
 53, 71,-0.331
 53, 80, 0.289
 54, 55,-0.682
 54, 72,-0.725
 55, 56,-0.870
 55, 73,-0.545
 57, 59,-0.426
 58, 59, 1.010
 58, 80,-0.274
 58, 81,-0.410
 58,101, 0.439
 59, 60,-0.689
 59, 63,-0.776
 61, 62,-1.115
 61, 63, 0.148
 62, 63, 2.799
 62, 67,-0.093
 62, 85, 1.166
 62,102,-0.389
 63,103, 0.161
 64, 65, 0.210
 64, 66,-1.123
 65, 66, 0.022
 65, 89, 0.973
 66, 67, 0.158
 66, 92,-0.396
 67, 85, 0.223
 67, 93,-1.401
 68, 69,-0.616
 68, 70, 0.519
 68, 72,-1.144
 68, 75, 1.229
 69, 70,-0.670
 70, 71,-1.053
 70, 72, 0.760
 70, 77, 0.192
 70, 88, 0.806
 70, 95, 1.312
 71, 72, 0.105
 71, 80,-0.798
 72, 73, 1.225
 72, 75, 0.281
 73, 74, 1.049
 73, 75,-1.107
 73, 76,-0.725
 74, 75, 0.430
 74, 76, 0.923
 77, 78,-1.667
 77, 79, 1.477
 77, 80,-1.298
 77, 95, 0.077
 77, 97,-0.467
 78, 79,-1.033
 78, 99,-1.045
 79, 80, 1.067
 79,100,-1.699
 80, 81,-0.624
 80,101, 0.527
 81,101,-1.524
 82, 83,-0.243
 82,105,-0.383
 83, 84, 1.473
 83, 85, 1.132
 83, 92, 1.654
 83,106,-1.385
 84, 85, 2.460
 84, 86, 0.722
 85, 86,-0.477
 85, 93,-1.534
 85,102,-0.083
 86,104, 0.017
 87, 88,-1.310
 87, 94,-1.012
 87,107,-1.076
 88, 90,-1.289
 88, 95, 0.480
 89, 90, 2.085
 89, 92, 0.653
 90, 91, 0.685
 90, 92, 0.271
 91, 92,-0.594
 92, 93,-1.455
 94, 95, 1.802
 94, 96,-0.465
 94,107,-0.143
 94,111,-0.075
 95, 96, 0.286
 95, 97,-0.139
 96, 98,-0.182
 96,112,-0.251
 97, 98, 0.304
 97, 99, 0.813
 98, 99,-0.250
 98,112, 0.146
 99,100,-1.698
 99,101, 0.672
100,101,-1.701
102,103,-0.769
102,104,-0.539
103,104, 0.731
105,106,-0.989
105,113,-0.844
107,111,-0.286
108,109, 0.236
108,110, 0.653
108,112,-0.843
109,110, 0.693
109,114, 0.595
109,120, 1.138
110,111, 0.050
110,112, 1.374
110,115, 0.524
111,112, 0.384
111,119,-1.460
114,115, 2.640
114,120,-0.346
114,121, 0.465
115,116, 0.829
115,117,-1.518
115,118, 0.317
115,119,-0.465
116,117,-1.026
120,121, 1.012
  1,  0, 0.349
  5,  0,-0.479
  3,  2, 1.752
  4,  3, 0.314
  7,  6,-1.309
 17,  6, 0.541
  9,  8, 2.121
 11, 10, 0.879
 12, 11, 0.059
 16, 12,-0.463
 16, 15,-0.671
 17, 15, 2.310
 22, 21, 0.380
 23, 21,-0.222
 23, 22,-0.186
 28, 23, 0.992
 36, 24,-1.004
 26, 25, 1.424
 27, 25,-0.213
 27, 26,-0.511
 40, 26, 0.389
 29, 28, 2.147
 49, 28,-0.369
 30, 29, 0.748
 50, 29,-1.519
 51, 30, 0.962
 32, 31,-0.338
 34, 31, 0.590
 35, 31,-0.447
 47, 31,-0.515
 55, 31, 0.732
 36, 33,-0.564
 51, 34, 0.468
 55, 35,-1.066
 37, 36, 0.573
 38, 37, 4.677
 57, 37, 0.463
 59, 37,-0.200
 39, 38, 0.897
 60, 38,-1.179
 40, 39,-0.684
 60, 39,-1.484
 41, 40, 2.320
 44, 40,-0.742
 45, 40,-1.180
 46, 40, 1.624
 61, 40, 0.062
 42, 41,-1.408
 43, 41, 0.627
 43, 42,-1.452
 44, 43,-0.165
 48, 43, 0.056
 64, 43, 0.548
 46, 44,-1.255
 66, 44,-0.001
 62, 46,-0.553
 67, 46, 0.745
 51, 47, 0.604
 55, 47, 0.049
 73, 47,-1.363
 49, 48,-0.488
 51, 48,-1.014
 52, 48, 0.919
 64, 48,-1.053
 50, 49,-1.554
 51, 49, 0.226
 51, 50,-1.556
 52, 51, 1.029
 76, 51, 0.569
 65, 52, 0.500
 54, 53,-0.466
 55, 53, 0.086
 56, 53,-0.914
 57, 53, 0.892
 58, 53, 1.207
 71, 53,-0.331
 80, 53, 0.289
 55, 54,-0.682
 72, 54,-0.725
 56, 55,-0.870
 73, 55,-0.545
 59, 57,-0.426
 59, 58, 1.010
 80, 58,-0.274
 81, 58,-0.410
101, 58, 0.439
 60, 59,-0.689
 63, 59,-0.776
 62, 61,-1.115
 63, 61, 0.148
 63, 62, 2.799
 67, 62,-0.093
 85, 62, 1.166
102, 62,-0.389
103, 63, 0.161
 65, 64, 0.210
 66, 64,-1.123
 66, 65, 0.022
 89, 65, 0.973
 67, 66, 0.158
 92, 66,-0.396
 85, 67, 0.223
 93, 67,-1.401
 69, 68,-0.616
 70, 68, 0.519
 72, 68,-1.144
 75, 68, 1.229
 70, 69,-0.670
 71, 70,-1.053
 72, 70, 0.760
 77, 70, 0.192
 88, 70, 0.806
 95, 70, 1.312
 72, 71, 0.105
 80, 71,-0.798
 73, 72, 1.225
 75, 72, 0.281
 74, 73, 1.049
 75, 73,-1.107
 76, 73,-0.725
 75, 74, 0.430
 76, 74, 0.923
 78, 77,-1.667
 79, 77, 1.477
 80, 77,-1.298
 95, 77, 0.077
 97, 77,-0.467
 79, 78,-1.033
 99, 78,-1.045
 80, 79, 1.067
100, 79,-1.699
 81, 80,-0.624
101, 80, 0.527
101, 81,-1.524
 83, 82,-0.243
105, 82,-0.383
 84, 83, 1.473
 85, 83, 1.132
 92, 83, 1.654
106, 83,-1.385
 85, 84, 2.460
 86, 84, 0.722
 86, 85,-0.477
 93, 85,-1.534
102, 85,-0.083
104, 86, 0.017
 88, 87,-1.310
 94, 87,-1.012
107, 87,-1.076
 90, 88,-1.289
 95, 88, 0.480
 90, 89, 2.085
 92, 89, 0.653
 91, 90, 0.685
 92, 90, 0.271
 92, 91,-0.594
 93, 92,-1.455
 95, 94, 1.802
 96, 94,-0.465
107, 94,-0.143
111, 94,-0.075
 96, 95, 0.286
 97, 95,-0.139
 98, 96,-0.182
112, 96,-0.251
 98, 97, 0.304
 99, 97, 0.813
 99, 98,-0.250
112, 98, 0.146
100, 99,-1.698
101, 99, 0.672
101,100,-1.701
103,102,-0.769
104,102,-0.539
104,103, 0.731
106,105,-0.989
113,105,-0.844
111,107,-0.286
109,108, 0.236
110,108, 0.653
112,108,-0.843
110,109, 0.693
114,109, 0.595
120,109, 1.138
111,110, 0.050
112,110, 1.374
115,110, 0.524
112,111, 0.384
119,111,-1.460
115,114, 2.640
120,114,-0.346
121,114, 0.465
116,115, 0.829
117,115,-1.518
118,115, 0.317
119,115,-0.465
117,116,-1.026
121,120, 1.012
  0,  0, 4.302
  1,  1, 1.422
  2,  2, 4.133
  3,  3, 3.822
  4,  4,-0.022
  5,  5,-1.091
  6,  6, 0.761
  7,  7,-1.085
  8,  8, 2.386
  9,  9, 4.200
 10, 10, 4.065
 11, 11, 1.392
 12, 12, 3.316
 13, 13,-0.960
 14, 14,-0.303
 15, 15, 1.988
 16, 16, 0.336
 17, 17, 5.000
 18, 18,-0.622
 19, 19,-0.346
 20, 20, 0.733
 21, 21, 1.738
 22, 22, 2.454
 23, 23, 1.935
 24, 24, 0.755
 25, 25, 3.952
 26, 26, 2.146
 27, 27, 1.741
 28, 28, 3.273
 29, 29, 3.370
 30, 30, 0.213
 31, 31, 4.402
 32, 32,-0.749
 33, 33, 1.253
 34, 34, 1.989
 35, 35,-0.537
 36, 36, 1.792
 37, 37, 2.523
 38, 38, 3.868
 39, 39, 0.562
 40, 40, 5.000
 41, 41, 2.534
 42, 42,-1.434
 43, 43, 3.564
 44, 44, 0.765
 45, 45,-1.324
 46, 46, 1.017
 47, 47, 0.230
 48, 48, 2.400
 49, 49, 1.143
 50, 50,-1.519
 51, 51, 5.000
 52, 52, 2.343
 53, 53, 3.963
 54, 54,-0.379
 55, 55, 3.209
 56, 56,-0.827
 57, 57, 2.087
 58, 58, 3.948
 59, 59, 3.454
 60, 60,-0.247
 61, 61,-0.288
 62, 62, 2.964
 63, 63, 5.000
 64, 64, 0.421
 65, 65, 2.479
 66, 66, 1.639
 67, 67, 1.868
 68, 68, 2.598
 69, 69,-1.105
 70, 70, 5.000
 71, 71, 0.340
 72, 72, 2.867
 73, 73, 1.259
 74, 74, 4.172
 75, 75, 2.315
 76, 76, 1.962
 77, 77, 0.621
 78, 78,-1.363
 79, 79, 1.203
 80, 80, 2.858
 81, 81,-0.733
 82, 82,-1.183
 83, 83, 3.295
 84, 84, 4.810
 85, 85, 4.877
 86, 86, 2.347
 87, 87,-0.816
 88, 88, 2.659
 89, 89, 3.577
 90, 90, 4.219
 91, 91, 1.001
 92, 92, 3.208
 93, 93,-1.442
 94, 94, 2.246
 95, 95, 3.836
 96, 96, 1.021
 97, 97, 1.366
 98, 98, 2.507
 99, 99, 3.869
100,100,-1.699
101,101, 2.137
102,102, 0.555
103,103, 1.219
104,104, 4.345
105,105, 3.011
106,106,-1.215
107,107, 1.672
108,108, 2.219
109,109, 3.065
110,110, 3.407
111,111, 2.169
112,112, 4.603
113,113, 3.231
114,114, 4.198
115,115, 3.994
116,116, 0.820
117,117,-1.042
118,118, 0.292
119,119,-0.379
120,120, 2.938
121,121, 3.840
