from,to,weight
 0,10,-0.546
 1, 4,-0.982
 1, 7,-0.132
 2, 3,-0.979
 4, 7, 0.052
 8,17, 0.028
 8,28,-0.318
 9,10,-0.534
 9,22,-0.280
11,25,-0.914
12,29,-1.058
13,29, 0.422
14,15, 0.446
14,17, 2.209
14,18,-1.197
15,19, 1.528
16,17,-1.116
16,18,-0.499
16,27,-0.293
17,18, 1.043
17,28,-0.452
18,29,-1.091
20,21, 0.415
20,23, 1.382
22,23, 1.218
22,24,-0.744
23,24,-0.775
26,27, 0.185
26,29,-0.354
27,28, 0.818
27,29, 0.653
30,31,-1.132
30,34, 1.322
30,36,-0.855
30,48, 0.940
32,33, 1.204
32,37,-0.060
32,43,-0.598
33,34, 2.385
34,36,-0.146
35,39, 1.295
35,45, 2.201
38,41,-1.194
38,42,-0.465
39,40,-0.715
39,45, 0.452
40,41, 0.386
41,42,-0.038
41,43, 0.580
43,44,-0.475
49,50,-0.343
49,55, 0.509
50,55,-0.338
50,62,-1.399
51,52, 1.508
51,53,-1.534
51,54, 0.585
52,53, 0.166
52,57,-0.558
52,65, 1.394
53,54, 2.225
53,59, 0.621
53,66, 0.123
54,55, 0.821
54,60,-1.144
55,62, 2.426
56,57, 0.312
56,63,-0.279
57,65, 0.366
58,59, 1.866
58,60,-1.413
58,61, 2.410
58,70, 0.796
59,60,-0.012
59,66, 0.303
59,74,-0.853
60,61,-0.048
60,62,-1.280
61,62, 0.996
63,64,-1.055
63,65,-0.034
63,75,-0.604
64,65, 1.252
64,66,-1.316
64,73,-0.542
64,76, 1.059
65,66, 0.604
66,74,-0.466
68,69,-0.780
69,70, 1.861
69,77, 1.017
70,71,-1.095
70,74, 3.078
70,78, 0.224
71,72,-0.725
71,73,-0.130
71,74, 0.949
71,80, 0.377
72,73,-0.816
72,81,-0.583
73,74, 0.575
73,76, 1.168
73,82,-0.517
75,76, 2.411
76,82, 0.695
76,83,-0.757
77,78,-0.378
80,81, 0.289
81,82, 0.803
82,83,-1.435
82,84, 0.124
10, 0,-0.546
 4, 1,-0.982
 7, 1,-0.132
 3, 2,-0.979
 7, 4, 0.052
17, 8, 0.028
28, 8,-0.318
10, 9,-0.534
22, 9,-0.280
25,11,-0.914
29,12,-1.058
29,13, 0.422
15,14, 0.446
17,14, 2.209
18,14,-1.197
19,15, 1.528
17,16,-1.116
18,16,-0.499
27,16,-0.293
18,17, 1.043
28,17,-0.452
29,18,-1.091
21,20, 0.415
23,20, 1.382
23,22, 1.218
24,22,-0.744
24,23,-0.775
27,26, 0.185
29,26,-0.354
28,27, 0.818
29,27, 0.653
31,30,-1.132
34,30, 1.322
36,30,-0.855
48,30, 0.940
33,32, 1.204
37,32,-0.060
43,32,-0.598
34,33, 2.385
36,34,-0.146
39,35, 1.295
45,35, 2.201
41,38,-1.194
42,38,-0.465
40,39,-0.715
45,39, 0.452
41,40, 0.386
42,41,-0.038
43,41, 0.580
44,43,-0.475
50,49,-0.343
55,49, 0.509
55,50,-0.338
62,50,-1.399
52,51, 1.508
53,51,-1.534
54,51, 0.585
53,52, 0.166
57,52,-0.558
65,52, 1.394
54,53, 2.225
59,53, 0.621
66,53, 0.123
55,54, 0.821
60,54,-1.144
62,55, 2.426
57,56, 0.312
63,56,-0.279
65,57, 0.366
59,58, 1.866
60,58,-1.413
61,58, 2.410
70,58, 0.796
60,59,-0.012
66,59, 0.303
74,59,-0.853
61,60,-0.048
62,60,-1.280
62,61, 0.996
64,63,-1.055
65,63,-0.034
75,63,-0.604
65,64, 1.252
66,64,-1.316
73,64,-0.542
76,64, 1.059
66,65, 0.604
74,66,-0.466
69,68,-0.780
70,69, 1.861
77,69, 1.017
71,70,-1.095
74,70, 3.078
78,70, 0.224
72,71,-0.725
73,71,-0.130
74,71, 0.949
80,71, 0.377
73,72,-0.816
81,72,-0.583
74,73, 0.575
76,73, 1.168
82,73,-0.517
76,75, 2.411
82,76, 0.695
83,76,-0.757
78,77,-0.378
81,80, 0.289
82,81, 0.803
83,82,-1.435
84,82, 0.124
 0, 0, 3.002
 1, 1, 0.243
 2, 2,-0.406
 3, 3, 3.153
 4, 4, 0.745
 5, 5,-0.493
 6, 6,-0.178
 7, 7, 4.056
 8, 8, 1.471
 9, 9,-0.053
10,10, 2.579
11,11,-0.437
12,12,-1.268
13,13, 1.185
14,14, 4.231
15,15, 3.314
16,16,-0.514
17,17, 2.753
18,18, 2.600
19,19, 2.689
20,20, 2.746
21,21, 1.522
22,22, 4.361
23,23, 3.816
24,24,-0.518
25,25, 1.978
26,26,-0.411
27,27, 4.678
28,28, 0.220
29,29, 3.768
30,30, 4.482
31,31,-1.374
32,32, 2.628
33,33, 2.387
34,34, 4.793
35,35, 2.626
36,36, 0.266
37,37, 2.206
38,38, 1.618
39,39, 3.708
40,40, 0.594
41,41, 4.745
42,42,-0.379
43,43, 0.979
44,44,-0.547
45,45, 4.904
46,46, 0.171
47,47, 4.470
48,48, 1.638
49,49, 2.807
50,50, 1.133
51,51, 1.218
52,52, 3.506
53,53, 2.903
54,54, 2.984
55,55, 3.236
56,56, 2.045
57,57, 3.283
58,58, 3.810
59,59, 2.433
60,60, 0.300
61,61, 3.555
62,62, 2.723
63,63, 0.611
64,64, 0.996
65,65, 3.712
66,66, 1.570
67,67,-0.428
68,68, 1.926
69,69, 2.764
70,70, 3.437
71,71, 4.164
72,72,-0.546
73,73, 2.431
74,74, 3.547
75,75, 2.711
76,76, 5.000
77,77, 4.477
78,78, 1.712
79,79, 1.155
80,80, 0.780
81,81, 2.142
82,82, 2.578
83,83,-0.983
84,84, 0.214
