from,to,weight
 0, 9,-1.474
 1, 3,-1.356
 1,29,-0.876
 2, 3,-0.363
 2, 6, 0.311
 2,28,-0.038
 3, 7,-1.054
 3,29,-1.240
 3,31, 0.637
 4, 5, 0.596
 4, 8,-0.472
 4,20, 0.444
 4,26,-1.514
 5, 6,-0.121
 5, 8, 0.393
 5,27, 0.159
 6, 7, 0.424
 6, 8,-1.226
 6,28, 0.800
 7, 8,-0.154
 7,12,-0.093
 7,31,-0.277
 8,13, 0.118
 8,21,-0.482
 9,10,-0.529
 9,11, 0.871
 9,13,-0.390
 9,14, 0.312
 9,30,-0.554
10,11, 1.111
10,13, 0.244
10,15,-0.009
12,13, 1.364
12,14, 0.297
12,31, 0.431
13,14,-1.152
13,21, 0.909
15,16, 0.102
15,20, 0.109
15,21,-1.619
16,17,-0.958
16,18,-0.781
16,20, 0.935
16,22,-0.679
18,19,-1.125
18,20,-1.434
19,20,-0.883
20,21, 0.651
20,26,-0.987
23,24,-0.560
24,25,-0.303
27,28, 0.644
28,29,-0.036
32,35,-1.476
33,37, 0.746
33,42,-0.784
34,35,-0.470
34,39,-0.058
35,36,-1.019
35,37, 1.414
35,39, 0.681
35,41,-1.342
36,37,-0.910
37,42, 1.503
38,48, 1.704
38,49, 1.665
39,40,-1.215
40,43, 0.097
40,51, 0.726
41,42,-1.322
41,43,-1.299
42,43, 0.763
42,44, 1.647
43,44,-0.174
43,51,-0.487
45,48,-1.339
45,53,-1.035
45,55, 0.063
46,47, 2.082
47,48, 1.267
48,49, 1.238
48,56, 0.213
49,50, 1.973
49,56,-0.731
52,53, 1.202
52,60, 1.646
53,54, 0.641
53,55,-1.417
53,61,-0.112
55,56, 0.084
55,57,-1.577
55,58, 0.982
55,61, 1.731
56,57,-1.578
56,58, 0.516
57,58,-1.691
58,62,-0.388
58,64, 1.123
59,60, 1.886
59,61, 1.798
60,61, 0.855
60,66, 2.510
60,69,-0.653
61,62,-0.514
63,64,-0.511
63,65,-1.124
64,65,-0.049
66,69,-0.834
67,68,-0.919
 9, 0,-1.474
 3, 1,-1.356
29, 1,-0.876
 3, 2,-0.363
 6, 2, 0.311
28, 2,-0.038
 7, 3,-1.054
29, 3,-1.240
31, 3, 0.637
 5, 4, 0.596
 8, 4,-0.472
20, 4, 0.444
26, 4,-1.514
 6, 5,-0.121
 8, 5, 0.393
27, 5, 0.159
 7, 6, 0.424
 8, 6,-1.226
28, 6, 0.800
 8, 7,-0.154
12, 7,-0.093
31, 7,-0.277
13, 8, 0.118
21, 8,-0.482
10, 9,-0.529
11, 9, 0.871
13, 9,-0.390
14, 9, 0.312
30, 9,-0.554
11,10, 1.111
13,10, 0.244
15,10,-0.009
13,12, 1.364
14,12, 0.297
31,12, 0.431
14,13,-1.152
21,13, 0.909
16,15, 0.102
20,15, 0.109
21,15,-1.619
17,16,-0.958
18,16,-0.781
20,16, 0.935
22,16,-0.679
19,18,-1.125
20,18,-1.434
20,19,-0.883
21,20, 0.651
26,20,-0.987
24,23,-0.560
25,24,-0.303
28,27, 0.644
29,28,-0.036
35,32,-1.476
37,33, 0.746
42,33,-0.784
35,34,-0.470
39,34,-0.058
36,35,-1.019
37,35, 1.414
39,35, 0.681
41,35,-1.342
37,36,-0.910
42,37, 1.503
48,38, 1.704
49,38, 1.665
40,39,-1.215
43,40, 0.097
51,40, 0.726
42,41,-1.322
43,41,-1.299
43,42, 0.763
44,42, 1.647
44,43,-0.174
51,43,-0.487
48,45,-1.339
53,45,-1.035
55,45, 0.063
47,46, 2.082
48,47, 1.267
49,48, 1.238
56,48, 0.213
50,49, 1.973
56,49,-0.731
53,52, 1.202
60,52, 1.646
54,53, 0.641
55,53,-1.417
61,53,-0.112
56,55, 0.084
57,55,-1.577
58,55, 0.982
61,55, 1.731
57,56,-1.578
58,56, 0.516
58,57,-1.691
62,58,-0.388
64,58, 1.123
60,59, 1.886
61,59, 1.798
61,60, 0.855
66,60, 2.510
69,60,-0.653
62,61,-0.514
64,63,-0.511
65,63,-1.124
65,64,-0.049
69,66,-0.834
68,67,-0.919
 0, 0,-1.406
 1, 1,-0.178
 2, 2, 0.464
 3, 3, 0.139
 4, 4, 1.643
 5, 5, 2.013
 6, 6, 2.122
 7, 7, 1.092
 8, 8, 1.865
 9, 9, 4.017
10,10, 1.194
11,11, 3.569
12,12, 2.495
13,13, 2.911
14,14, 0.070
15,15, 0.687
16,16, 3.665
17,17,-0.909
18,18,-0.864
19,19,-0.747
20,20, 3.603
21,21, 0.797
22,22,-0.762
23,23, 2.362
24,24, 1.014
25,25, 1.081
26,26,-1.248
27,27, 0.880
28,28, 5.000
29,29,-0.152
30,30,-0.316
31,31, 4.569
32,32,-1.249
33,33, 3.028
34,34, 0.885
35,35, 3.923
36,36,-0.806
37,37, 3.471
38,38, 1.392
39,39, 2.857
40,40, 1.669
41,41,-0.853
42,42, 3.826
43,43, 2.842
44,44, 3.830
45,45, 0.335
46,46, 4.076
47,47, 4.997
48,48, 4.732
49,49, 4.045
50,50, 2.946
51,51, 4.401
52,52, 2.792
53,53, 2.602
54,54, 0.846
55,55, 2.534
56,56, 1.684
57,57,-1.635
58,58, 3.693
59,59, 2.001
60,60, 5.000
61,61, 3.519
62,62,-0.301
63,63,-0.452
64,64, 3.970
65,65, 0.462
66,66, 4.217
67,67, 1.908
68,68, 2.426
69,69,-0.228
