from,to,weight
 1,28,-1.560
 1,34,-1.579
 2,29,-0.903
 3, 4, 0.686
 3, 6,-0.535
 3,50,-0.089
 4, 5, 0.713
 4, 7,-1.208
 5, 8,-0.186
 5, 9,-0.706
 6, 7,-0.923
 6, 8, 0.760
 6,47, 1.257
 6,50,-0.628
 7, 8,-0.979
 8, 9, 1.040
 8,12, 0.065
 8,15,-0.469
 9,10, 0.366
 9,12,-0.080
10,11,-0.413
10,13, 0.591
11,14,-1.154
12,13,-1.075
12,15, 0.173
13,14, 0.483
13,16, 1.114
13,21,-0.496
15,16, 1.050
15,20,-0.624
16,20, 1.662
16,21, 0.604
17,18,-0.075
17,19,-1.031
17,20, 0.818
17,41, 0.572
18,19,-0.760
18,20,-1.316
18,25, 0.778
18,43,-0.920
19,20,-0.461
20,22,-1.199
20,27, 0.850
21,22,-0.272
22,27,-0.219
23,25,-0.083
23,30,-0.170
23,43,-1.349
24,26,-0.200
24,27,-0.812
25,26, 2.430
25,27,-1.456
25,28, 1.559
25,30,-0.976
25,34,-1.185
25,43, 0.711
26,27, 0.864
26,29,-0.750
28,34, 1.384
30,34, 1.504
30,38,-0.235
30,40,-1.212
30,43, 0.741
31,32, 1.037
31,33, 1.859
32,33, 0.943
32,34, 0.520
32,35,-0.363
33,34, 0.838
34,38,-1.470
35,51, 0.056
37,38,-0.987
37,39, 0.380
38,40,-0.900
39,40,-1.218
39,42, 0.858
40,43,-0.918
41,42, 1.456
41,43,-0.423
41,46, 1.865
42,43, 1.730
44,45, 0.355
44,48, 2.502
45,47, 0.515
45,49,-1.222
47,49, 0.713
47,50, 0.543
48,49,-0.039
49,50,-0.842
28, 1,-1.560
34, 1,-1.579
29, 2,-0.903
 4, 3, 0.686
 6, 3,-0.535
50, 3,-0.089
 5, 4, 0.713
 7, 4,-1.208
 8, 5,-0.186
 9, 5,-0.706
 7, 6,-0.923
 8, 6, 0.760
47, 6, 1.257
50, 6,-0.628
 8, 7,-0.979
 9, 8, 1.040
12, 8, 0.065
15, 8,-0.469
10, 9, 0.366
12, 9,-0.080
11,10,-0.413
13,10, 0.591
14,11,-1.154
13,12,-1.075
15,12, 0.173
14,13, 0.483
16,13, 1.114
21,13,-0.496
16,15, 1.050
20,15,-0.624
20,16, 1.662
21,16, 0.604
18,17,-0.075
19,17,-1.031
20,17, 0.818
41,17, 0.572
19,18,-0.760
20,18,-1.316
25,18, 0.778
43,18,-0.920
20,19,-0.461
22,20,-1.199
27,20, 0.850
22,21,-0.272
27,22,-0.219
25,23,-0.083
30,23,-0.170
43,23,-1.349
26,24,-0.200
27,24,-0.812
26,25, 2.430
27,25,-1.456
28,25, 1.559
30,25,-0.976
34,25,-1.185
43,25, 0.711
27,26, 0.864
29,26,-0.750
34,28, 1.384
34,30, 1.504
38,30,-0.235
40,30,-1.212
43,30, 0.741
32,31, 1.037
33,31, 1.859
33,32, 0.943
34,32, 0.520
35,32,-0.363
34,33, 0.838
38,34,-1.470
51,35, 0.056
38,37,-0.987
39,37, 0.380
40,38,-0.900
40,39,-1.218
42,39, 0.858
43,40,-0.918
42,41, 1.456
43,41,-0.423
46,41, 1.865
43,42, 1.730
45,44, 0.355
48,44, 2.502
47,45, 0.515
49,45,-1.222
49,47, 0.713
50,47, 0.543
49,48,-0.039
50,49,-0.842
 0, 0, 0.454
 1, 1,-1.552
 2, 2, 0.140
 3, 3, 0.659
 4, 4, 2.170
 5, 5,-0.102
 6, 6, 2.369
 7, 7,-1.008
 8, 8, 3.412
 9, 9, 3.956
10,10, 0.891
11,11,-0.315
12,12, 0.464
13,13, 2.837
14,14, 1.629
15,15, 2.129
16,16, 2.571
17,17, 1.721
18,18, 1.164
19,19,-0.711
20,20, 3.617
21,21, 2.329
22,22, 0.017
23,23,-0.338
24,24,-0.290
25,25, 4.842
26,26, 4.221
27,27, 2.562
28,28, 1.474
29,29, 1.971
30,30, 2.461
31,31, 3.019
32,32, 4.768
33,33, 3.411
34,34, 4.064
35,35, 0.694
36,36,-1.615
37,37, 0.235
38,38, 0.150
39,39, 4.058
40,40,-0.606
41,41, 3.555
42,42, 2.825
43,43, 2.815
44,44, 4.504
45,45, 0.443
46,46, 3.704
47,47, 3.939
48,48, 5.000
49,49, 1.522
50,50, 2.937
51,51, 1.976
