from,to,weight
 0, 9,-1.081
 1,30,-1.093
 2, 3,-0.189
 2, 4,-0.018
 2, 5, 0.672
 3, 4, 0.731
 4, 5, 0.904
 4, 6, 3.756
 6, 7, 0.359
 6, 8, 0.607
 9,11, 1.158
 9,13,-0.898
 9,28,-0.930
10,11, 0.078
10,12, 0.428
10,15,-0.498
10,26,-0.173
11,13,-0.437
11,27,-0.142
11,28, 1.057
12,13, 0.054
12,14, 0.472
12,15, 2.231
15,19,-0.547
15,26, 0.834
16,17, 2.227
16,20, 0.983
18,19, 0.554
18,21, 0.165
19,22,-1.134
19,26,-0.432
20,24, 0.408
20,25,-1.370
21,22,-1.385
21,23,-0.182
22,23,-1.412
22,26,-1.005
23,24, 0.785
23,27, 0.876
23,28,-0.431
24,25,-1.186
24,29,-0.476
24,31, 1.849
26,27, 1.599
27,28, 1.234
28,29, 1.905
28,30,-0.372
29,30, 0.280
29,31,-0.386
31,32, 0.745
 9, 0,-1.081
30, 1,-1.093
 3, 2,-0.189
 4, 2,-0.018
 5, 2, 0.672
 4, 3, 0.731
 5, 4, 0.904
 6, 4, 3.756
 7, 6, 0.359
 8, 6, 0.607
11, 9, 1.158
13, 9,-0.898
28, 9,-0.930
11,10, 0.078
12,10, 0.428
15,10,-0.498
26,10,-0.173
13,11,-0.437
27,11,-0.142
28,11, 1.057
13,12, 0.054
14,12, 0.472
15,12, 2.231
19,15,-0.547
26,15, 0.834
17,16, 2.227
20,16, 0.983
19,18, 0.554
21,18, 0.165
22,19,-1.134
26,19,-0.432
24,20, 0.408
25,20,-1.370
22,21,-1.385
23,21,-0.182
23,22,-1.412
26,22,-1.005
24,23, 0.785
27,23, 0.876
28,23,-0.431
25,24,-1.186
29,24,-0.476
31,24, 1.849
27,26, 1.599
28,27, 1.234
29,28, 1.905
30,28,-0.372
30,29, 0.280
31,29,-0.386
32,31, 0.745
 0, 0, 1.268
 1, 1, 3.301
 2, 2, 2.659
 3, 3, 0.800
 4, 4, 3.442
 5, 5, 3.064
 6, 6, 5.000
 7, 7,-0.315
 8, 8,-0.017
 9, 9, 1.825
10,10, 0.923
11,11, 2.998
12,12, 5.000
13,13, 1.463
14,14, 3.456
15,15, 5.000
16,16, 4.947
17,17, 3.943
18,18, 2.115
19,19, 0.598
20,20, 2.739
21,21, 0.190
22,22,-0.964
23,23, 1.788
24,24, 3.560
25,25,-1.245
26,26, 2.565
27,27, 2.315
28,28, 4.119
29,29, 1.915
30,30, 2.719
31,31, 2.440
32,32, 0.832
