from,to,weight
  1, 17,-0.324
  1, 19,-0.137
  2,  3, 1.285
  2,  5, 1.780
  6,  7, 0.550
  6,  8, 0.146
  6, 15, 0.361
  6, 24,-1.135
  7,  8,-0.786
  7, 25,-0.309
  7, 32,-0.174
  7, 36,-0.886
  8, 11, 2.031
  9, 11,-0.146
  9, 13, 0.308
  9, 14,-0.087
 10, 11,-0.036
 10, 12,-1.582
 11, 12,-0.142
 13, 14, 0.635
 15, 24, 1.295
 16, 17,-1.576
 16, 18,-1.364
 16, 19,-0.774
 17, 18,-1.433
 18, 19, 0.517
 18, 38, 0.497
 19, 21, 0.290
 20, 22,-0.998
 22, 23,-0.769
 24, 25, 0.588
 24, 26,-1.488
 24, 28, 0.932
 24, 29,-0.146
 24, 30,-0.848
 25, 32, 0.618
 26, 29,-1.076
 26, 34,-1.020
 27, 28, 0.590
 27, 29,-0.290
 28, 29, 0.776
 29, 35, 0.454
 30, 32,-1.667
 30, 34,-1.071
 31, 32,-0.080
 31, 33,-0.997
 31, 34,-0.311
 32, 33, 0.126
 32, 34,-1.484
 32, 36,-0.904
 33, 34, 1.221
 33, 37, 2.632
 34, 35, 0.893
 37, 38,-0.931
 37, 39, 1.281
 38, 39, 1.160
 40, 42,-1.266
 40, 46,-0.456
 41, 42, 2.107
 41, 45, 0.443
 42, 46,-0.309
 43, 48, 1.296
 44, 45,-0.196
 44, 46,-1.287
 44, 47,-1.162
 45, 46, 1.336
 46, 47, 1.052
 48, 51,-0.592
 48, 52, 1.955
 49, 50,-1.216
 49, 51,-0.469
 50, 51,-0.893
 50, 56,-0.639
 51, 52,-0.215
 51, 57, 0.717
 52, 53, 1.720
 52, 57, 0.491
 53, 54, 0.318
 53, 58, 0.008
 54, 55,-0.684
 54, 58,-0.666
 55, 60, 1.325
 55, 61, 1.340
 56, 57, 1.164
 56, 58,-1.101
 56, 65, 0.560
 56, 67,-0.364
 57, 58, 0.355
 58, 59,-1.081
 58, 60,-0.035
 58, 69, 0.121
 59, 60,-1.208
 59, 70,-1.194
 60, 61,-1.232
 60, 72, 0.236
 61, 62, 0.850
 61, 72, 0.448
 62, 73,-0.693
 62, 75, 1.811
 63, 64, 1.072
 63, 65,-0.061
 64, 65, 0.192
 64, 66,-0.992
 64, 80, 0.683
 65, 66,-1.290
 65, 67,-0.264
 67, 68,-0.153
 67, 69,-0.671
 68, 69,-0.097
 68, 70,-0.360
 68, 71,-0.564
 68, 81, 0.073
 69, 70, 0.219
 70, 71, 1.854
 70, 72, 2.301
 70, 89,-1.196
 71, 83, 0.261
 71, 90, 1.610
 72, 73,-0.002
 72, 92, 0.365
 73, 75,-1.018
 73, 93,-1.084
 74, 76, 1.050
 74, 77, 0.256
 74,100,-0.583
 75, 76, 0.867
 75, 93,-0.525
 76, 94, 1.706
 76,102, 0.093
 77,100, 0.080
 79, 80,-0.841
 80, 81, 2.371
 80, 85,-1.175
 80, 86, 1.326
 80, 87,-1.663
 80, 88,-0.746
 80,104, 1.063
 81, 82, 0.032
 81, 83,-0.129
 81, 85, 0.188
 81, 86,-1.695
 82, 83,-0.114
 82, 85,-0.824
 83, 84,-0.445
 83, 85,-0.772
 83, 90,-0.121
 83,108, 0.242
 84, 85, 0.077
 84, 87,-0.994
 84,110, 0.225
 85, 86,-0.023
 85, 87, 0.420
 86, 87,-0.337
 87, 88,-0.811
 87,105,-0.050
 87,111, 1.208
 88,106,-1.620
 89, 90,-0.562
 89, 92,-0.790
 90, 91,-1.262
 90, 92,-1.373
 90, 95,-0.504
 90, 96, 2.861
 90,108,-0.727
 91, 92,-1.264
 91, 95,-1.634
 92, 93, 0.238
 92, 94,-1.521
 92, 95, 0.160
 93, 94, 0.318
 94, 95, 0.028
 94, 96, 0.924
 94,102,-0.103
 94,115, 0.228
 95, 96,-0.896
 96,109, 1.115
 96,117, 0.864
 97, 98,-1.507
 97, 99, 0.114
 97,113, 0.574
 97,120,-0.630
 98, 99, 0.241
 98,100, 0.264
 98,103, 1.276
 98,122,-0.426
 99,100, 0.543
100,101,-1.701
100,102, 0.915
101,102,-1.282
101,114,-1.343
102,115,-0.151
103,122, 0.148
103,123,-0.536
103,141, 1.251
104,106, 0.368
105,106, 3.242
105,107,-1.505
105,111, 0.872
105,126, 1.801
105,142,-0.982
106,107,-1.568
106,143,-0.787
107,144,-1.419
108,109,-0.414
108,110,-0.519
109,110, 0.187
109,117,-0.763
109,128, 0.081
110,111, 1.136
110,132, 0.934
111,126,-0.150
111,133,-1.603
112,113,-1.559
112,134,-1.500
113,114, 1.266
113,120, 1.139
113,135, 0.554
114,115, 2.715
114,116,-1.305
115,116, 0.648
115,117,-0.061
116,117, 0.872
116,118,-1.140
117,118,-1.082
117,119, 3.181
117,128, 0.234
118,119,-0.546
119,129,-1.637
120,121, 0.544
120,122,-0.400
120,135,-0.057
120,137, 0.345
121,122, 0.274
121,140,-1.131
122,123,-0.532
122,141,-0.458
123,141,-1.083
124,125, 0.358
124,126, 0.108
124,132, 1.498
125,126, 2.295
125,127, 0.868
126,127, 0.419
126,133,-1.627
126,142,-1.392
127,144, 0.504
127,145, 1.008
128,129, 1.604
128,130,-1.573
128,132,-0.130
129,130,-1.584
129,131, 0.334
129,132, 0.671
130,132,-1.561
131,132, 1.248
132,133,-1.613
134,135, 2.211
134,136,-1.433
134,148, 2.182
135,136,-1.132
135,137,-0.391
136,138,-1.155
136,150,-1.431
137,138, 1.700
137,139, 0.719
137,140,-0.470
138,139,-1.050
138,150, 1.321
139,140,-0.078
139,141,-0.026
140,141, 0.208
142,144,-0.949
143,144,-0.128
144,145,-0.175
147,148,-0.477
147,149,-1.007
147,150, 1.020
147,152, 1.328
148,149,-0.977
148,150, 0.668
151,152, 0.016
151,154,-0.051
152,155,-1.490
154,155, 0.127
154,156, 0.816
 17,  1,-0.324
 19,  1,-0.137
  3,  2, 1.285
  5,  2, 1.780
  7,  6, 0.550
  8,  6, 0.146
 15,  6, 0.361
 24,  6,-1.135
  8,  7,-0.786
 25,  7,-0.309
 32,  7,-0.174
 36,  7,-0.886
 11,  8, 2.031
 11,  9,-0.146
 13,  9, 0.308
 14,  9,-0.087
 11, 10,-0.036
 12, 10,-1.582
 12, 11,-0.142
 14, 13, 0.635
 24, 15, 1.295
 17, 16,-1.576
 18, 16,-1.364
 19, 16,-0.774
 18, 17,-1.433
 19, 18, 0.517
 38, 18, 0.497
 21, 19, 0.290
 22, 20,-0.998
 23, 22,-0.769
 25, 24, 0.588
 26, 24,-1.488
 28, 24, 0.932
 29, 24,-0.146
 30, 24,-0.848
 32, 25, 0.618
 29, 26,-1.076
 34, 26,-1.020
 28, 27, 0.590
 29, 27,-0.290
 29, 28, 0.776
 35, 29, 0.454
 32, 30,-1.667
 34, 30,-1.071
 32, 31,-0.080
 33, 31,-0.997
 34, 31,-0.311
 33, 32, 0.126
 34, 32,-1.484
 36, 32,-0.904
 34, 33, 1.221
 37, 33, 2.632
 35, 34, 0.893
 38, 37,-0.931
 39, 37, 1.281
 39, 38, 1.160
 42, 40,-1.266
 46, 40,-0.456
 42, 41, 2.107
 45, 41, 0.443
 46, 42,-0.309
 48, 43, 1.296
 45, 44,-0.196
 46, 44,-1.287
 47, 44,-1.162
 46, 45, 1.336
 47, 46, 1.052
 51, 48,-0.592
 52, 48, 1.955
 50, 49,-1.216
 51, 49,-0.469
 51, 50,-0.893
 56, 50,-0.639
 52, 51,-0.215
 57, 51, 0.717
 53, 52, 1.720
 57, 52, 0.491
 54, 53, 0.318
 58, 53, 0.008
 55, 54,-0.684
 58, 54,-0.666
 60, 55, 1.325
 61, 55, 1.340
 57, 56, 1.164
 58, 56,-1.101
 65, 56, 0.560
 67, 56,-0.364
 58, 57, 0.355
 59, 58,-1.081
 60, 58,-0.035
 69, 58, 0.121
 60, 59,-1.208
 70, 59,-1.194
 61, 60,-1.232
 72, 60, 0.236
 62, 61, 0.850
 72, 61, 0.448
 73, 62,-0.693
 75, 62, 1.811
 64, 63, 1.072
 65, 63,-0.061
 65, 64, 0.192
 66, 64,-0.992
 80, 64, 0.683
 66, 65,-1.290
 67, 65,-0.264
 68, 67,-0.153
 69, 67,-0.671
 69, 68,-0.097
 70, 68,-0.360
 71, 68,-0.564
 81, 68, 0.073
 70, 69, 0.219
 71, 70, 1.854
 72, 70, 2.301
 89, 70,-1.196
 83, 71, 0.261
 90, 71, 1.610
 73, 72,-0.002
 92, 72, 0.365
 75, 73,-1.018
 93, 73,-1.084
 76, 74, 1.050
 77, 74, 0.256
100, 74,-0.583
 76, 75, 0.867
 93, 75,-0.525
 94, 76, 1.706
102, 76, 0.093
100, 77, 0.080
 80, 79,-0.841
 81, 80, 2.371
 85, 80,-1.175
 86, 80, 1.326
 87, 80,-1.663
 88, 80,-0.746
104, 80, 1.063
 82, 81, 0.032
 83, 81,-0.129
 85, 81, 0.188
 86, 81,-1.695
 83, 82,-0.114
 85, 82,-0.824
 84, 83,-0.445
 85, 83,-0.772
 90, 83,-0.121
108, 83, 0.242
 85, 84, 0.077
 87, 84,-0.994
110, 84, 0.225
 86, 85,-0.023
 87, 85, 0.420
 87, 86,-0.337
 88, 87,-0.811
105, 87,-0.050
111, 87, 1.208
106, 88,-1.620
 90, 89,-0.562
 92, 89,-0.790
 91, 90,-1.262
 92, 90,-1.373
 95, 90,-0.504
 96, 90, 2.861
108, 90,-0.727
 92, 91,-1.264
 95, 91,-1.634
 93, 92, 0.238
 94, 92,-1.521
 95, 92, 0.160
 94, 93, 0.318
 95, 94, 0.028
 96, 94, 0.924
102, 94,-0.103
115, 94, 0.228
 96, 95,-0.896
109, 96, 1.115
117, 96, 0.864
 98, 97,-1.507
 99, 97, 0.114
113, 97, 0.574
120, 97,-0.630
 99, 98, 0.241
100, 98, 0.264
103, 98, 1.276
122, 98,-0.426
100, 99, 0.543
101,100,-1.701
102,100, 0.915
102,101,-1.282
114,101,-1.343
115,102,-0.151
122,103, 0.148
123,103,-0.536
141,103, 1.251
106,104, 0.368
106,105, 3.242
107,105,-1.505
111,105, 0.872
126,105, 1.801
142,105,-0.982
107,106,-1.568
143,106,-0.787
144,107,-1.419
109,108,-0.414
110,108,-0.519
110,109, 0.187
117,109,-0.763
128,109, 0.081
111,110, 1.136
132,110, 0.934
126,111,-0.150
133,111,-1.603
113,112,-1.559
134,112,-1.500
114,113, 1.266
120,113, 1.139
135,113, 0.554
115,114, 2.715
116,114,-1.305
116,115, 0.648
117,115,-0.061
117,116, 0.872
118,116,-1.140
118,117,-1.082
119,117, 3.181
128,117, 0.234
119,118,-0.546
129,119,-1.637
121,120, 0.544
122,120,-0.400
135,120,-0.057
137,120, 0.345
122,121, 0.274
140,121,-1.131
123,122,-0.532
141,122,-0.458
141,123,-1.083
125,124, 0.358
126,124, 0.108
132,124, 1.498
126,125, 2.295
127,125, 0.868
127,126, 0.419
133,126,-1.627
142,126,-1.392
144,127, 0.504
145,127, 1.008
129,128, 1.604
130,128,-1.573
132,128,-0.130
130,129,-1.584
131,129, 0.334
132,129, 0.671
132,130,-1.561
132,131, 1.248
133,132,-1.613
135,134, 2.211
136,134,-1.433
148,134, 2.182
136,135,-1.132
137,135,-0.391
138,136,-1.155
150,136,-1.431
138,137, 1.700
139,137, 0.719
140,137,-0.470
139,138,-1.050
150,138, 1.321
140,139,-0.078
141,139,-0.026
141,140, 0.208
144,142,-0.949
144,143,-0.128
145,144,-0.175
148,147,-0.477
149,147,-1.007
150,147, 1.020
152,147, 1.328
149,148,-0.977
150,148, 0.668
152,151, 0.016
154,151,-0.051
155,152,-1.490
155,154, 0.127
156,154, 0.816
  0,  0, 0.832
  1,  1, 4.472
  2,  2, 2.786
  3,  3, 1.797
  4,  4, 0.589
  5,  5, 2.736
  6,  6, 1.576
  7,  7, 3.664
  8,  8, 1.596
  9,  9, 1.961
 10, 10,-0.545
 11, 11, 5.000
 12, 12, 1.394
 13, 13, 2.230
 14, 14, 2.885
 15, 15, 3.659
 16, 16,-0.398
 17, 17, 0.748
 18, 18, 1.045
 19, 19, 3.617
 20, 20,-0.980
 21, 21, 1.488
 22, 22, 3.115
 23, 23, 0.465
 24, 24, 3.534
 25, 25, 0.767
 26, 26,-1.261
 27, 27, 2.191
 28, 28, 3.441
 29, 29, 2.322
 30, 30,-1.232
 31, 31,-0.480
 32, 32, 2.620
 33, 33, 3.938
 34, 34, 3.741
 35, 35, 0.745
 36, 36,-1.216
 37, 37, 4.092
 38, 38, 1.975
 39, 39, 3.338
 40, 40,-0.316
 41, 41, 3.771
 42, 42, 2.828
 43, 43, 1.660
 44, 44, 0.665
 45, 45, 2.421
 46, 46, 3.359
 47, 47, 1.229
 48, 48, 2.867
 49, 49,-0.358
 50, 50,-0.195
 51, 51, 3.656
 52, 52, 3.131
 53, 53, 3.658
 54, 54, 0.612
 55, 55, 4.632
 56, 56, 2.267
 57, 57, 2.508
 58, 58, 2.616
 59, 59,-1.025
 60, 60, 1.725
 61, 61, 2.323
 62, 62, 2.782
 63, 63, 2.956
 64, 64, 2.964
 65, 65, 2.702
 66, 66,-1.026
 67, 67, 0.753
 68, 68, 2.334
 69, 69, 1.084
 70, 70, 3.257
 71, 71, 2.267
 72, 72, 3.346
 73, 73,-0.097
 74, 74, 1.889
 75, 75, 2.672
 76, 76, 4.584
 77, 77, 1.529
 78, 78, 2.760
 79, 79,-1.153
 80, 80, 5.000
 81, 81, 3.361
 82, 82, 0.129
 83, 83, 3.196
 84, 84, 0.746
 85, 85, 2.458
 86, 86,-0.868
 87, 87, 2.551
 88, 88,-1.261
 89, 89,-0.702
 90, 90, 3.581
 91, 91,-1.460
 92, 92, 1.838
 93, 93, 0.209
 94, 94, 4.119
 95, 95, 0.637
 96, 96, 3.365
 97, 97, 0.357
 98, 98, 2.488
 99, 99, 0.956
100,100, 3.270
101,101,-1.202
102,102, 1.905
103,103, 5.000
104,104, 0.396
105,105, 3.841
106,106, 4.548
107,107,-1.508
108,108, 0.675
109,109, 2.187
110,110, 2.684
111,111, 2.597
112,112,-1.485
113,113, 4.394
114,114, 3.842
115,115, 2.603
116,116, 2.301
117,117, 3.552
118,118,-0.318
119,119, 4.144
120,120, 3.070
121,121, 0.165
122,122, 2.191
123,123,-0.498
124,124, 1.308
125,125, 4.901
126,126, 4.183
127,127, 2.952
128,128, 2.367
129,129, 2.950
130,130,-1.546
131,131, 3.348
132,132, 4.169
133,133,-1.601
134,134, 1.757
135,135, 2.453
136,136,-1.018
137,137, 2.368
138,138, 3.478
139,139, 3.698
140,140, 0.314
141,141, 2.636
142,142,-1.109
143,143,-0.355
144,144, 3.871
145,145, 2.014
146,146, 0.308
147,147, 3.604
148,148, 5.000
149,149,-1.214
150,150, 2.580
151,151, 0.775
152,152, 1.926
153,153, 1.179
154,154, 5.000
155,155, 0.315
156,156, 1.379
