from,to,weight
 0, 1,-0.276
 0, 2,-0.738
 0, 5, 0.059
 0,13,-1.458
 0,17, 2.435
 1,48, 0.217
 2, 5, 0.833
 2,17, 0.680
 3, 4, 2.437
 4, 5, 2.950
 6, 9, 0.343
 6,43,-0.035
 7, 8, 3.622
 7,16, 0.513
 7,18, 0.937
 7,22,-0.978
 7,23,-1.258
 8, 9, 1.803
 8,10, 1.104
 9,11, 1.036
 9,43,-0.868
10,11, 0.687
12,13,-0.514
12,17,-1.178
13,14, 1.084
13,17, 2.298
15,19,-0.137
16,18,-1.568
16,22,-0.282
18,22, 0.891
19,20, 2.329
19,38,-1.225
19,48, 0.893
19,53, 2.166
20,22, 2.490
21,22,-0.352
22,23,-0.549
24,25,-0.561
24,26,-0.552
24,49,-0.698
25,26,-0.895
25,31, 0.654
25,34,-1.617
25,37,-0.701
26,27,-0.779
26,32, 2.131
26,51, 1.507
27,52,-0.771
28,30, 1.978
28,31, 1.410
29,32, 0.539
31,34, 1.391
32,33,-1.198
32,65, 1.179
33,66,-1.481
34,37,-0.999
35,36,-0.406
35,39, 0.961
36,37,-1.366
36,39, 1.165
36,49, 0.753
38,39,-1.409
38,53,-1.226
39,40, 0.893
39,54,-0.294
40,41,-0.500
40,42,-0.683
44,46,-0.735
44,65, 0.653
46,66, 0.513
47,64,-1.273
48,53, 0.518
49,50,-0.400
49,51, 0.617
49,52, 0.445
49,53, 0.995
49,54,-0.677
50,51,-1.611
50,52,-0.871
51,52, 2.301
51,55,-1.677
52,53,-1.441
52,59, 2.132
53,54,-1.023
53,61, 2.555
55,59,-0.707
56,57,-1.443
56,58, 2.406
56,59, 1.732
57,58,-0.193
57,59,-0.217
58,59,-1.130
58,60, 2.789
58,62,-0.948
59,60, 1.474
59,61,-0.120
60,61, 1.133
63,64, 0.444
65,66, 0.688
 1, 0,-0.276
 2, 0,-0.738
 5, 0, 0.059
13, 0,-1.458
17, 0, 2.435
48, 1, 0.217
 5, 2, 0.833
17, 2, 0.680
 4, 3, 2.437
 5, 4, 2.950
 9, 6, 0.343
43, 6,-0.035
 8, 7, 3.622
16, 7, 0.513
18, 7, 0.937
22, 7,-0.978
23, 7,-1.258
 9, 8, 1.803
10, 8, 1.104
11, 9, 1.036
43, 9,-0.868
11,10, 0.687
13,12,-0.514
17,12,-1.178
14,13, 1.084
17,13, 2.298
19,15,-0.137
18,16,-1.568
22,16,-0.282
22,18, 0.891
20,19, 2.329
38,19,-1.225
48,19, 0.893
53,19, 2.166
22,20, 2.490
22,21,-0.352
23,22,-0.549
25,24,-0.561
26,24,-0.552
49,24,-0.698
26,25,-0.895
31,25, 0.654
34,25,-1.617
37,25,-0.701
27,26,-0.779
32,26, 2.131
51,26, 1.507
52,27,-0.771
30,28, 1.978
31,28, 1.410
32,29, 0.539
34,31, 1.391
33,32,-1.198
65,32, 1.179
66,33,-1.481
37,34,-0.999
36,35,-0.406
39,35, 0.961
37,36,-1.366
39,36, 1.165
49,36, 0.753
39,38,-1.409
53,38,-1.226
40,39, 0.893
54,39,-0.294
41,40,-0.500
42,40,-0.683
46,44,-0.735
65,44, 0.653
66,46, 0.513
64,47,-1.273
53,48, 0.518
50,49,-0.400
51,49, 0.617
52,49, 0.445
53,49, 0.995
54,49,-0.677
51,50,-1.611
52,50,-0.871
52,51, 2.301
55,51,-1.677
53,52,-1.441
59,52, 2.132
54,53,-1.023
61,53, 2.555
59,55,-0.707
57,56,-1.443
58,56, 2.406
59,56, 1.732
58,57,-0.193
59,57,-0.217
59,58,-1.130
60,58, 2.789
62,58,-0.948
60,59, 1.474
61,59,-0.120
61,60, 1.133
64,63, 0.444
66,65, 0.688
 0, 0, 3.340
 1, 1, 1.183
 2, 2, 1.575
 3, 3, 3.058
 4, 4, 4.382
 5, 5, 3.842
 6, 6, 0.708
 7, 7, 3.947
 8, 8, 2.306
 9, 9, 3.684
10,10, 1.470
11,11, 5.000
12,12,-0.187
13,13, 3.059
14,14, 0.610
15,15,-0.402
16,16, 1.643
17,17, 5.000
18,18, 0.210
19,19, 4.724
20,20, 2.726
21,21,-0.543
22,22, 3.638
23,23,-0.424
24,24, 0.059
25,25, 1.127
26,26, 3.718
27,27,-1.310
28,28, 3.725
29,29,-0.286
30,30, 3.083
31,31, 1.985
32,32, 3.853
33,33,-1.208
34,34, 0.480
35,35, 2.120
36,36, 2.149
37,37, 0.623
38,38,-1.160
39,39, 3.402
40,40, 3.940
41,41,-0.784
42,42,-0.700
43,43, 2.956
44,44, 2.080
45,45,-0.535
46,46, 1.071
47,47, 1.135
48,48, 1.789
49,49, 4.344
50,50,-0.831
51,51, 1.087
52,52, 3.401
53,53, 4.670
54,54,-0.502
55,55,-0.915
56,56, 2.149
57,57,-0.654
58,58, 5.000
59,59, 5.000
60,60, 3.630
61,61, 1.148
62,62,-1.250
63,63, 0.784
64,64, 3.519
65,65, 2.043
66,66, 3.001
