from,to,weight
 0,42, 0.403
 0,75, 0.552
 0,89,-0.026
 1,33,-0.544
 2, 3,-1.211
 2, 4, 0.942
 2, 5,-0.018
 2,29,-0.893
 2,56,-0.260
 3, 4,-0.351
 3, 5,-0.332
 4, 5,-0.886
 4, 6, 0.946
 4,20,-0.599
 4,27,-0.819
 4,31, 0.705
 5, 6, 0.308
 5, 7, 0.584
 5,57, 1.048
 6, 7, 0.871
 6,22, 0.082
 7, 8,-1.261
 7,13, 1.967
 7,24,-1.510
 7,52, 1.551
 7,58, 0.455
 8,13,-1.168
 8,52,-1.490
 9,10,-0.483
 9,11,-0.428
 9,18, 0.856
10,14,-0.752
10,19,-0.902
12,13, 1.075
12,14, 0.312
12,22, 1.548
13,14,-0.847
13,24,-1.476
14,25,-0.769
15,16, 1.244
15,17,-1.403
15,19,-0.263
15,21, 0.018
15,23, 0.403
16,17, 1.644
16,26,-0.384
17,18, 0.745
17,19, 0.485
18,19,-0.913
19,22,-0.327
19,23, 0.135
19,25,-1.122
20,21,-0.837
20,22, 0.043
20,27, 1.390
21,22, 0.207
21,23, 0.652
22,23, 0.148
22,24,-1.509
22,25,-0.959
27,31, 0.128
29,31, 0.856
29,56, 0.998
32,60,-0.496
32,61,-1.501
33,35,-0.376
34,36,-0.178
36,39, 0.133
36,54,-0.534
37,39,-1.010
37,47,-0.750
37,52,-0.643
38,39, 1.555
38,50, 2.471
38,83, 2.053
39,51,-0.781
39,54,-0.439
40,41,-0.443
40,42, 1.220
40,49, 1.068
41,42, 0.738
41,43,-1.429
41,48, 1.361
41,49, 0.102
42,43, 0.639
42,44,-0.255
42,75, 0.163
43,44, 0.302
43,45,-1.371
43,46, 1.358
43,47, 1.179
43,48, 1.980
43,71,-0.631
44,72,-1.259
44,76, 0.797
45,46,-1.113
45,73,-0.876
46,47,-0.746
46,57, 0.493
46,74,-1.189
47,48,-0.596
47,51,-1.656
47,52, 1.353
47,58,-1.482
48,49,-0.392
48,50, 0.206
48,51,-0.391
49,50, 1.608
50,51, 0.451
52,53,-0.212
52,54,-0.857
52,58, 0.348
53,54,-0.084
55,56, 0.532
55,57, 1.058
55,59,-0.188
55,65,-0.694
55,69,-0.533
55,73, 0.931
56,57,-0.692
57,58,-1.191
57,74,-1.575
59,65,-1.429
59,69,-0.278
60,61,-0.286
60,67, 1.625
62,63, 1.183
63,64,-1.249
65,66,-0.137
65,69, 0.139
66,67,-0.694
66,68, 1.467
66,70, 1.162
67,68, 1.350
69,70,-0.008
69,73, 1.013
69,78,-0.851
70,80, 0.120
71,72,-1.114
71,73,-0.349
72,73,-1.019
72,76,-0.293
72,77,-0.303
73,74,-1.171
73,78, 1.205
75,76, 0.208
75,89,-1.204
76,77, 1.869
76,90, 0.885
77,78, 0.445
77,79, 2.950
78,79, 0.008
78,80,-0.079
79,80,-0.362
81,82,-0.383
81,83,-0.855
82,83, 1.358
82,84, 0.558
83,84,-1.454
85,87,-0.204
86,87,-0.330
86,88,-0.894
86,89,-0.403
87,88,-0.014
88,90, 0.685
89,90, 0.144
42, 0, 0.403
75, 0, 0.552
89, 0,-0.026
33, 1,-0.544
 3, 2,-1.211
 4, 2, 0.942
 5, 2,-0.018
29, 2,-0.893
56, 2,-0.260
 4, 3,-0.351
 5, 3,-0.332
 5, 4,-0.886
 6, 4, 0.946
20, 4,-0.599
27, 4,-0.819
31, 4, 0.705
 6, 5, 0.308
 7, 5, 0.584
57, 5, 1.048
 7, 6, 0.871
22, 6, 0.082
 8, 7,-1.261
13, 7, 1.967
24, 7,-1.510
52, 7, 1.551
58, 7, 0.455
13, 8,-1.168
52, 8,-1.490
10, 9,-0.483
11, 9,-0.428
18, 9, 0.856
14,10,-0.752
19,10,-0.902
13,12, 1.075
14,12, 0.312
22,12, 1.548
14,13,-0.847
24,13,-1.476
25,14,-0.769
16,15, 1.244
17,15,-1.403
19,15,-0.263
21,15, 0.018
23,15, 0.403
17,16, 1.644
26,16,-0.384
18,17, 0.745
19,17, 0.485
19,18,-0.913
22,19,-0.327
23,19, 0.135
25,19,-1.122
21,20,-0.837
22,20, 0.043
27,20, 1.390
22,21, 0.207
23,21, 0.652
23,22, 0.148
24,22,-1.509
25,22,-0.959
31,27, 0.128
31,29, 0.856
56,29, 0.998
60,32,-0.496
61,32,-1.501
35,33,-0.376
36,34,-0.178
39,36, 0.133
54,36,-0.534
39,37,-1.010
47,37,-0.750
52,37,-0.643
39,38, 1.555
50,38, 2.471
83,38, 2.053
51,39,-0.781
54,39,-0.439
41,40,-0.443
42,40, 1.220
49,40, 1.068
42,41, 0.738
43,41,-1.429
48,41, 1.361
49,41, 0.102
43,42, 0.639
44,42,-0.255
75,42, 0.163
44,43, 0.302
45,43,-1.371
46,43, 1.358
47,43, 1.179
48,43, 1.980
71,43,-0.631
72,44,-1.259
76,44, 0.797
46,45,-1.113
73,45,-0.876
47,46,-0.746
57,46, 0.493
74,46,-1.189
48,47,-0.596
51,47,-1.656
52,47, 1.353
58,47,-1.482
49,48,-0.392
50,48, 0.206
51,48,-0.391
50,49, 1.608
51,50, 0.451
53,52,-0.212
54,52,-0.857
58,52, 0.348
54,53,-0.084
56,55, 0.532
57,55, 1.058
59,55,-0.188
65,55,-0.694
69,55,-0.533
73,55, 0.931
57,56,-0.692
58,57,-1.191
74,57,-1.575
65,59,-1.429
69,59,-0.278
61,60,-0.286
67,60, 1.625
63,62, 1.183
64,63,-1.249
66,65,-0.137
69,65, 0.139
67,66,-0.694
68,66, 1.467
70,66, 1.162
68,67, 1.350
70,69,-0.008
73,69, 1.013
78,69,-0.851
80,70, 0.120
72,71,-1.114
73,71,-0.349
73,72,-1.019
76,72,-0.293
77,72,-0.303
74,73,-1.171
78,73, 1.205
76,75, 0.208
89,75,-1.204
77,76, 1.869
90,76, 0.885
78,77, 0.445
79,77, 2.950
79,78, 0.008
80,78,-0.079
80,79,-0.362
82,81,-0.383
83,81,-0.855
83,82, 1.358
84,82, 0.558
84,83,-1.454
87,85,-0.204
87,86,-0.330
88,86,-0.894
89,86,-0.403
88,87,-0.014
90,88, 0.685
90,89, 0.144
 0, 0, 2.694
 1, 1, 0.511
 2, 2, 1.654
 3, 3,-0.580
 4, 4, 3.382
 5, 5, 3.466
 6, 6, 1.931
 7, 7, 4.081
 8, 8,-1.202
 9, 9, 5.000
10,10,-0.428
11,11,-0.526
12,12, 1.438
13,13, 3.314
14,14, 1.857
15,15, 2.219
16,16, 3.166
17,17, 2.252
18,18, 0.353
19,19, 2.447
20,20, 1.351
21,21, 3.204
22,22, 4.127
23,23, 1.792
24,24,-1.466
25,25,-0.800
26,26,-0.143
27,27, 3.031
28,28,-1.042
29,29, 2.865
30,30,-0.933
31,31, 2.254
32,32,-0.014
33,33, 3.945
34,34,-0.225
35,35,-0.443
36,36, 3.037
37,37,-0.598
38,38, 3.657
39,39, 1.250
40,40, 2.584
41,41, 1.895
42,42, 4.220
43,43, 5.000
44,44, 0.778
45,45,-1.271
46,46, 1.393
47,47, 1.919
48,48, 3.923
49,49, 1.985
50,50, 3.378
51,51, 0.749
52,52, 4.537
53,53, 0.184
54,54, 1.480
55,55, 4.084
56,56, 2.190
57,57, 2.200
58,58, 0.488
59,59,-0.580
60,60, 2.198
61,61, 0.352
62,62, 0.958
63,63, 4.424
64,64,-1.516
65,65, 0.233
66,66, 4.896
67,67, 3.010
68,68, 2.742
69,69, 2.583
70,70, 0.713
71,71,-0.511
72,72, 0.447
73,73, 3.637
74,74,-1.378
75,75, 0.980
76,76, 3.327
77,77, 4.268
78,78, 2.566
79,79, 3.418
80,80, 1.981
81,81, 0.499
82,82, 2.268
83,83, 2.359
84,84, 1.080
85,85, 2.993
86,86, 0.389
87,87, 3.041
88,88, 1.583
89,89, 1.615
90,90, 2.039
