from,to,weight
  0, 53,-1.118
  0, 54,-1.192
  0, 56,-0.501
  1, 99,-1.644
  2,  5,-1.142
  2,100,-0.812
  3,  4, 0.659
  3, 34, 0.163
  3, 42,-0.515
  3, 71,-1.349
  3,125,-1.025
  4, 44, 0.230
  4, 94,-1.216
  4,103, 1.746
  5, 79, 0.588
  5,100, 2.171
  6, 24, 0.455
  6, 27,-0.131
  6, 52,-0.735
  7,  8,-1.389
  7,  9, 0.212
  7, 23,-0.296
  7, 47,-0.828
  8,  9, 0.077
  8, 10, 0.435
  8, 16, 0.013
  8, 20,-0.825
  8, 25, 0.600
  9, 10, 1.532
  9, 11,-0.991
  9, 13,-0.320
  9, 14,-0.682
  9, 48,-0.314
 10, 11,-0.816
 10, 12, 0.137
 10, 15,-0.558
 10, 17, 0.040
 11, 12,-0.795
 11, 14,-1.192
 12, 14, 0.320
 13, 14,-0.339
 13, 49,-1.269
 14, 41,-0.776
 14, 50, 0.465
 15, 17, 0.782
 16, 17, 0.677
 16, 20, 0.980
 17, 22,-1.252
 18, 19,-1.527
 20, 21,-1.089
 20, 22,-1.495
 20, 25, 0.830
 23, 24, 1.644
 23, 25,-0.482
 23, 47, 0.897
 23, 61,-0.887
 24, 25, 0.792
 24, 52, 0.359
 24, 62,-0.089
 26, 27,-0.407
 26, 51, 0.738
 27, 52,-0.847
 28, 29, 0.737
 29, 31, 2.087
 30, 31, 2.579
 30, 32, 1.543
 30, 46, 0.944
 31, 33,-1.311
 32, 33, 1.489
 32, 38, 2.306
 32, 46, 0.508
 32, 98,-1.682
 33, 99, 1.192
 34, 42,-0.297
 34, 71,-0.047
 35, 41, 0.433
 35, 43,-1.027
 36, 37, 0.415
 36, 43, 0.569
 36, 45,-1.182
 37, 38, 1.570
 37, 39,-1.698
 37, 40,-0.419
 37, 45, 0.226
 38, 39,-0.898
 38, 98,-1.702
 39, 40,-1.030
 39, 99,-1.438
 40, 44,-1.674
 40, 45, 0.015
 40,101, 0.293
 41, 42, 0.797
 41, 43, 3.107
 41, 50, 0.428
 41, 68, 0.126
 41, 70, 1.317
 42, 43, 0.763
 42, 44, 0.020
 42, 71, 0.556
 43, 44, 0.095
 43, 45, 1.095
 44, 45, 0.197
 44,103, 0.326
 47, 48,-0.169
 47, 49, 1.334
 47, 61, 0.708
 47, 64,-0.310
 49, 50, 0.218
 49, 65,-1.696
 49, 66, 0.780
 50, 68,-1.458
 51, 52, 1.071
 51, 55, 0.702
 51, 57,-0.298
 51, 60, 0.065
 52, 62,-0.169
 53, 54, 0.099
 54, 56, 1.753
 55, 57,-0.123
 56, 58, 1.776
 57, 60, 0.519
 58, 59,-1.269
 58, 60,-0.526
 59, 60,-1.641
 59, 61, 0.723
 59, 63, 0.581
 60, 61, 1.636
 60, 62,-0.027
 61, 62, 0.020
 61, 64, 1.224
 63, 64,-0.788
 63, 75, 0.975
 64, 65,-1.257
 64, 76,-0.785
 65, 66,-1.232
 66, 68, 0.231
 66, 77, 0.614
 67, 78,-1.372
 68, 70,-1.114
 69, 70,-0.566
 69, 71,-0.888
 69, 78, 2.252
 69,124,-0.787
 71,125,-0.113
 72, 73,-0.849
 72, 74,-0.085
 72, 75,-0.673
 72, 77,-0.781
 72, 78, 0.346
 73, 74,-1.543
 73, 78,-0.640
 74, 75,-0.263
 75, 76,-0.888
 75, 77, 0.350
 76, 77,-0.876
 77, 78, 1.121
 79, 80, 0.361
 79, 89, 0.872
 79,100, 0.078
 80, 90, 0.401
 80,102,-0.113
 81, 82,-1.347
 81, 83, 1.296
 81, 95,-1.010
 81,105,-0.325
 81,108,-0.561
 82, 83, 0.087
 82, 84,-1.418
 82, 97, 0.105
 83, 86, 1.948
 84, 86, 0.954
 84, 92, 0.770
 84, 97,-1.198
 85, 86,-1.368
 85, 87, 0.428
 86, 87, 2.492
 87, 88, 1.908
 89, 90, 1.368
 90, 91, 0.689
 90,102,-0.282
 91, 92, 0.069
 91, 93,-0.412
 91, 96, 0.558
 91,104,-0.792
 92, 93,-0.767
 92, 97, 0.588
 94, 95, 0.539
 94, 96,-0.124
 94,103, 0.038
 95, 96, 0.883
 95, 97, 1.438
 95,105,-1.304
 95,108, 1.389
 96, 97,-1.273
 96,104, 0.358
 98, 99,-1.680
 99,100, 1.803
 99,101, 0.005
100,101, 0.366
100,102, 1.091
101,102,-1.401
101,103,-0.462
101,104, 0.421
102,104, 0.493
103,104, 0.777
105,108,-0.250
106,107, 0.293
106,108, 0.319
106,112, 0.909
107,115,-0.431
108,116,-0.987
111,112,-1.370
112,115, 0.048
112,117, 0.680
113,114,-0.993
113,115,-1.141
113,118,-0.209
113,122,-1.137
114,125,-0.974
115,121, 0.620
117,118,-1.068
117,119, 1.017
117,121, 1.214
118,119, 0.811
118,120, 1.814
118,121, 1.438
118,122, 0.552
119,120, 1.356
120,123, 2.420
122,125, 0.592
123,126, 1.997
 53,  0,-1.118
 54,  0,-1.192
 56,  0,-0.501
 99,  1,-1.644
  5,  2,-1.142
100,  2,-0.812
  4,  3, 0.659
 34,  3, 0.163
 42,  3,-0.515
 71,  3,-1.349
125,  3,-1.025
 44,  4, 0.230
 94,  4,-1.216
103,  4, 1.746
 79,  5, 0.588
100,  5, 2.171
 24,  6, 0.455
 27,  6,-0.131
 52,  6,-0.735
  8,  7,-1.389
  9,  7, 0.212
 23,  7,-0.296
 47,  7,-0.828
  9,  8, 0.077
 10,  8, 0.435
 16,  8, 0.013
 20,  8,-0.825
 25,  8, 0.600
 10,  9, 1.532
 11,  9,-0.991
 13,  9,-0.320
 14,  9,-0.682
 48,  9,-0.314
 11, 10,-0.816
 12, 10, 0.137
 15, 10,-0.558
 17, 10, 0.040
 12, 11,-0.795
 14, 11,-1.192
 14, 12, 0.320
 14, 13,-0.339
 49, 13,-1.269
 41, 14,-0.776
 50, 14, 0.465
 17, 15, 0.782
 17, 16, 0.677
 20, 16, 0.980
 22, 17,-1.252
 19, 18,-1.527
 21, 20,-1.089
 22, 20,-1.495
 25, 20, 0.830
 24, 23, 1.644
 25, 23,-0.482
 47, 23, 0.897
 61, 23,-0.887
 25, 24, 0.792
 52, 24, 0.359
 62, 24,-0.089
 27, 26,-0.407
 51, 26, 0.738
 52, 27,-0.847
 29, 28, 0.737
 31, 29, 2.087
 31, 30, 2.579
 32, 30, 1.543
 46, 30, 0.944
 33, 31,-1.311
 33, 32, 1.489
 38, 32, 2.306
 46, 32, 0.508
 98, 32,-1.682
 99, 33, 1.192
 42, 34,-0.297
 71, 34,-0.047
 41, 35, 0.433
 43, 35,-1.027
 37, 36, 0.415
 43, 36, 0.569
 45, 36,-1.182
 38, 37, 1.570
 39, 37,-1.698
 40, 37,-0.419
 45, 37, 0.226
 39, 38,-0.898
 98, 38,-1.702
 40, 39,-1.030
 99, 39,-1.438
 44, 40,-1.674
 45, 40, 0.015
101, 40, 0.293
 42, 41, 0.797
 43, 41, 3.107
 50, 41, 0.428
 68, 41, 0.126
 70, 41, 1.317
 43, 42, 0.763
 44, 42, 0.020
 71, 42, 0.556
 44, 43, 0.095
 45, 43, 1.095
 45, 44, 0.197
103, 44, 0.326
 48, 47,-0.169
 49, 47, 1.334
 61, 47, 0.708
 64, 47,-0.310
 50, 49, 0.218
 65, 49,-1.696
 66, 49, 0.780
 68, 50,-1.458
 52, 51, 1.071
 55, 51, 0.702
 57, 51,-0.298
 60, 51, 0.065
 62, 52,-0.169
 54, 53, 0.099
 56, 54, 1.753
 57, 55,-0.123
 58, 56, 1.776
 60, 57, 0.519
 59, 58,-1.269
 60, 58,-0.526
 60, 59,-1.641
 61, 59, 0.723
 63, 59, 0.581
 61, 60, 1.636
 62, 60,-0.027
 62, 61, 0.020
 64, 61, 1.224
 64, 63,-0.788
 75, 63, 0.975
 65, 64,-1.257
 76, 64,-0.785
 66, 65,-1.232
 68, 66, 0.231
 77, 66, 0.614
 78, 67,-1.372
 70, 68,-1.114
 70, 69,-0.566
 71, 69,-0.888
 78, 69, 2.252
124, 69,-0.787
125, 71,-0.113
 73, 72,-0.849
 74, 72,-0.085
 75, 72,-0.673
 77, 72,-0.781
 78, 72, 0.346
 74, 73,-1.543
 78, 73,-0.640
 75, 74,-0.263
 76, 75,-0.888
 77, 75, 0.350
 77, 76,-0.876
 78, 77, 1.121
 80, 79, 0.361
 89, 79, 0.872
100, 79, 0.078
 90, 80, 0.401
102, 80,-0.113
 82, 81,-1.347
 83, 81, 1.296
 95, 81,-1.010
105, 81,-0.325
108, 81,-0.561
 83, 82, 0.087
 84, 82,-1.418
 97, 82, 0.105
 86, 83, 1.948
 86, 84, 0.954
 92, 84, 0.770
 97, 84,-1.198
 86, 85,-1.368
 87, 85, 0.428
 87, 86, 2.492
 88, 87, 1.908
 90, 89, 1.368
 91, 90, 0.689
102, 90,-0.282
 92, 91, 0.069
 93, 91,-0.412
 96, 91, 0.558
104, 91,-0.792
 93, 92,-0.767
 97, 92, 0.588
 95, 94, 0.539
 96, 94,-0.124
103, 94, 0.038
 96, 95, 0.883
 97, 95, 1.438
105, 95,-1.304
108, 95, 1.389
 97, 96,-1.273
104, 96, 0.358
 99, 98,-1.680
100, 99, 1.803
101, 99, 0.005
101,100, 0.366
102,100, 1.091
102,101,-1.401
103,101,-0.462
104,101, 0.421
104,102, 0.493
104,103, 0.777
108,105,-0.250
107,106, 0.293
108,106, 0.319
112,106, 0.909
115,107,-0.431
116,108,-0.987
112,111,-1.370
115,112, 0.048
117,112, 0.680
114,113,-0.993
115,113,-1.141
118,113,-0.209
122,113,-1.137
125,114,-0.974
121,115, 0.620
118,117,-1.068
119,117, 1.017
121,117, 1.214
119,118, 0.811
120,118, 1.814
121,118, 1.438
122,118, 0.552
120,119, 1.356
123,120, 2.420
125,122, 0.592
126,123, 1.997
  0,  0,-0.225
  1,  1,-1.683
  2,  2,-1.041
  3,  3, 2.502
  4,  4, 3.302
  5,  5, 4.640
  6,  6, 0.708
  7,  7,-0.052
  8,  8, 2.347
  9,  9, 3.184
 10, 10, 3.969
 11, 11,-0.501
 12, 12, 0.940
 13, 13,-0.127
 14, 14, 2.154
 15, 15, 1.301
 16, 16, 1.234
 17, 17, 5.000
 18, 18, 0.212
 19, 19,-0.683
 20, 20, 3.846
 21, 21, 1.539
 22, 22,-1.239
 23, 23, 2.405
 24, 24, 5.000
 25, 25, 2.648
 26, 26, 1.714
 27, 27, 0.788
 28, 28, 0.955
 29, 29, 2.294
 30, 30, 2.860
 31, 31, 2.246
 32, 32, 3.892
 33, 33, 0.319
 34, 34, 0.231
 35, 35, 0.730
 36, 36,-0.261
 37, 37, 2.337
 38, 38, 1.234
 39, 39,-1.130
 40, 40, 0.658
 41, 41, 5.000
 42, 42, 3.202
 43, 43, 5.000
 44, 44, 2.384
 45, 45, 2.354
 46, 46, 3.016
 47, 47, 3.524
 48, 48,-0.685
 49, 49, 1.337
 50, 50, 0.921
 51, 51, 3.386
 52, 52, 2.066
 53, 53, 0.287
 54, 54, 2.317
 55, 55, 4.224
 56, 56, 4.176
 57, 57, 0.533
 58, 58, 1.841
 59, 59, 2.163
 60, 60, 3.779
 61, 61, 4.197
 62, 62, 1.251
 63, 63, 0.953
 64, 64, 1.483
 65, 65,-1.488
 66, 66, 2.216
 67, 67,-1.468
 68, 68, 0.136
 69, 69, 3.062
 70, 70, 0.686
 71, 71, 2.210
 72, 72, 1.103
 73, 73, 0.383
 74, 74,-0.096
 75, 75, 3.854
 76, 76,-0.482
 77, 77, 2.153
 78, 78, 4.038
 79, 79, 3.282
 80, 80, 0.898
 81, 81, 2.007
 82, 82,-0.053
 83, 83, 3.583
 84, 84, 1.997
 85, 85, 1.138
 86, 86, 3.185
 87, 87, 3.776
 88, 88, 1.185
 89, 89, 3.210
 90, 90, 4.278
 91, 91, 2.689
 92, 92, 2.188
 93, 93, 0.009
 94, 94, 1.290
 95, 95, 3.492
 96, 96, 2.078
 97, 97, 1.927
 98, 98,-1.696
 99, 99, 1.838
100,100, 4.901
101,101, 2.323
102,102, 1.645
103,103, 2.971
104,104, 2.420
105,105,-0.706
106,106, 1.655
107,107, 0.557
108,108, 5.000
109,109, 1.421
110,110,-1.372
111,111, 0.466
112,112, 5.000
113,113,-0.175
114,114,-0.582
115,115, 2.104
116,116,-0.316
117,117, 2.561
118,118, 4.233
119,119, 4.706
120,120, 4.154
121,121, 1.701
122,122, 0.317
123,123, 1.811
124,124,-0.421
125,125, 2.212
126,126, 3.311
