from,to,weight
 0, 7, 0.355
 0, 8,-0.836
 1, 3,-1.324
 1,46,-1.446
 2, 3, 1.152
 2, 5, 0.404
 3, 4, 3.420
 3, 6,-1.038
 3,48, 0.524
 4, 7, 2.500
 4,43,-0.709
 7, 8, 1.047
 7,34, 0.149
 7,43, 1.143
 8, 9, 2.293
 8,34,-1.401
 9,38, 0.678
10,17, 2.239
10,19,-0.553
10,25, 0.219
10,55, 0.534
11,12, 1.537
11,14, 1.434
11,21,-0.754
11,41,-1.369
12,42, 0.482
12,44, 0.110
13,14,-0.267
13,16, 1.259
13,17, 1.965
14,18, 0.337
14,21, 0.182
15,16,-0.152
17,18,-0.634
17,19, 1.974
18,21,-0.326
19,20, 0.162
19,21,-1.393
19,25, 0.722
20,21, 0.966
20,22,-1.523
20,26, 0.419
20,28, 0.790
20,35,-0.740
20,40, 0.366
21,22,-1.276
21,41,-0.894
22,42,-1.255
23,24, 1.467
23,25, 1.166
23,53, 0.372
24,25,-0.406
24,26,-0.838
24,27, 0.103
24,54,-0.646
25,26, 0.199
25,55, 1.100
26,28, 0.742
27,28,-0.334
27,29,-0.917
27,32, 0.149
28,29, 1.035
28,30,-1.039
28,35, 0.112
29,30,-1.390
29,32, 1.162
30,36,-1.117
31,32, 0.657
31,33,-0.079
31,37,-0.564
32,39,-0.119
34,38,-0.073
35,36,-0.319
35,40,-1.191
36,42, 0.771
37,38,-0.377
37,39,-1.038
38,39,-0.419
40,42, 0.534
41,42,-0.934
42,44, 3.266
44,45,-0.505
44,49, 2.747
45,50,-0.771
46,47,-0.005
46,48,-0.200
46,49,-1.376
46,50, 0.118
46,51, 1.691
47,48,-1.013
49,50, 1.777
50,51, 1.389
51,52, 1.304
 7, 0, 0.355
 8, 0,-0.836
 3, 1,-1.324
46, 1,-1.446
 3, 2, 1.152
 5, 2, 0.404
 4, 3, 3.420
 6, 3,-1.038
48, 3, 0.524
 7, 4, 2.500
43, 4,-0.709
 8, 7, 1.047
34, 7, 0.149
43, 7, 1.143
 9, 8, 2.293
34, 8,-1.401
38, 9, 0.678
17,10, 2.239
19,10,-0.553
25,10, 0.219
55,10, 0.534
12,11, 1.537
14,11, 1.434
21,11,-0.754
41,11,-1.369
42,12, 0.482
44,12, 0.110
14,13,-0.267
16,13, 1.259
17,13, 1.965
18,14, 0.337
21,14, 0.182
16,15,-0.152
18,17,-0.634
19,17, 1.974
21,18,-0.326
20,19, 0.162
21,19,-1.393
25,19, 0.722
21,20, 0.966
22,20,-1.523
26,20, 0.419
28,20, 0.790
35,20,-0.740
40,20, 0.366
22,21,-1.276
41,21,-0.894
42,22,-1.255
24,23, 1.467
25,23, 1.166
53,23, 0.372
25,24,-0.406
26,24,-0.838
27,24, 0.103
54,24,-0.646
26,25, 0.199
55,25, 1.100
28,26, 0.742
28,27,-0.334
29,27,-0.917
32,27, 0.149
29,28, 1.035
30,28,-1.039
35,28, 0.112
30,29,-1.390
32,29, 1.162
36,30,-1.117
32,31, 0.657
33,31,-0.079
37,31,-0.564
39,32,-0.119
38,34,-0.073
36,35,-0.319
40,35,-1.191
42,36, 0.771
38,37,-0.377
39,37,-1.038
39,38,-0.419
42,40, 0.534
42,41,-0.934
44,42, 3.266
45,44,-0.505
49,44, 2.747
50,45,-0.771
47,46,-0.005
48,46,-0.200
49,46,-1.376
50,46, 0.118
51,46, 1.691
48,47,-1.013
50,49, 1.777
51,50, 1.389
52,51, 1.304
 0, 0, 0.649
 1, 1,-1.421
 2, 2, 0.603
 3, 3, 5.000
 4, 4, 2.917
 5, 5, 0.317
 6, 6,-1.293
 7, 7, 4.943
 8, 8, 3.057
 9, 9, 4.449
10,10, 4.301
11,11, 2.858
12,12, 1.538
13,13, 1.700
14,14, 3.672
15,15, 1.748
16,16, 1.737
17,17, 4.857
18,18, 0.288
19,19, 1.244
20,20, 3.861
21,21, 2.213
22,22,-1.354
23,23, 2.508
24,24, 3.852
25,25, 4.281
26,26, 1.390
27,27, 1.522
28,28, 3.765
29,29, 1.004
30,30,-0.888
31,31, 1.969
32,32, 3.442
33,33, 1.703
34,34,-0.131
35,35, 0.182
36,36, 0.952
37,37, 0.923
38,38, 2.640
39,39, 0.661
40,40,-0.291
41,41,-1.074
42,42, 3.417
43,43, 1.166
44,44, 5.000
45,45,-0.907
46,46, 4.688
47,47, 0.067
48,48, 0.010
49,49, 1.965
50,50, 0.993
51,51, 4.968
52,52, 2.187
53,53, 2.856
54,54, 0.420
55,55, 1.470
