from,to,weight
  0,  1, 0.228
  0,  2,-0.330
  1, 44, 0.487
  2, 34, 1.065
  3,  4, 0.030
  3,  5,-0.048
  3,  7,-1.499
  3, 15,-0.571
  3, 30, 0.454
  4,  5,-0.322
  4,  6, 0.038
  4,  8, 2.239
  7,  8,-1.095
  7, 15,-1.149
  8,  9, 0.107
  8, 16, 1.590
  8, 22, 0.277
  9, 99,-0.683
 10, 11,-1.512
 10, 14, 1.161
 10, 16, 0.198
 10, 18, 1.347
 11, 14, 1.109
 11, 20,-0.293
 11, 25,-0.200
 12, 13,-0.382
 12, 14, 0.492
 12, 26,-0.570
 12, 80,-0.292
 12, 85,-1.117
 13, 14,-0.032
 13, 15, 0.027
 13, 29, 0.231
 13, 83,-0.921
 14, 15, 0.738
 14, 16,-0.085
 14, 21, 0.552
 14, 28,-0.857
 15, 16,-1.366
 15, 30, 0.516
 16, 22,-0.849
 17, 18,-1.662
 17, 19,-1.684
 18, 19, 1.480
 18, 20, 0.796
 18, 22, 0.261
 18, 23, 0.337
 19, 20,-0.485
 20, 21, 0.321
 20, 24,-1.423
 20, 25, 1.363
 22, 23,-0.167
 24, 25,-0.596
 25, 26,-1.104
 25, 27, 2.135
 25, 28,-0.421
 26, 27,-1.442
 26, 28,-0.542
 26, 85, 0.475
 27, 86, 1.983
 27, 89,-1.049
 29, 30, 0.462
 29, 36,-1.547
 29, 75, 1.078
 29, 79,-1.073
 29, 83, 1.125
 30, 38, 0.542
 31, 32,-0.403
 31, 35,-0.554
 31, 39,-1.402
 32, 33, 2.062
 32, 35,-1.664
 32, 71,-0.030
 32, 73,-0.607
 33, 34, 2.512
 33, 35, 0.697
 33, 41, 0.057
 33, 72,-1.425
 34, 35,-0.006
 35, 38,-0.433
 35, 39,-0.038
 35, 40,-0.438
 36, 38,-1.107
 36, 75,-0.866
 37, 38,-0.640
 38, 39,-0.088
 38, 40,-0.750
 41, 42, 0.432
 41, 72,-0.528
 42, 43,-1.033
 42, 44, 0.628
 43, 44,-0.210
 45, 46, 0.806
 45, 57, 1.476
 45, 90,-0.514
 45, 91,-0.334
 45, 95,-1.466
 45, 98, 0.401
 46, 58,-0.891
 46, 60,-1.115
 46, 63, 0.879
 47, 48,-0.648
 47, 55,-0.712
 49, 77,-0.787
 49, 81, 0.222
 49, 84,-1.044
 50, 51,-0.075
 50, 52,-0.739
 51, 52,-0.289
 51, 54, 1.693
 53, 54,-0.680
 53, 55, 1.804
 54, 56, 1.933
 54, 59,-1.589
 55, 56, 0.063
 55, 57, 1.419
 55, 97,-0.613
 56, 57, 0.438
 56, 58, 0.340
 56, 59, 1.377
 57, 58,-0.761
 57, 98, 0.957
 58, 60, 0.303
 59, 60,-0.819
 59, 61,-0.051
 59, 62,-0.455
 60, 61,-1.610
 60, 63, 1.091
 61, 62,-0.186
 61, 66, 0.487
 61, 68,-1.118
 62, 69,-1.485
 62, 78, 0.227
 63, 64,-0.201
 63, 65, 1.372
 63, 66, 2.292
 64, 93,-0.274
 65, 66,-1.370
 66, 67,-1.623
 66, 68, 1.117
 67, 70,-1.607
 68, 70, 1.400
 71, 72, 0.075
 71, 73,-0.793
 74, 78,-0.815
 75, 79,-0.644
 75, 83,-1.616
 77, 78,-0.664
 77, 81,-0.206
 78, 82, 1.102
 79, 83,-0.476
 80, 81,-1.619
 80, 82, 0.103
 80, 83, 1.407
 80, 85, 1.220
 81, 82, 1.142
 81, 84,-0.567
 81, 87, 2.062
 82, 83,-0.359
 84, 87,-0.148
 85, 86, 1.117
 85, 87, 2.171
 86, 87,-0.121
 86, 88, 0.995
 86, 89, 1.509
 87, 88, 1.027
 90, 98,-0.708
 91, 93,-0.734
 92, 93, 0.891
 92, 94,-1.616
 93, 94,-0.280
 93, 96, 2.289
 95, 96,-0.766
 97, 98,-1.238
  1,  0, 0.228
  2,  0,-0.330
 44,  1, 0.487
 34,  2, 1.065
  4,  3, 0.030
  5,  3,-0.048
  7,  3,-1.499
 15,  3,-0.571
 30,  3, 0.454
  5,  4,-0.322
  6,  4, 0.038
  8,  4, 2.239
  8,  7,-1.095
 15,  7,-1.149
  9,  8, 0.107
 16,  8, 1.590
 22,  8, 0.277
 99,  9,-0.683
 11, 10,-1.512
 14, 10, 1.161
 16, 10, 0.198
 18, 10, 1.347
 14, 11, 1.109
 20, 11,-0.293
 25, 11,-0.200
 13, 12,-0.382
 14, 12, 0.492
 26, 12,-0.570
 80, 12,-0.292
 85, 12,-1.117
 14, 13,-0.032
 15, 13, 0.027
 29, 13, 0.231
 83, 13,-0.921
 15, 14, 0.738
 16, 14,-0.085
 21, 14, 0.552
 28, 14,-0.857
 16, 15,-1.366
 30, 15, 0.516
 22, 16,-0.849
 18, 17,-1.662
 19, 17,-1.684
 19, 18, 1.480
 20, 18, 0.796
 22, 18, 0.261
 23, 18, 0.337
 20, 19,-0.485
 21, 20, 0.321
 24, 20,-1.423
 25, 20, 1.363
 23, 22,-0.167
 25, 24,-0.596
 26, 25,-1.104
 27, 25, 2.135
 28, 25,-0.421
 27, 26,-1.442
 28, 26,-0.542
 85, 26, 0.475
 86, 27, 1.983
 89, 27,-1.049
 30, 29, 0.462
 36, 29,-1.547
 75, 29, 1.078
 79, 29,-1.073
 83, 29, 1.125
 38, 30, 0.542
 32, 31,-0.403
 35, 31,-0.554
 39, 31,-1.402
 33, 32, 2.062
 35, 32,-1.664
 71, 32,-0.030
 73, 32,-0.607
 34, 33, 2.512
 35, 33, 0.697
 41, 33, 0.057
 72, 33,-1.425
 35, 34,-0.006
 38, 35,-0.433
 39, 35,-0.038
 40, 35,-0.438
 38, 36,-1.107
 75, 36,-0.866
 38, 37,-0.640
 39, 38,-0.088
 40, 38,-0.750
 42, 41, 0.432
 72, 41,-0.528
 43, 42,-1.033
 44, 42, 0.628
 44, 43,-0.210
 46, 45, 0.806
 57, 45, 1.476
 90, 45,-0.514
 91, 45,-0.334
 95, 45,-1.466
 98, 45, 0.401
 58, 46,-0.891
 60, 46,-1.115
 63, 46, 0.879
 48, 47,-0.648
 55, 47,-0.712
 77, 49,-0.787
 81, 49, 0.222
 84, 49,-1.044
 51, 50,-0.075
 52, 50,-0.739
 52, 51,-0.289
 54, 51, 1.693
 54, 53,-0.680
 55, 53, 1.804
 56, 54, 1.933
 59, 54,-1.589
 56, 55, 0.063
 57, 55, 1.419
 97, 55,-0.613
 57, 56, 0.438
 58, 56, 0.340
 59, 56, 1.377
 58, 57,-0.761
 98, 57, 0.957
 60, 58, 0.303
 60, 59,-0.819
 61, 59,-0.051
 62, 59,-0.455
 61, 60,-1.610
 63, 60, 1.091
 62, 61,-0.186
 66, 61, 0.487
 68, 61,-1.118
 69, 62,-1.485
 78, 62, 0.227
 64, 63,-0.201
 65, 63, 1.372
 66, 63, 2.292
 93, 64,-0.274
 66, 65,-1.370
 67, 66,-1.623
 68, 66, 1.117
 70, 67,-1.607
 70, 68, 1.400
 72, 71, 0.075
 73, 71,-0.793
 78, 74,-0.815
 79, 75,-0.644
 83, 75,-1.616
 78, 77,-0.664
 81, 77,-0.206
 82, 78, 1.102
 83, 79,-0.476
 81, 80,-1.619
 82, 80, 0.103
 83, 80, 1.407
 85, 80, 1.220
 82, 81, 1.142
 84, 81,-0.567
 87, 81, 2.062
 83, 82,-0.359
 87, 84,-0.148
 86, 85, 1.117
 87, 85, 2.171
 87, 86,-0.121
 88, 86, 0.995
 89, 86, 1.509
 88, 87, 1.027
 98, 90,-0.708
 93, 91,-0.734
 93, 92, 0.891
 94, 92,-1.616
 94, 93,-0.280
 96, 93, 2.289
 96, 95,-0.766
 98, 97,-1.238
  0,  0, 0.669
  1,  1,-0.004
  2,  2, 4.666
  3,  3, 2.594
  4,  4, 2.646
  5,  5, 1.188
  6,  6, 0.312
  7,  7,-1.262
  8,  8, 5.000
  9,  9, 0.641
 10, 10, 1.403
 11, 11,-0.310
 12, 12, 1.093
 13, 13, 1.546
 14, 14, 5.000
 15, 15, 2.114
 16, 16, 0.500
 17, 17,-1.674
 18, 18, 4.508
 19, 19, 3.406
 20, 20, 4.680
 21, 21,-0.541
 22, 22, 2.638
 23, 23,-0.009
 24, 24,-0.959
 25, 25, 3.911
 26, 26, 0.614
 27, 27, 0.553
 28, 28,-0.584
 29, 29, 3.056
 30, 30, 2.277
 31, 31, 0.343
 32, 32, 1.908
 33, 33, 2.967
 34, 34, 3.529
 35, 35, 2.748
 36, 36,-0.834
 37, 37,-0.526
 38, 38, 3.664
 39, 39, 0.666
 40, 40,-0.380
 41, 41, 0.745
 42, 42, 2.138
 43, 43,-0.396
 44, 44, 3.806
 45, 45, 4.565
 46, 46, 0.740
 47, 47, 1.225
 48, 48, 0.607
 49, 49, 2.204
 50, 50, 2.068
 51, 51, 3.912
 52, 52, 1.240
 53, 53, 3.212
 54, 54, 2.031
 55, 55, 3.878
 56, 56, 3.788
 57, 57, 3.537
 58, 58, 0.529
 59, 59, 1.267
 60, 60, 0.555
 61, 61, 0.831
 62, 62, 2.694
 63, 63, 5.000
 64, 64,-0.554
 65, 65, 0.723
 66, 66, 2.544
 67, 67,-1.584
 68, 68, 1.583
 69, 69,-0.448
 70, 70, 4.274
 71, 71, 2.900
 72, 72,-0.099
 73, 73,-0.436
 74, 74,-0.888
 75, 75, 2.438
 76, 76,-0.875
 77, 77, 0.274
 78, 78, 1.872
 79, 79,-0.597
 80, 80, 2.310
 81, 81, 2.917
 82, 82, 2.644
 83, 83, 2.517
 84, 84,-0.189
 85, 85, 3.874
 86, 86, 4.783
 87, 87, 5.000
 88, 88,-0.350
 89, 89, 2.140
 90, 90, 0.060
 91, 91,-0.494
 92, 92, 0.680
 93, 93, 5.000
 94, 94,-0.145
 95, 95, 0.647
 96, 96, 4.167
 97, 97,-0.015
 98, 98, 2.192
 99, 99, 0.743
100,100, 0.932
