from,to,weight
  0, 37, 0.454
  0, 38,-1.080
  0, 40, 0.521
  1,  3,-0.161
  1, 27, 0.288
  1, 52,-0.755
  3, 29, 0.348
  4, 59,-0.510
  4, 73,-0.264
  5,  6,-0.562
  5,  7, 0.284
  5, 15, 0.298
  5, 33, 0.485
  6,  7,-1.351
 10, 13,-0.136
 12, 13,-0.180
 12, 16,-0.232
 14, 16, 0.384
 14, 35, 0.069
 14, 43,-1.483
 15, 16, 2.053
 15, 33, 0.382
 15, 44,-0.896
 16, 45,-0.362
 17, 35, 0.119
 17, 36,-0.333
 19, 20, 0.286
 19, 23, 1.465
 19, 31, 0.410
 20, 21, 0.571
 20, 24,-0.371
 21, 73, 0.444
 22, 23, 1.179
 22, 24,-1.560
 22, 25,-0.403
 22, 28,-0.069
 22, 30, 0.120
 23, 24, 0.704
 23, 31,-1.172
 24, 25, 0.119
 25, 29,-0.630
 25, 30, 0.081
 27, 28, 0.696
 27, 29, 0.524
 27, 52, 0.851
 28, 29, 0.067
 28, 30, 0.499
 29, 30, 0.226
 31, 32,-1.207
 33, 34, 0.523
 33, 44, 0.760
 33, 47,-1.202
 34, 48,-0.904
 35, 36,-0.536
 35, 43, 1.710
 37, 38, 0.631
 38, 40, 1.836
 40, 41, 1.990
 41, 42, 0.493
 41, 43,-0.260
 42, 43,-0.596
 42, 44, 0.781
 42, 46, 1.781
 43, 44, 1.179
 43, 45,-0.380
 44, 45,-0.951
 44, 47,-0.482
 46, 47,-0.698
 46, 56, 1.554
 48, 57,-0.548
 49, 53,-0.661
 49, 99,-0.866
 49,101,-1.406
 50, 51,-0.902
 50, 52,-0.872
 50, 58, 2.145
 52,100,-0.118
 53, 58, 0.849
 53,101, 1.169
 54, 55, 0.470
 54, 56,-0.790
 54, 57,-1.075
 54, 58, 1.046
 55, 56, 0.017
 56, 57, 0.215
 57, 58, 1.133
 59, 65, 1.127
 59, 73, 0.331
 60, 61, 0.882
 60, 69,-0.643
 60, 75,-0.148
 60, 78,-0.914
 61, 62, 1.945
 61, 72,-0.233
 62, 63, 3.044
 62, 68, 0.707
 62, 72,-1.148
 63, 64, 1.269
 65, 66,-0.283
 67, 68, 0.144
 67, 71, 0.564
 68, 72,-0.675
 69, 70,-0.837
 69, 71, 1.231
 69, 72,-0.976
 69, 75,-1.352
 69, 78, 1.569
 71, 72, 0.076
 73, 74,-1.044
 75, 78,-0.231
 76, 77, 0.816
 76, 78,-0.510
 76, 87, 2.185
 77, 78, 0.578
 77, 84,-1.295
 77, 90,-1.690
 78, 91,-0.239
 79, 81, 0.027
 79, 89,-1.094
 79, 95,-0.388
 80, 86, 1.075
 81, 82,-0.940
 81, 83, 0.014
 81, 95,-0.506
 82, 83,-0.483
 82,101, 0.647
 85, 86, 0.757
 85, 87, 2.748
 85, 91,-1.425
 86, 87, 0.032
 87, 90, 0.093
 87, 91,-0.938
 87, 93, 1.688
 88, 90,-0.534
 88, 94, 0.407
 88, 98,-0.529
 89, 95,-0.934
 90, 97,-1.219
 92, 93, 0.020
 92, 94, 0.104
 92, 97,-1.458
 93, 94,-1.027
 93, 95, 1.837
 93, 97, 0.944
 94, 95, 1.558
 94, 96, 1.874
 94, 97, 0.904
 94, 98, 0.992
 95, 96, 1.031
 96, 99, 2.403
 98, 99,-1.468
 98,100, 1.167
 99,101, 2.846
101,102, 0.257
101,103,-1.652
102,104,-0.248
103,104,-1.697
 37,  0, 0.454
 38,  0,-1.080
 40,  0, 0.521
  3,  1,-0.161
 27,  1, 0.288
 52,  1,-0.755
 29,  3, 0.348
 59,  4,-0.510
 73,  4,-0.264
  6,  5,-0.562
  7,  5, 0.284
 15,  5, 0.298
 33,  5, 0.485
  7,  6,-1.351
 13, 10,-0.136
 13, 12,-0.180
 16, 12,-0.232
 16, 14, 0.384
 35, 14, 0.069
 43, 14,-1.483
 16, 15, 2.053
 33, 15, 0.382
 44, 15,-0.896
 45, 16,-0.362
 35, 17, 0.119
 36, 17,-0.333
 20, 19, 0.286
 23, 19, 1.465
 31, 19, 0.410
 21, 20, 0.571
 24, 20,-0.371
 73, 21, 0.444
 23, 22, 1.179
 24, 22,-1.560
 25, 22,-0.403
 28, 22,-0.069
 30, 22, 0.120
 24, 23, 0.704
 31, 23,-1.172
 25, 24, 0.119
 29, 25,-0.630
 30, 25, 0.081
 28, 27, 0.696
 29, 27, 0.524
 52, 27, 0.851
 29, 28, 0.067
 30, 28, 0.499
 30, 29, 0.226
 32, 31,-1.207
 34, 33, 0.523
 44, 33, 0.760
 47, 33,-1.202
 48, 34,-0.904
 36, 35,-0.536
 43, 35, 1.710
 38, 37, 0.631
 40, 38, 1.836
 41, 40, 1.990
 42, 41, 0.493
 43, 41,-0.260
 43, 42,-0.596
 44, 42, 0.781
 46, 42, 1.781
 44, 43, 1.179
 45, 43,-0.380
 45, 44,-0.951
 47, 44,-0.482
 47, 46,-0.698
 56, 46, 1.554
 57, 48,-0.548
 53, 49,-0.661
 99, 49,-0.866
101, 49,-1.406
 51, 50,-0.902
 52, 50,-0.872
 58, 50, 2.145
100, 52,-0.118
 58, 53, 0.849
101, 53, 1.169
 55, 54, 0.470
 56, 54,-0.790
 57, 54,-1.075
 58, 54, 1.046
 56, 55, 0.017
 57, 56, 0.215
 58, 57, 1.133
 65, 59, 1.127
 73, 59, 0.331
 61, 60, 0.882
 69, 60,-0.643
 75, 60,-0.148
 78, 60,-0.914
 62, 61, 1.945
 72, 61,-0.233
 63, 62, 3.044
 68, 62, 0.707
 72, 62,-1.148
 64, 63, 1.269
 66, 65,-0.283
 68, 67, 0.144
 71, 67, 0.564
 72, 68,-0.675
 70, 69,-0.837
 71, 69, 1.231
 72, 69,-0.976
 75, 69,-1.352
 78, 69, 1.569
 72, 71, 0.076
 74, 73,-1.044
 78, 75,-0.231
 77, 76, 0.816
 78, 76,-0.510
 87, 76, 2.185
 78, 77, 0.578
 84, 77,-1.295
 90, 77,-1.690
 91, 78,-0.239
 81, 79, 0.027
 89, 79,-1.094
 95, 79,-0.388
 86, 80, 1.075
 82, 81,-0.940
 83, 81, 0.014
 95, 81,-0.506
 83, 82,-0.483
101, 82, 0.647
 86, 85, 0.757
 87, 85, 2.748
 91, 85,-1.425
 87, 86, 0.032
 90, 87, 0.093
 91, 87,-0.938
 93, 87, 1.688
 90, 88,-0.534
 94, 88, 0.407
 98, 88,-0.529
 95, 89,-0.934
 97, 90,-1.219
 93, 92, 0.020
 94, 92, 0.104
 97, 92,-1.458
 94, 93,-1.027
 95, 93, 1.837
 97, 93, 0.944
 95, 94, 1.558
 96, 94, 1.874
 97, 94, 0.904
 98, 94, 0.992
 96, 95, 1.031
 99, 96, 2.403
 99, 98,-1.468
100, 98, 1.167
101, 99, 2.846
102,101, 0.257
103,101,-1.652
104,102,-0.248
104,103,-1.697
  0,  0, 1.097
  1,  1, 1.824
  2,  2,-0.153
  3,  3, 2.394
  4,  4, 1.486
  5,  5, 2.754
  6,  6, 0.713
  7,  7, 0.953
  8,  8,-1.221
  9,  9, 1.774
 10, 10, 0.373
 11, 11, 0.653
 12, 12, 1.305
 13, 13, 3.549
 14, 14,-0.381
 15, 15, 1.327
 16, 16, 5.000
 17, 17, 1.297
 18, 18,-1.075
 19, 19, 1.956
 20, 20, 1.514
 21, 21, 0.210
 22, 22, 1.952
 23, 23, 3.589
 24, 24, 0.909
 25, 25, 1.712
 26, 26, 1.736
 27, 27, 3.527
 28, 28, 4.154
 29, 29, 3.671
 30, 30, 1.709
 31, 31, 2.464
 32, 32,-1.050
 33, 33, 3.323
 34, 34, 1.228
 35, 35, 3.594
 36, 36, 1.010
 37, 37, 2.147
 38, 38, 2.535
 39, 39,-0.216
 40, 40, 4.347
 41, 41, 2.307
 42, 42, 3.500
 43, 43, 3.498
 44, 44, 3.252
 45, 45,-0.401
 46, 46, 2.277
 47, 47,-0.163
 48, 48, 0.879
 49, 49,-0.855
 50, 50, 2.757
 51, 51,-0.735
 52, 52, 2.234
 53, 53, 2.563
 54, 54, 1.510
 55, 55, 0.697
 56, 56, 3.309
 57, 57, 1.647
 58, 58, 4.358
 59, 59, 1.842
 60, 60, 2.053
 61, 61, 2.874
 62, 62, 3.600
 63, 63, 2.709
 64, 64, 3.723
 65, 65, 3.486
 66, 66, 1.968
 67, 67, 1.287
 68, 68, 1.301
 69, 69, 3.548
 70, 70, 0.169
 71, 71, 1.955
 72, 72, 0.688
 73, 73, 5.000
 74, 74,-1.165
 75, 75,-0.445
 76, 76, 1.317
 77, 77, 1.530
 78, 78, 4.821
 79, 79, 2.027
 80, 80, 3.000
 81, 81, 2.510
 82, 82, 0.353
 83, 83, 0.565
 84, 84,-0.307
 85, 85, 0.992
 86, 86, 2.767
 87, 87, 5.000
 88, 88, 0.548
 89, 89,-1.239
 90, 90, 0.785
 91, 91, 0.459
 92, 92,-0.447
 93, 93, 4.014
 94, 94, 5.000
 95, 95, 4.962
 96, 96, 2.574
 97, 97, 0.462
 98, 98, 1.296
 99, 99, 2.490
100,100, 1.785
101,101, 4.638
102,102,-0.235
103,103,-1.689
104,104, 1.458
