from,to,weight
 0, 1,-0.872
 0, 2,-1.308
 0, 3,-1.474
 0, 8,-1.547
 1, 2, 0.981
 1, 9, 1.001
 1,55,-1.466
 2, 4,-1.454
 2,16, 1.077
 2,17, 0.064
 2,42, 0.921
 3, 4,-0.337
 3, 8, 2.286
 5, 6, 0.552
 5, 7,-0.427
 5, 9,-0.147
 6, 7, 0.492
 6, 8,-0.274
 7, 8, 0.680
 7, 9, 0.364
 8, 9,-0.059
10,11,-0.414
11,13,-0.199
12,13, 0.950
13,21, 0.109
14,16, 1.724
14,17,-0.475
14,22, 0.260
15,16, 1.672
16,17, 3.152
17,22, 0.389
17,42,-0.085
18,19, 1.017
18,20,-0.447
18,22, 1.146
18,32,-0.021
18,44, 1.556
19,21,-0.024
20,22,-0.603
22,42, 0.788
22,46,-1.219
23,24,-0.545
23,25,-0.613
23,27,-1.569
25,26,-1.537
25,27,-0.616
26,28,-0.128
27,28, 0.625
28,29, 0.956
28,34, 0.710
29,30, 0.950
29,31,-0.520
29,32, 0.750
29,34, 1.602
30,32,-0.123
30,33,-0.546
31,32,-0.887
31,35,-1.125
32,33,-0.725
32,44, 2.050
33,49,-0.868
34,35,-0.424
36,37,-1.637
36,39,-1.187
37,40, 1.079
38,39, 0.350
38,40, 0.583
39,40,-0.668
39,41, 0.903
42,43, 0.861
42,46,-1.393
43,47, 0.621
43,56,-1.646
44,46,-1.588
44,47, 0.136
44,48, 0.607
44,49, 1.059
45,47,-0.496
45,50,-1.341
45,55,-0.692
46,47,-1.036
47,48,-0.881
47,51, 0.816
47,56,-1.221
48,49, 1.435
48,54, 0.956
50,51, 0.008
50,52,-0.664
51,52,-0.604
51,54, 0.539
52,53,-0.517
52,54, 0.879
53,54,-0.693
55,56,-1.353
 1, 0,-0.872
 2, 0,-1.308
 3, 0,-1.474
 8, 0,-1.547
 2, 1, 0.981
 9, 1, 1.001
55, 1,-1.466
 4, 2,-1.454
16, 2, 1.077
17, 2, 0.064
42, 2, 0.921
 4, 3,-0.337
 8, 3, 2.286
 6, 5, 0.552
 7, 5,-0.427
 9, 5,-0.147
 7, 6, 0.492
 8, 6,-0.274
 8, 7, 0.680
 9, 7, 0.364
 9, 8,-0.059
11,10,-0.414
13,11,-0.199
13,12, 0.950
21,13, 0.109
16,14, 1.724
17,14,-0.475
22,14, 0.260
16,15, 1.672
17,16, 3.152
22,17, 0.389
42,17,-0.085
19,18, 1.017
20,18,-0.447
22,18, 1.146
32,18,-0.021
44,18, 1.556
21,19,-0.024
22,20,-0.603
42,22, 0.788
46,22,-1.219
24,23,-0.545
25,23,-0.613
27,23,-1.569
26,25,-1.537
27,25,-0.616
28,26,-0.128
28,27, 0.625
29,28, 0.956
34,28, 0.710
30,29, 0.950
31,29,-0.520
32,29, 0.750
34,29, 1.602
32,30,-0.123
33,30,-0.546
32,31,-0.887
35,31,-1.125
33,32,-0.725
44,32, 2.050
49,33,-0.868
35,34,-0.424
37,36,-1.637
39,36,-1.187
40,37, 1.079
39,38, 0.350
40,38, 0.583
40,39,-0.668
41,39, 0.903
43,42, 0.861
46,42,-1.393
47,43, 0.621
56,43,-1.646
46,44,-1.588
47,44, 0.136
48,44, 0.607
49,44, 1.059
47,45,-0.496
50,45,-1.341
55,45,-0.692
47,46,-1.036
48,47,-0.881
51,47, 0.816
56,47,-1.221
49,48, 1.435
54,48, 0.956
51,50, 0.008
52,50,-0.664
52,51,-0.604
54,51, 0.539
53,52,-0.517
54,52, 0.879
54,53,-0.693
56,55,-1.353
 0, 0,-0.524
 1, 1, 2.240
 2, 2, 4.340
 3, 3, 3.358
 4, 4, 0.492
 5, 5, 2.104
 6, 6, 3.031
 7, 7, 1.847
 8, 8, 3.227
 9, 9, 3.307
10,10, 0.528
11,11,-0.639
12,12, 0.344
13,13, 3.889
14,14, 3.423
15,15, 2.882
16,16, 5.000
17,17, 1.908
18,18, 4.399
19,19, 2.070
20,20,-0.144
21,21, 0.876
22,22, 3.461
23,23, 2.548
24,24, 2.587
25,25,-0.497
26,26,-0.415
27,27, 1.330
28,28, 3.495
29,29, 4.471
30,30, 1.515
31,31, 0.956
32,32, 4.360
33,33,-0.134
34,34, 4.804
35,35, 1.467
36,36,-1.423
37,37, 3.186
38,38, 3.262
39,39, 5.000
40,40, 0.012
41,41, 0.885
42,42, 2.528
43,43,-0.041
44,44, 3.989
45,45,-0.670
46,46,-1.184
47,47, 2.641
48,48, 3.324
49,49, 3.506
50,50, 0.552
51,51, 1.554
52,52, 2.938
53,53, 0.353
54,54, 4.151
55,55, 0.772
56,56,-1.247
