from,to,weight
  0,  5, 0.944
  0, 74,-0.791
  0, 98,-1.253
  1,  5,-0.025
  1, 29,-1.534
  1, 98, 0.442
  2,  3, 0.481
  2,  4,-1.606
  2, 39, 0.139
  2, 61, 0.899
  2,133, 0.327
  3,  4, 1.371
  3, 31,-1.130
  3, 41,-0.546
  3,101, 0.203
  4,103, 0.442
  4,105,-1.661
  4,118, 0.808
  5,  6,-0.356
  5, 98, 0.779
  7,  8,-0.054
  7,  9, 2.312
  7, 11, 0.004
  7, 17,-1.601
  7, 20, 1.607
  7, 44, 0.396
  8,  9,-0.406
  8, 14, 0.273
  8, 19,-1.121
  9, 10, 0.691
  9, 11,-0.002
  9, 12,-0.810
 11, 12, 0.807
 11, 45,-0.329
 12, 38,-0.763
 12, 46,-0.486
 13, 16,-0.040
 14, 15,-0.522
 14, 16, 2.439
 14, 19, 3.431
 17, 19,-1.651
 17, 20,-1.641
 18, 19, 1.741
 18, 21,-0.043
 20, 21, 3.152
 20, 44, 1.561
 20, 55,-1.076
 21, 48,-1.183
 22, 47,-0.671
 23, 24, 0.348
 24, 26, 1.898
 25, 26, 2.036
 25, 27, 0.665
 25, 43, 0.922
 26, 28,-0.192
 27, 28, 1.324
 27, 34, 1.951
 27, 43, 0.571
 28, 29,-0.639
 28, 30,-1.041
 28, 35,-1.522
 28, 97, 0.526
 29, 98,-0.763
 30, 36,-0.623
 30, 99,-0.631
 31, 41,-0.477
 31,101,-0.435
 32, 33,-0.245
 32, 40,-0.159
 32, 42,-1.247
 33, 34, 1.407
 33, 35,-1.693
 33, 36,-0.399
 33, 40,-1.251
 33, 42, 0.282
 34, 35,-1.255
 35, 36,-1.285
 36, 42,-0.140
 36, 99,-0.715
 37, 38,-0.963
 37, 45,-1.073
 38, 39, 0.882
 38, 40, 3.038
 38, 46,-0.247
 39, 40, 0.908
 39, 41, 0.399
 39, 61, 1.549
 40, 41, 0.059
 40, 42, 1.350
 41, 42, 0.063
 41,101,-0.235
 42,102,-1.385
 44, 45, 0.753
 44, 55,-0.170
 44, 57,-1.685
 45, 46,-0.816
 45, 58, 0.160
 47, 48,-1.325
 47, 54, 1.217
 50, 51, 1.940
 50, 52,-1.091
 51, 52, 1.518
 52, 54,-0.757
 53, 55, 0.110
 53, 56, 0.425
 53, 66,-1.521
 54, 55, 0.103
 55, 57,-1.394
 56, 66,-0.082
 59, 60,-1.659
 59, 67,-0.450
 60, 61,-0.443
 60, 67, 1.400
 61,133,-0.093
 62, 64,-0.275
 62, 67, 0.520
 62,135,-1.048
 63, 64,-0.772
 63, 65,-1.354
 63, 67, 0.046
 64, 67,-0.287
 68, 69,-1.297
 68, 70, 0.736
 68,116, 0.359
 69, 70, 0.815
 69,116, 0.315
 70, 73, 0.007
 70,116,-1.011
 71, 72,-0.181
 71, 78, 0.312
 72, 73,-0.227
 72, 79,-1.637
 73,116,-0.171
 74, 75, 1.080
 74, 88, 0.006
 74, 98, 0.194
 75, 89, 1.381
 75,100, 0.506
 76, 78, 0.774
 76, 80,-0.675
 76, 91,-1.288
 76, 96, 0.021
 76,106,-0.351
 77, 78,-0.261
 78, 79, 0.151
 78, 86, 1.519
 78,107,-0.481
 78,113,-1.134
 79, 87,-1.066
 80, 81, 0.075
 80, 82, 0.475
 80, 85,-1.378
 80, 86, 0.269
 80, 91, 0.958
 81, 92,-0.324
 82, 83,-1.408
 82, 84, 0.140
 82, 85,-1.228
 83, 84,-0.846
 84, 85,-0.982
 84, 86,-0.914
 84, 87, 0.728
 85, 86,-1.064
 86, 87, 1.246
 88, 89, 0.005
 89, 90,-0.087
 89, 92, 1.455
 89,100,-0.515
 90, 91,-0.756
 90, 92, 2.057
 90, 95, 0.591
 90,104,-0.557
 91, 92,-0.172
 91, 96, 0.817
 93, 94, 0.252
 93, 95,-0.005
 93,101,-1.173
 94, 95, 1.709
 94, 96, 1.090
 94,103,-0.172
 94,105,-0.572
 94,110, 0.021
 95, 96,-1.188
 95,104, 1.085
 96,106,-0.189
 96,112,-1.106
 97, 98, 0.715
 97, 99,-0.482
 98, 99, 0.365
 98,100, 1.459
 99,100,-1.112
 99,101,-0.956
 99,102,-1.122
 99,104, 0.756
100,104, 0.973
101,102,-1.389
101,103, 0.275
101,104, 1.090
103,105, 0.719
105,110, 0.563
105,118,-0.384
106,107,-0.677
106,112,-0.752
107,113,-0.862
108,109,-0.604
108,110, 0.282
108,111, 0.286
108,119,-0.722
109,110, 0.299
109,121, 1.608
110,111,-0.429
110,112,-0.627
110,118, 0.961
110,124,-1.330
111,112,-1.556
111,113,-0.692
112,113,-0.276
114,120, 1.179
115,116,-0.186
117,118, 0.007
117,123, 0.130
118,124,-1.473
119,120, 1.293
119,121, 2.401
119,125,-1.373
120,121,-0.140
121,123, 0.492
121,124,-1.449
121,126, 0.420
122,123,-0.763
122,127,-1.064
122,131,-0.820
123,124,-1.375
123,130, 0.363
123,134,-1.467
126,127,-0.671
126,128, 1.665
126,130, 1.443
127,128, 0.895
127,129, 1.302
127,130, 1.486
127,131, 1.057
128,129, 0.089
129,132, 1.052
131,133, 1.205
131,134,-1.573
132,135, 0.908
  5,  0, 0.944
 74,  0,-0.791
 98,  0,-1.253
  5,  1,-0.025
 29,  1,-1.534
 98,  1, 0.442
  3,  2, 0.481
  4,  2,-1.606
 39,  2, 0.139
 61,  2, 0.899
133,  2, 0.327
  4,  3, 1.371
 31,  3,-1.130
 41,  3,-0.546
101,  3, 0.203
103,  4, 0.442
105,  4,-1.661
118,  4, 0.808
  6,  5,-0.356
 98,  5, 0.779
  8,  7,-0.054
  9,  7, 2.312
 11,  7, 0.004
 17,  7,-1.601
 20,  7, 1.607
 44,  7, 0.396
  9,  8,-0.406
 14,  8, 0.273
 19,  8,-1.121
 10,  9, 0.691
 11,  9,-0.002
 12,  9,-0.810
 12, 11, 0.807
 45, 11,-0.329
 38, 12,-0.763
 46, 12,-0.486
 16, 13,-0.040
 15, 14,-0.522
 16, 14, 2.439
 19, 14, 3.431
 19, 17,-1.651
 20, 17,-1.641
 19, 18, 1.741
 21, 18,-0.043
 21, 20, 3.152
 44, 20, 1.561
 55, 20,-1.076
 48, 21,-1.183
 47, 22,-0.671
 24, 23, 0.348
 26, 24, 1.898
 26, 25, 2.036
 27, 25, 0.665
 43, 25, 0.922
 28, 26,-0.192
 28, 27, 1.324
 34, 27, 1.951
 43, 27, 0.571
 29, 28,-0.639
 30, 28,-1.041
 35, 28,-1.522
 97, 28, 0.526
 98, 29,-0.763
 36, 30,-0.623
 99, 30,-0.631
 41, 31,-0.477
101, 31,-0.435
 33, 32,-0.245
 40, 32,-0.159
 42, 32,-1.247
 34, 33, 1.407
 35, 33,-1.693
 36, 33,-0.399
 40, 33,-1.251
 42, 33, 0.282
 35, 34,-1.255
 36, 35,-1.285
 42, 36,-0.140
 99, 36,-0.715
 38, 37,-0.963
 45, 37,-1.073
 39, 38, 0.882
 40, 38, 3.038
 46, 38,-0.247
 40, 39, 0.908
 41, 39, 0.399
 61, 39, 1.549
 41, 40, 0.059
 42, 40, 1.350
 42, 41, 0.063
101, 41,-0.235
102, 42,-1.385
 45, 44, 0.753
 55, 44,-0.170
 57, 44,-1.685
 46, 45,-0.816
 58, 45, 0.160
 48, 47,-1.325
 54, 47, 1.217
 51, 50, 1.940
 52, 50,-1.091
 52, 51, 1.518
 54, 52,-0.757
 55, 53, 0.110
 56, 53, 0.425
 66, 53,-1.521
 55, 54, 0.103
 57, 55,-1.394
 66, 56,-0.082
 60, 59,-1.659
 67, 59,-0.450
 61, 60,-0.443
 67, 60, 1.400
133, 61,-0.093
 64, 62,-0.275
 67, 62, 0.520
135, 62,-1.048
 64, 63,-0.772
 65, 63,-1.354
 67, 63, 0.046
 67, 64,-0.287
 69, 68,-1.297
 70, 68, 0.736
116, 68, 0.359
 70, 69, 0.815
116, 69, 0.315
 73, 70, 0.007
116, 70,-1.011
 72, 71,-0.181
 78, 71, 0.312
 73, 72,-0.227
 79, 72,-1.637
116, 73,-0.171
 75, 74, 1.080
 88, 74, 0.006
 98, 74, 0.194
 89, 75, 1.381
100, 75, 0.506
 78, 76, 0.774
 80, 76,-0.675
 91, 76,-1.288
 96, 76, 0.021
106, 76,-0.351
 78, 77,-0.261
 79, 78, 0.151
 86, 78, 1.519
107, 78,-0.481
113, 78,-1.134
 87, 79,-1.066
 81, 80, 0.075
 82, 80, 0.475
 85, 80,-1.378
 86, 80, 0.269
 91, 80, 0.958
 92, 81,-0.324
 83, 82,-1.408
 84, 82, 0.140
 85, 82,-1.228
 84, 83,-0.846
 85, 84,-0.982
 86, 84,-0.914
 87, 84, 0.728
 86, 85,-1.064
 87, 86, 1.246
 89, 88, 0.005
 90, 89,-0.087
 92, 89, 1.455
100, 89,-0.515
 91, 90,-0.756
 92, 90, 2.057
 95, 90, 0.591
104, 90,-0.557
 92, 91,-0.172
 96, 91, 0.817
 94, 93, 0.252
 95, 93,-0.005
101, 93,-1.173
 95, 94, 1.709
 96, 94, 1.090
103, 94,-0.172
105, 94,-0.572
110, 94, 0.021
 96, 95,-1.188
104, 95, 1.085
106, 96,-0.189
112, 96,-1.106
 98, 97, 0.715
 99, 97,-0.482
 99, 98, 0.365
100, 98, 1.459
100, 99,-1.112
101, 99,-0.956
102, 99,-1.122
104, 99, 0.756
104,100, 0.973
102,101,-1.389
103,101, 0.275
104,101, 1.090
105,103, 0.719
110,105, 0.563
118,105,-0.384
107,106,-0.677
112,106,-0.752
113,107,-0.862
109,108,-0.604
110,108, 0.282
111,108, 0.286
119,108,-0.722
110,109, 0.299
121,109, 1.608
111,110,-0.429
112,110,-0.627
118,110, 0.961
124,110,-1.330
112,111,-1.556
113,111,-0.692
113,112,-0.276
120,114, 1.179
116,115,-0.186
118,117, 0.007
123,117, 0.130
124,118,-1.473
120,119, 1.293
121,119, 2.401
125,119,-1.373
121,120,-0.140
123,121, 0.492
124,121,-1.449
126,121, 0.420
123,122,-0.763
127,122,-1.064
131,122,-0.820
124,123,-1.375
130,123, 0.363
134,123,-1.467
127,126,-0.671
128,126, 1.665
130,126, 1.443
128,127, 0.895
129,127, 1.302
130,127, 1.486
131,127, 1.057
129,128, 0.089
132,129, 1.052
133,131, 1.205
134,131,-1.573
135,132, 0.908
  0,  0, 0.522
  1,  1,-0.031
  2,  2, 2.496
  3,  3, 1.832
  4,  4, 2.136
  5,  5, 5.000
  6,  6,-0.635
  7,  7, 3.446
  8,  8, 0.133
  9,  9, 3.188
 10, 10, 1.361
 11, 11, 1.254
 12, 12, 2.658
 13, 13, 0.412
 14, 14, 4.610
 15, 15, 0.207
 16, 16, 3.868
 17, 17,-1.570
 18, 18, 1.561
 19, 19, 4.192
 20, 20, 3.060
 21, 21, 5.000
 22, 22, 0.552
 23, 23, 0.560
 24, 24, 2.140
 25, 25, 2.164
 26, 26, 2.908
 27, 27, 3.353
 28, 28, 1.626
 29, 29,-0.728
 30, 30,-0.578
 31, 31,-0.479
 32, 32,-0.861
 33, 33, 2.313
 34, 34, 1.240
 35, 35,-1.311
 36, 36, 0.594
 37, 37,-1.096
 38, 38, 5.000
 39, 39, 3.539
 40, 40, 5.000
 41, 41, 2.611
 42, 42, 2.531
 43, 43, 3.257
 44, 44, 3.471
 45, 45, 2.121
 46, 46,-0.456
 47, 47, 1.966
 48, 48,-1.204
 49, 49,-0.800
 50, 50, 3.800
 51, 51, 1.660
 52, 52, 3.720
 53, 53, 2.832
 54, 54, 2.989
 55, 55, 2.577
 56, 56, 0.298
 57, 57,-1.536
 58, 58, 0.825
 59, 59,-0.010
 60, 60, 2.585
 61, 61, 2.895
 62, 62, 2.176
 63, 63, 0.153
 64, 64, 1.589
 65, 65,-1.441
 66, 66, 2.569
 67, 67, 4.194
 68, 68, 5.000
 69, 69, 0.364
 70, 70, 5.000
 71, 71,-0.235
 72, 72,-0.170
 73, 73, 1.238
 74, 74, 3.412
 75, 75, 1.865
 76, 76, 1.361
 77, 77,-0.826
 78, 78, 5.000
 79, 79,-0.212
 80, 80, 4.215
 81, 81,-0.013
 82, 82, 0.242
 83, 83,-0.927
 84, 84, 3.409
 85, 85,-0.783
 86, 86, 2.011
 87, 87, 3.109
 88, 88, 1.382
 89, 89, 3.129
 90, 90, 2.840
 91, 91, 1.176
 92, 92, 5.000
 93, 93, 0.137
 94, 94, 3.339
 95, 95, 2.396
 96, 96, 2.561
 97, 97, 0.466
 98, 98, 5.000
 99, 99, 2.577
100,100, 2.435
101,101, 3.203
102,102,-1.197
103,103, 1.880
104,104, 3.384
105,105, 1.396
106,106, 0.405
107,107,-0.517
108,108, 0.836
109,109, 0.822
110,110, 4.004
111,111, 1.433
112,112, 0.087
113,113, 0.730
114,114, 2.623
115,115,-0.892
116,116, 4.695
117,117,-0.309
118,118, 2.674
119,119, 2.486
120,120, 3.267
121,121, 5.000
122,122,-0.766
123,123, 2.250
124,124,-1.200
125,125,-1.447
126,126, 3.912
127,127, 3.893
128,128, 4.906
129,129, 2.539
130,130, 1.798
131,131, 1.282
132,132, 1.038
133,133, 1.694
134,134,-1.518
135,135, 2.894
