from,to,weight
 0,16,-1.662
 0,20,-1.513
 1, 2,-0.364
 1, 3, 0.392
 1,22, 0.908
 1,29,-0.629
 1,58, 0.772
 1,71,-0.772
 3,44,-1.113
 3,49,-1.298
 3,50,-1.202
 3,59,-0.121
 4, 5,-0.435
 4, 6,-1.261
 4, 7, 1.499
 4, 9,-1.058
 4,14, 1.558
 5, 7,-1.006
 5,10,-0.405
 6, 7,-0.427
 6, 8,-1.566
 7, 8,-0.347
 7,18,-0.754
 7,24, 0.010
 7,25,-1.085
 8,26,-0.546
 9,10,-1.210
 9,14,-1.226
10,15,-0.487
11,13,-0.666
11,14,-1.175
12,13, 0.223
12,14, 0.739
12,15, 0.703
13,14,-0.312
14,15,-1.059
16,17,-0.078
16,20, 1.353
16,47,-1.191
17,48,-0.021
18,19, 2.788
18,20, 0.692
18,24, 0.983
18,25,-1.314
19,20, 1.838
19,21, 0.418
19,22, 0.341
19,26, 0.021
19,27, 0.252
19,28, 0.647
20,22, 0.372
20,23,-1.538
21,22,-0.855
22,29, 0.532
25,26,-1.327
26,27,-0.279
27,28,-0.838
29,71, 0.271
30,57, 0.013
31,39, 0.211
31,46,-0.750
32,34,-1.641
32,45,-1.616
32,51,-1.655
33,34, 1.724
33,35, 2.042
33,41,-0.882
34,45, 0.170
34,51, 1.000
34,54,-1.136
35,36, 1.920
35,37,-0.800
35,41,-0.971
36,38,-0.720
37,38,-1.285
37,41,-0.617
39,40, 1.157
39,42,-0.698
39,46, 0.493
40,43, 0.708
41,45, 0.010
42,46,-0.612
43,44, 0.703
43,45, 0.986
44,45,-0.721
44,49,-1.153
44,50,-0.786
44,52,-0.748
45,51, 0.058
45,54,-1.029
47,48,-1.226
49,50,-1.290
50,52,-0.334
50,59,-1.176
51,54, 0.668
52,53,-0.622
52,54, 2.873
52,59, 0.679
52,63, 0.770
53,54, 0.580
53,55, 0.596
53,65, 0.111
55,56, 1.933
55,65, 1.502
56,66,-0.297
58,59,-0.334
58,61, 0.097
58,71, 0.367
59,63,-0.562
60,64,-1.356
60,66,-1.412
61,62, 0.227
61,63,-0.691
61,68,-1.348
61,71,-0.249
62,63, 1.840
62,64,-0.306
62,65, 0.012
62,69, 3.581
63,65,-1.121
64,65, 1.012
64,66, 0.085
64,70,-0.082
65,66,-1.039
67,69, 0.684
67,70,-0.652
68,69, 0.819
68,71, 0.863
69,70,-0.062
16, 0,-1.662
20, 0,-1.513
 2, 1,-0.364
 3, 1, 0.392
22, 1, 0.908
29, 1,-0.629
58, 1, 0.772
71, 1,-0.772
44, 3,-1.113
49, 3,-1.298
50, 3,-1.202
59, 3,-0.121
 5, 4,-0.435
 6, 4,-1.261
 7, 4, 1.499
 9, 4,-1.058
14, 4, 1.558
 7, 5,-1.006
10, 5,-0.405
 7, 6,-0.427
 8, 6,-1.566
 8, 7,-0.347
18, 7,-0.754
24, 7, 0.010
25, 7,-1.085
26, 8,-0.546
10, 9,-1.210
14, 9,-1.226
15,10,-0.487
13,11,-0.666
14,11,-1.175
13,12, 0.223
14,12, 0.739
15,12, 0.703
14,13,-0.312
15,14,-1.059
17,16,-0.078
20,16, 1.353
47,16,-1.191
48,17,-0.021
19,18, 2.788
20,18, 0.692
24,18, 0.983
25,18,-1.314
20,19, 1.838
21,19, 0.418
22,19, 0.341
26,19, 0.021
27,19, 0.252
28,19, 0.647
22,20, 0.372
23,20,-1.538
22,21,-0.855
29,22, 0.532
26,25,-1.327
27,26,-0.279
28,27,-0.838
71,29, 0.271
57,30, 0.013
39,31, 0.211
46,31,-0.750
34,32,-1.641
45,32,-1.616
51,32,-1.655
34,33, 1.724
35,33, 2.042
41,33,-0.882
45,34, 0.170
51,34, 1.000
54,34,-1.136
36,35, 1.920
37,35,-0.800
41,35,-0.971
38,36,-0.720
38,37,-1.285
41,37,-0.617
40,39, 1.157
42,39,-0.698
46,39, 0.493
43,40, 0.708
45,41, 0.010
46,42,-0.612
44,43, 0.703
45,43, 0.986
45,44,-0.721
49,44,-1.153
50,44,-0.786
52,44,-0.748
51,45, 0.058
54,45,-1.029
48,47,-1.226
50,49,-1.290
52,50,-0.334
59,50,-1.176
54,51, 0.668
53,52,-0.622
54,52, 2.873
59,52, 0.679
63,52, 0.770
54,53, 0.580
55,53, 0.596
65,53, 0.111
56,55, 1.933
65,55, 1.502
66,56,-0.297
59,58,-0.334
61,58, 0.097
71,58, 0.367
63,59,-0.562
64,60,-1.356
66,60,-1.412
62,61, 0.227
63,61,-0.691
68,61,-1.348
71,61,-0.249
63,62, 1.840
64,62,-0.306
65,62, 0.012
69,62, 3.581
65,63,-1.121
65,64, 1.012
66,64, 0.085
70,64,-0.082
66,65,-1.039
69,67, 0.684
70,67,-0.652
69,68, 0.819
71,68, 0.863
70,69,-0.062
 0, 0,-1.573
 1, 1, 3.887
 2, 2, 0.278
 3, 3, 1.477
 4, 4, 4.150
 5, 5,-0.271
 6, 6,-0.265
 7, 7, 3.683
 8, 8,-0.375
 9, 9,-1.038
10,10, 1.814
11,11,-0.180
12,12, 3.897
13,13, 0.866
14,14, 3.306
15,15, 1.433
16,16, 1.255
17,17,-0.246
18,18, 3.883
19,19, 5.000
20,20, 4.724
21,21, 0.333
22,22, 3.927
23,23,-1.598
24,24, 1.923
25,25,-1.235
26,26, 1.831
27,27, 1.607
28,28, 0.085
29,29, 0.387
30,30, 4.443
31,31, 0.148
32,32,-1.635
33,33, 3.044
34,34, 2.200
35,35, 5.000
36,36, 1.265
37,37,-0.929
38,38,-0.212
39,39, 5.000
40,40, 0.301
41,41, 0.556
42,42,-0.354
43,43, 3.977
44,44, 1.660
45,45, 3.053
46,46, 2.906
47,47,-1.303
48,48, 3.347
49,49,-1.194
50,50,-0.108
51,51, 1.305
52,52, 4.088
53,53, 1.776
54,54, 3.758
55,55, 4.171
56,56, 4.275
57,57, 0.687
58,58, 1.629
59,59, 1.501
60,60,-1.440
61,61, 1.416
62,62, 2.712
63,63, 1.476
64,64, 3.989
65,65, 3.104
66,66, 2.615
67,67, 0.786
68,68, 0.619
69,69, 5.000
70,70, 0.548
71,71, 3.350
