from,to,weight
 0, 1, 0.554
 0, 2, 1.816
 0,28, 0.102
 2, 3,-0.668
 2, 4, 2.600
 2, 5, 1.456
 2,28, 0.195
 3, 6,-0.811
 4,14,-0.206
 4,31, 1.247
 4,33,-1.467
 4,37,-0.398
 5, 6,-0.315
 6, 7,-0.078
 6, 8,-1.226
 7, 8, 1.050
 7, 9, 0.724
 7,25, 0.897
 7,26, 1.952
 8,10, 0.832
 9,10,-1.041
 9,11, 0.080
10,11,-0.482
10,12,-0.379
10,13, 1.734
10,14, 0.601
10,18,-0.148
11,12,-0.358
11,16,-0.220
12,17,-0.243
13,14,-1.439
13,22, 0.136
13,24,-0.373
13,35, 1.428
14,37, 0.957
15,25, 0.070
16,17,-0.146
17,21, 1.931
18,21, 0.330
18,22,-1.538
19,20, 1.002
19,21, 2.492
20,21, 0.426
20,22, 0.171
21,22,-0.122
22,24,-0.891
23,43,-0.616
24,35,-1.158
25,26, 0.533
27,29, 1.489
27,30, 0.682
29,30, 0.443
31,33, 0.895
32,36,-0.245
32,39,-1.599
33,37, 0.978
34,35,-0.097
34,36,-0.666
34,38,-1.576
34,43,-0.882
35,36,-0.416
35,37, 1.124
36,37, 1.605
36,39, 2.272
38,39,-0.710
38,43,-0.627
39,40, 2.057
39,45,-0.427
40,46,-0.408
40,47, 0.483
41,42, 0.789
41,44, 0.032
42,43, 0.864
42,44, 0.514
43,44, 1.465
43,45,-0.787
44,45,-1.012
44,46, 0.421
45,46,-1.535
46,47,-0.915
 1, 0, 0.554
 2, 0, 1.816
28, 0, 0.102
 3, 2,-0.668
 4, 2, 2.600
 5, 2, 1.456
28, 2, 0.195
 6, 3,-0.811
14, 4,-0.206
31, 4, 1.247
33, 4,-1.467
37, 4,-0.398
 6, 5,-0.315
 7, 6,-0.078
 8, 6,-1.226
 8, 7, 1.050
 9, 7, 0.724
25, 7, 0.897
26, 7, 1.952
10, 8, 0.832
10, 9,-1.041
11, 9, 0.080
11,10,-0.482
12,10,-0.379
13,10, 1.734
14,10, 0.601
18,10,-0.148
12,11,-0.358
16,11,-0.220
17,12,-0.243
14,13,-1.439
22,13, 0.136
24,13,-0.373
35,13, 1.428
37,14, 0.957
25,15, 0.070
17,16,-0.146
21,17, 1.931
21,18, 0.330
22,18,-1.538
20,19, 1.002
21,19, 2.492
21,20, 0.426
22,20, 0.171
22,21,-0.122
24,22,-0.891
43,23,-0.616
35,24,-1.158
26,25, 0.533
29,27, 1.489
30,27, 0.682
30,29, 0.443
33,31, 0.895
36,32,-0.245
39,32,-1.599
37,33, 0.978
35,34,-0.097
36,34,-0.666
38,34,-1.576
43,34,-0.882
36,35,-0.416
37,35, 1.124
37,36, 1.605
39,36, 2.272
39,38,-0.710
43,38,-0.627
40,39, 2.057
45,39,-0.427
46,40,-0.408
47,40, 0.483
42,41, 0.789
44,41, 0.032
43,42, 0.864
44,42, 0.514
44,43, 1.465
45,43,-0.787
45,44,-1.012
46,44, 0.421
46,45,-1.535
47,46,-0.915
 0, 0, 2.489
 1, 1, 0.419
 2, 2, 5.000
 3, 3,-1.045
 4, 4, 2.785
 5, 5, 0.183
 6, 6, 1.323
 7, 7, 4.765
 8, 8, 1.379
 9, 9, 0.602
10,10, 5.000
11,11, 1.445
12,12, 0.014
13,13, 2.983
14,14, 1.325
15,15, 0.204
16,16, 0.245
17,17, 2.126
18,18, 0.188
19,19, 2.979
20,20, 4.141
21,21, 4.443
22,22, 2.965
23,23, 2.060
24,24, 0.949
25,25, 3.658
26,26, 4.363
27,27, 2.450
28,28, 1.102
29,29, 5.000
30,30, 2.870
31,31, 2.997
32,32,-0.515
33,33, 0.171
34,34,-0.508
35,35, 3.911
36,36, 2.653
37,37, 3.815
38,38,-1.194
39,39, 3.072
40,40, 2.400
41,41, 2.561
42,42, 1.774
43,43, 5.000
44,44, 3.992
45,45,-0.488
46,46, 0.698
47,47, 1.850
