from,to,weight
  0,  3,-1.241
  0, 82,-1.216
  1,  2,-0.300
  1, 33,-1.200
  1, 41,-0.302
  2, 34,-1.122
  2, 42,-1.431
  2, 86, 1.936
  2,102,-0.729
  3, 67,-0.840
  3, 82, 2.131
  4,  6, 1.419
  4, 10, 1.119
  4, 16,-0.602
  4, 20, 1.528
  4, 46,-1.625
  5,  6,-1.051
  5,  7,-1.112
  5, 13,-1.056
  6,  7, 1.470
  6,  8,-1.208
  6, 10, 0.755
  6, 11,-0.562
  6, 14,-0.485
  6, 19,-1.561
  7,  8,-0.970
  7,  9,-0.535
  7, 15, 1.193
  8,  9,-1.116
  8, 11,-1.248
  9, 11,-0.503
 10, 11, 1.494
 10, 47, 0.185
 11, 49,-0.723
 13, 14,-1.304
 13, 15, 1.989
 13, 18, 2.142
 14, 19,-0.695
 16, 17,-0.058
 16, 18,-0.589
 16, 19,-0.406
 16, 20, 0.493
 17, 18, 1.544
 17, 21, 0.878
 18, 19,-0.735
 20, 21, 1.606
 20, 46, 0.869
 20, 59, 0.229
 22, 50,-0.387
 22, 51,-1.073
 25, 27, 0.353
 26, 27, 0.358
 26, 29,-0.641
 26, 43, 0.376
 27, 28,-0.882
 27, 30,-0.052
 27, 44,-1.544
 28, 31,-1.207
 29, 30, 1.044
 29, 36, 0.422
 29, 43, 0.618
 30, 31, 1.624
 30, 32,-0.871
 31, 32,-1.021
 31, 82, 2.186
 32, 83,-0.990
 33, 34,-1.190
 33, 41, 1.022
 33, 85, 0.183
 34, 86,-1.075
 35, 38, 1.837
 35, 40,-0.582
 35, 61,-0.593
 37, 49,-0.188
 38, 39, 0.766
 38, 40,-0.892
 38, 41, 1.348
 38, 62, 0.333
 39, 41,-0.327
 40, 41,-1.182
 41, 42,-1.386
 43, 44,-1.462
 45, 57,-1.003
 46, 47, 0.283
 46, 59,-0.959
 47, 49, 0.274
 50, 51, 0.488
 50, 53,-0.352
 50, 55,-0.753
 50, 58, 1.839
 51, 53, 1.192
 52, 53, 1.691
 52, 54, 1.201
 53, 55,-0.589
 54, 56, 0.221
 55, 58,-0.822
 56, 58,-0.895
 57, 58, 0.005
 57, 59, 0.444
 58, 59,-0.153
 60, 65,-0.767
 63, 64, 0.027
 63, 65, 0.762
 64, 65,-1.110
 66,100, 1.728
 66,101, 0.585
 67, 68,-0.671
 67, 82,-0.868
 68, 74,-0.208
 68, 84,-0.335
 69, 70, 2.841
 69, 72,-0.628
 69, 81, 0.656
 69, 89, 0.842
 69, 93,-0.778
 69, 94,-0.860
 70, 71, 1.423
 70, 73,-0.775
 72, 81,-0.986
 74, 77,-0.999
 74, 84, 0.510
 75, 76,-0.632
 75, 80, 0.186
 77, 79,-0.641
 77, 84,-0.726
 78, 79, 0.158
 78, 80, 0.063
 78, 86, 0.185
 78, 88,-1.050
 78, 90,-0.615
 79, 80, 0.249
 79, 87,-0.133
 80, 81, 1.578
 80, 91,-0.410
 81, 89,-0.769
 81, 93,-1.227
 82, 83, 0.033
 82, 84, 2.835
 83, 84,-0.808
 83, 85,-0.969
 83, 87,-0.410
 84, 87, 1.563
 85, 86,-0.443
 85, 87,-0.720
 86, 87, 1.022
 86, 88,-0.114
 86,102,-1.065
 88, 90,-0.592
 88,102,-0.688
 89, 93, 1.060
 90, 91, 0.797
 90,102, 0.580
 91, 93, 1.321
 92, 93, 1.451
 92,104, 0.926
 93, 94, 0.806
 95, 98,-0.300
 95, 99,-1.116
 95,100,-0.134
 96,104,-0.198
 97, 98, 1.185
 98, 99, 2.191
 99,100, 2.876
 99,101, 0.268
100,101,-0.271
102,103,-1.322
105,106,-0.639
106,107, 2.355
  3,  0,-1.241
 82,  0,-1.216
  2,  1,-0.300
 33,  1,-1.200
 41,  1,-0.302
 34,  2,-1.122
 42,  2,-1.431
 86,  2, 1.936
102,  2,-0.729
 67,  3,-0.840
 82,  3, 2.131
  6,  4, 1.419
 10,  4, 1.119
 16,  4,-0.602
 20,  4, 1.528
 46,  4,-1.625
  6,  5,-1.051
  7,  5,-1.112
 13,  5,-1.056
  7,  6, 1.470
  8,  6,-1.208
 10,  6, 0.755
 11,  6,-0.562
 14,  6,-0.485
 19,  6,-1.561
  8,  7,-0.970
  9,  7,-0.535
 15,  7, 1.193
  9,  8,-1.116
 11,  8,-1.248
 11,  9,-0.503
 11, 10, 1.494
 47, 10, 0.185
 49, 11,-0.723
 14, 13,-1.304
 15, 13, 1.989
 18, 13, 2.142
 19, 14,-0.695
 17, 16,-0.058
 18, 16,-0.589
 19, 16,-0.406
 20, 16, 0.493
 18, 17, 1.544
 21, 17, 0.878
 19, 18,-0.735
 21, 20, 1.606
 46, 20, 0.869
 59, 20, 0.229
 50, 22,-0.387
 51, 22,-1.073
 27, 25, 0.353
 27, 26, 0.358
 29, 26,-0.641
 43, 26, 0.376
 28, 27,-0.882
 30, 27,-0.052
 44, 27,-1.544
 31, 28,-1.207
 30, 29, 1.044
 36, 29, 0.422
 43, 29, 0.618
 31, 30, 1.624
 32, 30,-0.871
 32, 31,-1.021
 82, 31, 2.186
 83, 32,-0.990
 34, 33,-1.190
 41, 33, 1.022
 85, 33, 0.183
 86, 34,-1.075
 38, 35, 1.837
 40, 35,-0.582
 61, 35,-0.593
 49, 37,-0.188
 39, 38, 0.766
 40, 38,-0.892
 41, 38, 1.348
 62, 38, 0.333
 41, 39,-0.327
 41, 40,-1.182
 42, 41,-1.386
 44, 43,-1.462
 57, 45,-1.003
 47, 46, 0.283
 59, 46,-0.959
 49, 47, 0.274
 51, 50, 0.488
 53, 50,-0.352
 55, 50,-0.753
 58, 50, 1.839
 53, 51, 1.192
 53, 52, 1.691
 54, 52, 1.201
 55, 53,-0.589
 56, 54, 0.221
 58, 55,-0.822
 58, 56,-0.895
 58, 57, 0.005
 59, 57, 0.444
 59, 58,-0.153
 65, 60,-0.767
 64, 63, 0.027
 65, 63, 0.762
 65, 64,-1.110
100, 66, 1.728
101, 66, 0.585
 68, 67,-0.671
 82, 67,-0.868
 74, 68,-0.208
 84, 68,-0.335
 70, 69, 2.841
 72, 69,-0.628
 81, 69, 0.656
 89, 69, 0.842
 93, 69,-0.778
 94, 69,-0.860
 71, 70, 1.423
 73, 70,-0.775
 81, 72,-0.986
 77, 74,-0.999
 84, 74, 0.510
 76, 75,-0.632
 80, 75, 0.186
 79, 77,-0.641
 84, 77,-0.726
 79, 78, 0.158
 80, 78, 0.063
 86, 78, 0.185
 88, 78,-1.050
 90, 78,-0.615
 80, 79, 0.249
 87, 79,-0.133
 81, 80, 1.578
 91, 80,-0.410
 89, 81,-0.769
 93, 81,-1.227
 83, 82, 0.033
 84, 82, 2.835
 84, 83,-0.808
 85, 83,-0.969
 87, 83,-0.410
 87, 84, 1.563
 86, 85,-0.443
 87, 85,-0.720
 87, 86, 1.022
 88, 86,-0.114
102, 86,-1.065
 90, 88,-0.592
102, 88,-0.688
 93, 89, 1.060
 91, 90, 0.797
102, 90, 0.580
 93, 91, 1.321
 93, 92, 1.451
104, 92, 0.926
 94, 93, 0.806
 98, 95,-0.300
 99, 95,-1.116
100, 95,-0.134
104, 96,-0.198
 98, 97, 1.185
 99, 98, 2.191
100, 99, 2.876
101, 99, 0.268
101,100,-0.271
103,102,-1.322
106,105,-0.639
107,106, 2.355
  0,  0,-1.374
  1,  1,-0.476
  2,  2, 2.850
  3,  3, 4.264
  4,  4, 2.095
  5,  5,-0.965
  6,  6, 3.540
  7,  7, 2.472
  8,  8,-0.766
  9,  9,-0.308
 10, 10, 2.624
 11, 11, 3.296
 12, 12,-0.786
 13, 13, 3.061
 14, 14,-0.882
 15, 15, 5.000
 16, 16, 1.694
 17, 17, 3.036
 18, 18, 4.780
 19, 19,-0.463
 20, 20, 5.000
 21, 21, 4.267
 22, 22,-0.391
 23, 23,-0.869
 24, 24, 0.484
 25, 25, 0.187
 26, 26, 0.278
 27, 27, 3.121
 28, 28,-0.821
 29, 29, 2.027
 30, 30, 2.030
 31, 31, 1.822
 32, 32, 0.437
 33, 33, 1.198
 34, 34,-1.040
 35, 35, 2.206
 36, 36,-0.387
 37, 37, 2.058
 38, 38, 5.000
 39, 39, 3.028
 40, 40,-0.107
 41, 41, 4.712
 42, 42,-1.408
 43, 43, 4.115
 44, 44,-1.487
 45, 45,-1.146
 46, 46, 0.543
 47, 47, 2.904
 48, 48,-0.667
 49, 49, 1.304
 50, 50, 3.784
 51, 51, 2.437
 52, 52, 4.208
 53, 53, 3.236
 54, 54, 1.102
 55, 55,-0.375
 56, 56, 1.434
 57, 57, 4.236
 58, 58, 2.636
 59, 59, 1.061
 60, 60, 0.182
 61, 61,-0.875
 62, 62, 0.212
 63, 63, 3.718
 64, 64, 0.113
 65, 65, 2.726
 66, 66, 3.907
 67, 67, 0.691
 68, 68, 0.248
 69, 69, 3.273
 70, 70, 2.748
 71, 71, 1.617
 72, 72,-0.185
 73, 73,-1.000
 74, 74, 2.533
 75, 75,-0.699
 76, 76, 1.333
 77, 77,-0.669
 78, 78, 1.649
 79, 79, 1.737
 80, 80, 3.540
 81, 81, 2.007
 82, 82, 5.000
 83, 83, 0.922
 84, 84, 3.760
 85, 85, 0.470
 86, 86, 3.480
 87, 87, 2.260
 88, 88, 0.158
 89, 89, 0.595
 90, 90, 2.724
 91, 91, 1.421
 92, 92, 0.419
 93, 93, 4.669
 94, 94, 0.528
 95, 95, 0.385
 96, 96,-0.061
 97, 97, 0.917
 98, 98, 2.844
 99, 99, 5.000
100,100, 4.949
101,101, 2.142
102,102, 2.067
103,103, 0.151
104,104, 2.491
105,105, 0.030
106,106, 5.000
107,107, 2.954
