from,to,weight
  0, 63, 0.329
  0, 64,-1.047
  0, 67, 0.846
  1,  7, 1.241
  1, 89, 0.369
  1, 90,-1.113
  2,  3,-1.603
  2, 37,-1.571
  2,110,-1.059
  3,  7,-1.395
  3,111,-1.406
  4,  5, 1.143
  4, 39,-0.312
  4, 47, 0.184
  4, 83, 0.330
  4,126, 0.196
  4,143,-0.490
  5, 40,-0.649
  5, 49,-0.236
  5,105,-1.323
  5,114, 2.294
  6,  7, 0.674
  6, 31,-0.376
  6, 32,-0.707
  7,  8,-0.568
  7,111, 1.938
  9, 26, 0.802
  9, 30, 0.231
  9, 60,-0.646
 10, 11,-0.004
 10, 12, 0.857
 10, 18,-0.189
 10, 22,-0.805
 10, 27, 0.905
 11, 12, 1.508
 11, 13,-1.243
 11, 15,-1.306
 11, 16, 0.139
 11, 28,-0.538
 11, 54, 0.620
 12, 13,-0.412
 12, 14, 0.290
 12, 17,-0.304
 12, 19, 0.117
 13, 14,-0.686
 13, 16,-1.053
 14, 16,-0.318
 14, 41,-0.594
 15, 16,-1.227
 15, 55,-1.349
 16, 46,-0.810
 16, 56, 0.173
 17, 19, 0.672
 18, 19, 0.427
 18, 22, 0.806
 19, 24,-1.017
 20, 21,-1.659
 22, 24,-1.555
 22, 27, 0.979
 25, 26, 2.537
 25, 27,-0.498
 25, 28,-0.400
 25, 53, 1.870
 25, 57,-1.045
 25, 72,-1.628
 26, 27, 0.987
 26, 58,-1.354
 26, 60, 0.542
 26, 73,-1.641
 27, 28,-1.360
 28, 54,-1.637
 29, 30,-0.150
 29, 59,-0.522
 29, 62, 0.547
 30, 60,-0.537
 31, 32, 1.278
 32, 34, 2.405
 33, 34, 2.886
 33, 36, 2.056
 33, 52, 1.080
 34, 37,-1.362
 35, 36,-0.107
 35, 38,-1.301
 35, 43,-0.072
 36, 37, 0.312
 36, 38,-1.595
 36, 44, 0.321
 36, 52, 0.292
 36,109,-0.287
 37,110, 0.345
 38, 45,-0.927
 38,112,-0.569
 39, 47,-0.649
 39, 83,-0.563
 40, 49,-0.523
 40,114,-0.326
 41, 46, 1.822
 41, 48, 0.348
 41, 51, 0.147
 42, 43, 0.607
 42, 48, 1.036
 42, 50,-1.204
 43, 44, 0.022
 43, 45,-0.969
 43, 50, 0.201
 45, 50,-0.811
 45,112,-1.538
 46, 47, 0.470
 46, 48, 1.391
 46, 56, 0.054
 46, 79, 0.183
 46, 82, 1.380
 47, 48, 0.985
 47, 49,-0.702
 47, 83, 0.852
 48, 49,-0.186
 48, 50, 1.521
 49, 50, 0.079
 49,114,-1.178
 50,115,-0.777
 53, 54, 0.864
 53, 55, 1.206
 53, 57,-0.394
 53, 75,-0.045
 54, 55,-0.989
 55, 56, 0.539
 55, 76,-1.394
 55, 77, 0.713
 56, 79,-1.537
 57, 72,-0.079
 57, 75,-0.733
 58, 60,-1.483
 58, 73,-1.401
 59, 60, 0.119
 59, 61,-1.665
 59, 62, 0.478
 59, 66,-1.230
 59, 68,-0.271
 59, 71, 0.610
 60, 73, 0.831
 61, 66,-1.672
 61, 68,-1.692
 62, 66, 1.691
 63, 64, 0.416
 64, 66,-1.101
 64, 67, 1.643
 65, 66, 0.049
 66, 68, 1.302
 67, 68,-0.812
 67, 69, 0.899
 68, 71, 0.994
 69, 70,-0.685
 69, 71,-0.506
 70, 71,-0.950
 70, 72, 0.878
 70, 74,-0.227
 70, 85,-0.445
 71, 72, 1.708
 71, 73, 0.806
 72, 73, 0.272
 72, 75, 0.944
 74, 75,-0.685
 74, 85, 0.714
 75, 76,-0.331
 75, 86,-1.084
 76, 77,-0.379
 76, 87,-1.254
 77, 78,-0.787
 77, 79, 0.890
 77, 87, 0.355
 78, 79,-1.551
 78, 81,-0.587
 78, 88,-0.790
 79, 82,-0.146
 80, 81,-1.610
 80, 84,-1.671
 80,141,-1.680
 80,144,-1.606
 81, 82, 1.777
 81, 83,-0.342
 81, 88, 2.355
 81,142, 0.433
 82, 83,-0.586
 83,143, 0.678
 84, 88, 0.057
 84,144, 0.537
 85, 86,-1.090
 85, 87, 0.006
 86, 87,-0.868
 87, 88, 0.713
 89, 90,-0.108
 90, 91, 0.782
 90, 99, 0.360
 90,111, 0.244
 91,100, 1.134
 91,113, 0.213
 92, 93,-1.097
 92, 94, 1.886
 92,106,-0.718
 92,117, 0.521
 92,121,-0.594
 93, 94,-0.151
 93, 95,-1.069
 93,103,-1.517
 93,108,-0.258
 94, 96, 2.374
 95, 96, 1.480
 95,103, 1.725
 96, 97, 2.371
 97, 98, 1.630
 99,100, 0.410
100,102, 0.751
100,113,-1.129
101,102,-1.281
101,103,-1.215
101,106,-1.345
102,103, 0.114
102,104, 0.019
102,107, 0.372
102,116,-0.281
103,104,-0.202
103,108, 0.703
105,106, 1.049
105,107,-0.369
105,114, 0.605
106,107, 0.931
106,108, 1.136
106,117, 0.484
106,121,-0.173
107,116, 0.347
109,110,-0.249
109,112,-1.687
110,111, 1.743
110,112, 0.630
111,112, 0.185
111,113, 1.120
112,113,-1.151
112,114,-1.050
112,115,-0.104
112,116, 0.657
113,116, 0.774
114,115,-0.760
114,116, 1.240
117,121, 1.410
118,119, 0.564
118,120,-1.443
118,121, 1.056
119,120, 1.025
119,121,-1.303
119,130, 1.906
120,121,-0.317
120,127, 0.181
120,134,-0.732
122,132,-1.063
122,137,-0.416
123,129, 0.665
125,141,-1.050
125,144, 0.720
126,133,-1.434
126,143, 0.018
127,134, 0.430
128,129,-0.063
128,130, 0.834
129,130, 0.561
130,134, 0.148
130,135, 0.956
131,133,-1.077
131,134, 0.343
131,136, 0.594
131,140,-0.375
132,137, 0.092
133,143,-1.411
134,139,-0.498
135,136,-0.739
135,137, 1.566
135,139, 0.484
136,137, 1.378
136,138, 2.215
136,139, 0.375
136,140, 0.889
137,138, 1.475
138,141, 2.634
140,141,-1.322
140,142,-0.962
140,143, 1.464
141,142,-0.012
141,144, 2.717
 63,  0, 0.329
 64,  0,-1.047
 67,  0, 0.846
  7,  1, 1.241
 89,  1, 0.369
 90,  1,-1.113
  3,  2,-1.603
 37,  2,-1.571
110,  2,-1.059
  7,  3,-1.395
111,  3,-1.406
  5,  4, 1.143
 39,  4,-0.312
 47,  4, 0.184
 83,  4, 0.330
126,  4, 0.196
143,  4,-0.490
 40,  5,-0.649
 49,  5,-0.236
105,  5,-1.323
114,  5, 2.294
  7,  6, 0.674
 31,  6,-0.376
 32,  6,-0.707
  8,  7,-0.568
111,  7, 1.938
 26,  9, 0.802
 30,  9, 0.231
 60,  9,-0.646
 11, 10,-0.004
 12, 10, 0.857
 18, 10,-0.189
 22, 10,-0.805
 27, 10, 0.905
 12, 11, 1.508
 13, 11,-1.243
 15, 11,-1.306
 16, 11, 0.139
 28, 11,-0.538
 54, 11, 0.620
 13, 12,-0.412
 14, 12, 0.290
 17, 12,-0.304
 19, 12, 0.117
 14, 13,-0.686
 16, 13,-1.053
 16, 14,-0.318
 41, 14,-0.594
 16, 15,-1.227
 55, 15,-1.349
 46, 16,-0.810
 56, 16, 0.173
 19, 17, 0.672
 19, 18, 0.427
 22, 18, 0.806
 24, 19,-1.017
 21, 20,-1.659
 24, 22,-1.555
 27, 22, 0.979
 26, 25, 2.537
 27, 25,-0.498
 28, 25,-0.400
 53, 25, 1.870
 57, 25,-1.045
 72, 25,-1.628
 27, 26, 0.987
 58, 26,-1.354
 60, 26, 0.542
 73, 26,-1.641
 28, 27,-1.360
 54, 28,-1.637
 30, 29,-0.150
 59, 29,-0.522
 62, 29, 0.547
 60, 30,-0.537
 32, 31, 1.278
 34, 32, 2.405
 34, 33, 2.886
 36, 33, 2.056
 52, 33, 1.080
 37, 34,-1.362
 36, 35,-0.107
 38, 35,-1.301
 43, 35,-0.072
 37, 36, 0.312
 38, 36,-1.595
 44, 36, 0.321
 52, 36, 0.292
109, 36,-0.287
110, 37, 0.345
 45, 38,-0.927
112, 38,-0.569
 47, 39,-0.649
 83, 39,-0.563
 49, 40,-0.523
114, 40,-0.326
 46, 41, 1.822
 48, 41, 0.348
 51, 41, 0.147
 43, 42, 0.607
 48, 42, 1.036
 50, 42,-1.204
 44, 43, 0.022
 45, 43,-0.969
 50, 43, 0.201
 50, 45,-0.811
112, 45,-1.538
 47, 46, 0.470
 48, 46, 1.391
 56, 46, 0.054
 79, 46, 0.183
 82, 46, 1.380
 48, 47, 0.985
 49, 47,-0.702
 83, 47, 0.852
 49, 48,-0.186
 50, 48, 1.521
 50, 49, 0.079
114, 49,-1.178
115, 50,-0.777
 54, 53, 0.864
 55, 53, 1.206
 57, 53,-0.394
 75, 53,-0.045
 55, 54,-0.989
 56, 55, 0.539
 76, 55,-1.394
 77, 55, 0.713
 79, 56,-1.537
 72, 57,-0.079
 75, 57,-0.733
 60, 58,-1.483
 73, 58,-1.401
 60, 59, 0.119
 61, 59,-1.665
 62, 59, 0.478
 66, 59,-1.230
 68, 59,-0.271
 71, 59, 0.610
 73, 60, 0.831
 66, 61,-1.672
 68, 61,-1.692
 66, 62, 1.691
 64, 63, 0.416
 66, 64,-1.101
 67, 64, 1.643
 66, 65, 0.049
 68, 66, 1.302
 68, 67,-0.812
 69, 67, 0.899
 71, 68, 0.994
 70, 69,-0.685
 71, 69,-0.506
 71, 70,-0.950
 72, 70, 0.878
 74, 70,-0.227
 85, 70,-0.445
 72, 71, 1.708
 73, 71, 0.806
 73, 72, 0.272
 75, 72, 0.944
 75, 74,-0.685
 85, 74, 0.714
 76, 75,-0.331
 86, 75,-1.084
 77, 76,-0.379
 87, 76,-1.254
 78, 77,-0.787
 79, 77, 0.890
 87, 77, 0.355
 79, 78,-1.551
 81, 78,-0.587
 88, 78,-0.790
 82, 79,-0.146
 81, 80,-1.610
 84, 80,-1.671
141, 80,-1.680
144, 80,-1.606
 82, 81, 1.777
 83, 81,-0.342
 88, 81, 2.355
142, 81, 0.433
 83, 82,-0.586
143, 83, 0.678
 88, 84, 0.057
144, 84, 0.537
 86, 85,-1.090
 87, 85, 0.006
 87, 86,-0.868
 88, 87, 0.713
 90, 89,-0.108
 91, 90, 0.782
 99, 90, 0.360
111, 90, 0.244
100, 91, 1.134
113, 91, 0.213
 93, 92,-1.097
 94, 92, 1.886
106, 92,-0.718
117, 92, 0.521
121, 92,-0.594
 94, 93,-0.151
 95, 93,-1.069
103, 93,-1.517
108, 93,-0.258
 96, 94, 2.374
 96, 95, 1.480
103, 95, 1.725
 97, 96, 2.371
 98, 97, 1.630
100, 99, 0.410
102,100, 0.751
113,100,-1.129
102,101,-1.281
103,101,-1.215
106,101,-1.345
103,102, 0.114
104,102, 0.019
107,102, 0.372
116,102,-0.281
104,103,-0.202
108,103, 0.703
106,105, 1.049
107,105,-0.369
114,105, 0.605
107,106, 0.931
108,106, 1.136
117,106, 0.484
121,106,-0.173
116,107, 0.347
110,109,-0.249
112,109,-1.687
111,110, 1.743
112,110, 0.630
112,111, 0.185
113,111, 1.120
113,112,-1.151
114,112,-1.050
115,112,-0.104
116,112, 0.657
116,113, 0.774
115,114,-0.760
116,114, 1.240
121,117, 1.410
119,118, 0.564
120,118,-1.443
121,118, 1.056
120,119, 1.025
121,119,-1.303
130,119, 1.906
121,120,-0.317
127,120, 0.181
134,120,-0.732
132,122,-1.063
137,122,-0.416
129,123, 0.665
141,125,-1.050
144,125, 0.720
133,126,-1.434
143,126, 0.018
134,127, 0.430
129,128,-0.063
130,128, 0.834
130,129, 0.561
134,130, 0.148
135,130, 0.956
133,131,-1.077
134,131, 0.343
136,131, 0.594
140,131,-0.375
137,132, 0.092
143,133,-1.411
139,134,-0.498
136,135,-0.739
137,135, 1.566
139,135, 0.484
137,136, 1.378
138,136, 2.215
139,136, 0.375
140,136, 0.889
138,137, 1.475
141,138, 2.634
141,140,-1.322
142,140,-0.962
143,140, 1.464
142,141,-0.012
144,141, 2.717
  0,  0, 1.239
  1,  1, 1.365
  2,  2,-1.069
  3,  3,-1.484
  4,  4, 3.812
  5,  5, 3.866
  6,  6, 0.506
  7,  7, 5.000
  8,  8,-0.899
  9,  9, 1.088
 10, 10, 2.362
 11, 11, 2.722
 12, 12, 4.386
 13, 13,-0.197
 14, 14, 1.320
 15, 15,-1.216
 16, 16, 1.557
 17, 17, 1.568
 18, 18, 0.936
 19, 19, 4.903
 20, 20,-0.338
 21, 21,-0.139
 22, 22, 3.451
 23, 23, 1.439
 24, 24,-1.133
 25, 25, 2.897
 26, 26, 4.926
 27, 27, 3.216
 28, 28,-0.849
 29, 29, 0.639
 30, 30, 1.372
 31, 31, 2.483
 32, 32, 2.454
 33, 33, 3.653
 34, 34, 1.514
 35, 35,-0.739
 36, 36, 3.996
 37, 37, 0.070
 38, 38,-0.859
 39, 39,-0.348
 40, 40,-0.289
 41, 41, 3.278
 42, 42, 0.159
 43, 43, 2.280
 44, 44,-0.356
 45, 45,-0.677
 46, 46, 5.000
 47, 47, 2.795
 48, 48, 5.000
 49, 49, 1.581
 50, 50, 2.462
 51, 51, 1.048
 52, 52, 2.846
 53, 53, 3.483
 54, 54, 0.661
 55, 55, 1.784
 56, 56, 0.667
 57, 57,-0.103
 58, 58,-1.365
 59, 59, 2.595
 60, 60, 2.327
 61, 61,-1.680
 62, 62, 3.035
 63, 63, 1.568
 64, 64, 2.726
 65, 65, 1.873
 66, 66, 5.000
 67, 67, 4.327
 68, 68, 1.404
 69, 69, 0.946
 70, 70, 2.626
 71, 71, 4.192
 72, 72, 3.758
 73, 73, 1.543
 74, 74,-0.128
 75, 75, 2.014
 76, 76,-0.565
 77, 77, 2.402
 78, 78,-0.428
 79, 79, 0.786
 80, 80,-1.617
 81, 81, 3.366
 82, 82, 2.345
 83, 83, 3.200
 84, 84, 0.591
 85, 85, 4.019
 86, 86,-0.897
 87, 87, 1.751
 88, 88, 4.052
 89, 89, 0.556
 90, 90, 4.104
 91, 91, 1.560
 92, 92, 3.314
 93, 93, 0.255
 94, 94, 3.433
 95, 95, 2.688
 96, 96, 3.863
 97, 97, 3.318
 98, 98, 1.811
 99, 99, 2.293
100,100, 4.434
101,101,-1.213
102,102, 3.331
103,103, 2.523
104,104, 1.533
105,105, 1.438
106,106, 4.054
107,107, 1.389
108,108, 1.313
109,109,-0.928
110,110, 2.046
111,111, 4.748
112,112, 2.997
113,113, 1.501
114,114, 3.633
115,115,-0.296
116,116, 3.131
117,117, 1.060
118,118, 0.073
119,119, 2.561
120,120, 1.578
121,121, 4.763
122,122, 1.682
123,123, 2.096
124,124, 1.628
125,125, 1.487
126,126, 0.057
127,127, 1.259
128,128, 0.101
129,129, 2.773
130,130, 5.000
131,131, 1.092
132,132,-0.363
133,133,-0.964
134,134, 2.122
135,135, 2.650
136,136, 4.187
137,137, 5.000
138,138, 3.471
139,139, 0.789
140,140, 1.806
141,141, 2.467
142,142, 0.497
143,143, 2.260
144,144, 4.405
