from,to,weight
 0, 2, 0.817
 1, 2, 1.449
 1, 3, 0.935
 1, 6, 0.238
 2, 4,-1.449
 2, 7,-1.126
 2,18, 0.610
 2,19,-1.027
 3, 6,-0.083
 3,10, 0.289
 3,87,-1.501
 5, 6, 0.001
 5, 9,-1.269
 5,25,-0.023
 6, 7,-0.217
 6,10, 0.032
 6,26,-1.118
 7,18, 0.126
 7,27,-0.568
 8, 9, 0.247
 8,10,-0.974
 8,24,-0.436
 8,32,-0.832
 8,34, 0.836
 8,85, 0.996
 9,10,-0.433
 9,25,-0.734
10,87, 0.355
12,13,-0.037
13,14, 2.647
13,20,-0.963
13,21,-0.998
13,29, 0.930
14,15,-1.307
14,17, 2.284
14,20,-1.299
14,21, 0.486
15,18,-0.505
15,27,-0.680
16,17, 0.355
17,18, 1.982
18,19,-0.093
18,27,-0.755
20,21,-0.709
21,22, 1.357
21,27, 0.543
21,29, 0.159
22,23, 0.214
22,25, 1.396
22,27,-1.235
22,30,-1.059
23,24,-0.478
23,25,-1.634
23,31, 0.132
24,25,-0.667
24,32,-1.240
25,26,-1.141
25,27, 0.705
26,27,-1.575
28,31, 0.037
29,30, 0.037
29,31,-1.165
30,31, 0.402
31,32, 0.158
31,33, 1.832
32,34,-0.414
33,34,-0.914
33,39, 1.740
34,40,-0.601
34,85, 0.181
35,36,-1.671
35,38,-1.684
35,77,-1.674
36,37,-0.034
36,38, 0.409
36,39,-0.770
36,41, 0.089
36,78,-0.708
36,91, 0.395
37,38,-0.801
37,39, 0.920
37,42,-0.159
38,39, 1.260
38,79, 0.183
39,40, 0.069
39,81,-0.414
39,84,-1.406
40,85, 0.102
41,42, 1.068
41,91, 0.303
42,92, 0.120
43,44,-0.932
43,53,-1.633
43,90,-1.260
44,45, 2.065
44,46, 1.070
44,48, 0.234
44,53, 1.419
45,49,-0.688
45,54, 0.327
46,48, 1.229
47,49, 0.389
47,56, 0.296
48,49, 0.038
49,54, 0.307
49,59,-0.902
50,51,-1.263
50,54, 0.779
50,58, 0.319
50,62, 1.608
50,64, 1.967
51,52,-1.238
51,54,-1.586
51,65,-1.592
52,53, 1.529
52,54,-0.503
52,67, 1.710
52,89, 1.065
53,54,-0.813
53,90,-1.480
54,59,-1.517
55,57,-1.173
55,60,-0.908
56,57, 2.110
56,58, 1.172
56,59,-0.708
56,60, 0.877
57,60, 0.054
58,59,-1.086
58,62, 1.041
61,62, 0.608
62,64, 0.841
63,64, 1.229
63,65,-0.988
63,68, 0.759
64,65, 0.962
65,66,-0.123
65,67, 0.183
65,70, 0.390
66,67, 2.441
66,71, 3.062
66,76,-1.207
66,88,-0.066
67,77,-0.660
67,89,-0.577
68,69,-0.390
68,70,-1.214
69,70, 0.439
69,71,-1.349
69,72,-0.453
70,71, 0.035
71,72, 2.610
71,76,-0.120
73,75,-0.430
73,83,-0.770
74,75,-0.838
74,82,-0.909
74,85,-0.814
75,83, 1.623
75,86,-0.940
76,77, 0.185
76,80,-1.334
77,78,-0.867
77,79, 1.660
77,80,-0.417
77,89, 1.172
78,91,-1.258
79,80,-0.933
79,81,-0.120
79,82,-1.413
79,83, 2.265
80,83,-0.646
81,82,-0.497
81,84,-1.115
82,83,-0.668
82,85, 1.203
84,85,-0.860
85,86,-0.343
85,87,-0.338
86,87,-0.268
88,89,-0.163
89,90,-0.836
89,91, 1.363
 2, 0, 0.817
 2, 1, 1.449
 3, 1, 0.935
 6, 1, 0.238
 4, 2,-1.449
 7, 2,-1.126
18, 2, 0.610
19, 2,-1.027
 6, 3,-0.083
10, 3, 0.289
87, 3,-1.501
 6, 5, 0.001
 9, 5,-1.269
25, 5,-0.023
 7, 6,-0.217
10, 6, 0.032
26, 6,-1.118
18, 7, 0.126
27, 7,-0.568
 9, 8, 0.247
10, 8,-0.974
24, 8,-0.436
32, 8,-0.832
34, 8, 0.836
85, 8, 0.996
10, 9,-0.433
25, 9,-0.734
87,10, 0.355
13,12,-0.037
14,13, 2.647
20,13,-0.963
21,13,-0.998
29,13, 0.930
15,14,-1.307
17,14, 2.284
20,14,-1.299
21,14, 0.486
18,15,-0.505
27,15,-0.680
17,16, 0.355
18,17, 1.982
19,18,-0.093
27,18,-0.755
21,20,-0.709
22,21, 1.357
27,21, 0.543
29,21, 0.159
23,22, 0.214
25,22, 1.396
27,22,-1.235
30,22,-1.059
24,23,-0.478
25,23,-1.634
31,23, 0.132
25,24,-0.667
32,24,-1.240
26,25,-1.141
27,25, 0.705
27,26,-1.575
31,28, 0.037
30,29, 0.037
31,29,-1.165
31,30, 0.402
32,31, 0.158
33,31, 1.832
34,32,-0.414
34,33,-0.914
39,33, 1.740
40,34,-0.601
85,34, 0.181
36,35,-1.671
38,35,-1.684
77,35,-1.674
37,36,-0.034
38,36, 0.409
39,36,-0.770
41,36, 0.089
78,36,-0.708
91,36, 0.395
38,37,-0.801
39,37, 0.920
42,37,-0.159
39,38, 1.260
79,38, 0.183
40,39, 0.069
81,39,-0.414
84,39,-1.406
85,40, 0.102
42,41, 1.068
91,41, 0.303
92,42, 0.120
44,43,-0.932
53,43,-1.633
90,43,-1.260
45,44, 2.065
46,44, 1.070
48,44, 0.234
53,44, 1.419
49,45,-0.688
54,45, 0.327
48,46, 1.229
49,47, 0.389
56,47, 0.296
49,48, 0.038
54,49, 0.307
59,49,-0.902
51,50,-1.263
54,50, 0.779
58,50, 0.319
62,50, 1.608
64,50, 1.967
52,51,-1.238
54,51,-1.586
65,51,-1.592
53,52, 1.529
54,52,-0.503
67,52, 1.710
89,52, 1.065
54,53,-0.813
90,53,-1.480
59,54,-1.517
57,55,-1.173
60,55,-0.908
57,56, 2.110
58,56, 1.172
59,56,-0.708
60,56, 0.877
60,57, 0.054
59,58,-1.086
62,58, 1.041
62,61, 0.608
64,62, 0.841
64,63, 1.229
65,63,-0.988
68,63, 0.759
65,64, 0.962
66,65,-0.123
67,65, 0.183
70,65, 0.390
67,66, 2.441
71,66, 3.062
76,66,-1.207
88,66,-0.066
77,67,-0.660
89,67,-0.577
69,68,-0.390
70,68,-1.214
70,69, 0.439
71,69,-1.349
72,69,-0.453
71,70, 0.035
72,71, 2.610
76,71,-0.120
75,73,-0.430
83,73,-0.770
75,74,-0.838
82,74,-0.909
85,74,-0.814
83,75, 1.623
86,75,-0.940
77,76, 0.185
80,76,-1.334
78,77,-0.867
79,77, 1.660
80,77,-0.417
89,77, 1.172
91,78,-1.258
80,79,-0.933
81,79,-0.120
82,79,-1.413
83,79, 2.265
83,80,-0.646
82,81,-0.497
84,81,-1.115
83,82,-0.668
85,82, 1.203
85,84,-0.860
86,85,-0.343
87,85,-0.338
87,86,-0.268
89,88,-0.163
90,89,-0.836
91,89, 1.363
 0, 0, 1.128
 1, 1, 1.373
 2, 2, 3.359
 3, 3, 3.683
 4, 4,-1.403
 5, 5,-0.699
 6, 6, 2.324
 7, 7,-0.110
 8, 8, 2.689
 9, 9, 0.338
10,10, 1.540
11,11, 0.157
12,12, 0.302
13,13, 5.000
14,14, 3.777
15,15,-0.801
16,16, 0.970
17,17, 3.281
18,18, 5.000
19,19,-0.216
20,20,-0.893
21,21, 3.223
22,22, 2.103
23,23, 0.161
24,24, 0.003
25,25, 2.457
26,26,-1.373
27,27, 2.015
28,28, 0.267
29,29, 1.665
30,30,-0.338
31,31, 4.141
32,32, 0.212
33,33, 1.906
34,34, 1.672
35,35,-1.673
36,36, 2.718
37,37, 0.356
38,38, 1.930
39,39, 4.297
40,40,-0.416
41,41, 1.925
42,42, 3.274
43,43,-1.279
44,44, 5.000
45,45, 1.378
46,46, 2.584
47,47, 0.085
48,48, 1.784
49,49, 2.272
50,50, 3.342
51,51,-1.307
52,52, 3.250
53,53, 0.004
54,54, 1.751
55,55,-1.008
56,56, 4.149
57,57, 4.542
58,58, 2.670
59,59,-0.690
60,60, 3.695
61,61, 0.942
62,62, 4.023
63,63, 1.374
64,64, 3.383
65,65, 2.280
66,66, 3.120
67,67, 1.835
68,68, 2.727
69,69, 1.470
70,70, 0.881
71,71, 4.424
72,72, 2.914
73,73, 0.048
74,74,-0.661
75,75, 3.716
76,76,-0.340
77,77, 3.402
78,78,-0.829
79,79, 2.980
80,80, 0.152
81,81, 0.262
82,82,-0.056
83,83, 2.394
84,84,-1.377
85,85, 4.514
86,86,-0.328
87,87, 3.313
88,88,-0.309
89,89, 3.709
90,90,-0.916
91,91, 1.851
92,92, 2.033
