from,to,weight
 0, 1, 1.820
 0, 2,-1.365
 0, 4, 1.542
 1, 3,-1.170
 2, 3,-0.240
 2, 4, 0.335
 2, 5,-1.071
 4, 5,-1.078
 4, 8,-1.650
 4,72,-0.711
 6, 7,-0.948
 6,15,-0.040
 6,17,-0.856
 6,19,-0.863
 6,70, 1.620
 7,71,-1.458
 9,10, 0.529
 9,12,-0.923
10,11, 0.592
10,12,-0.269
12,13,-0.211
12,14,-0.530
13,14, 0.194
14,15, 0.101
14,16, 1.996
15,17,-1.565
16,17,-0.599
16,18,-0.223
16,24, 0.343
17,19,-1.363
18,19,-0.933
18,24,-0.579
18,69,-1.598
19,70,-0.802
20,21,-1.257
20,22,-1.031
20,26,-0.358
20,74,-0.739
21,22, 1.727
21,23,-1.154
21,64, 0.331
21,75,-0.029
22,23,-1.339
22,24, 0.937
23,24,-1.027
23,65,-1.199
24,25,-1.465
24,66, 0.463
24,69,-0.470
25,67,-1.615
25,70,-1.504
26,27,-1.219
26,28, 1.070
26,74,-0.504
28,29, 1.705
28,37,-0.321
28,74,-0.134
29,30,-0.349
29,31, 0.429
29,37, 1.155
30,31, 0.673
30,34,-0.105
30,38,-0.452
32,34,-0.326
32,39,-0.437
33,35, 0.018
33,43,-0.495
34,38,-0.206
35,36,-0.031
35,38, 0.131
35,43,-0.483
35,45, 0.191
35,47, 0.027
36,37, 1.545
36,38,-1.525
36,50, 1.216
36,73,-0.415
37,38,-0.210
37,74, 0.430
39,40, 1.313
39,41,-1.626
39,43, 1.766
40,41, 2.188
41,42, 1.507
41,43,-1.075
42,43,-0.057
42,44, 0.145
43,45, 1.983
44,45, 0.606
45,47, 0.114
46,60,-0.163
46,67,-1.061
46,70, 0.112
47,48, 1.335
47,50, 0.156
48,49, 0.900
48,50,-1.381
49,50, 2.263
49,51, 1.379
50,52, 0.472
50,63,-0.119
50,73, 1.016
51,52, 1.199
51,54, 1.163
51,55, 0.502
52,53,-0.796
52,55, 0.489
52,63,-0.078
53,57,-0.434
53,65,-1.161
54,55,-0.296
54,56, 0.043
55,56,-0.237
55,57,-0.198
57,61, 1.155
57,68,-1.406
58,59,-1.481
58,61, 0.634
58,65, 0.138
59,60,-1.445
59,61,-1.554
59,66,-1.440
60,61, 0.919
60,62,-1.129
60,67, 0.750
61,62,-1.047
61,68,-1.221
63,64,-0.487
63,65, 1.123
63,73,-0.115
64,65, 0.328
64,75, 0.453
65,66, 1.825
65,68,-1.044
66,67, 1.461
67,70, 2.796
69,70,-0.547
70,71,-0.304
70,72, 0.939
71,72,-0.524
73,74,-0.372
73,75, 0.228
74,75, 0.888
 1, 0, 1.820
 2, 0,-1.365
 4, 0, 1.542
 3, 1,-1.170
 3, 2,-0.240
 4, 2, 0.335
 5, 2,-1.071
 5, 4,-1.078
 8, 4,-1.650
72, 4,-0.711
 7, 6,-0.948
15, 6,-0.040
17, 6,-0.856
19, 6,-0.863
70, 6, 1.620
71, 7,-1.458
10, 9, 0.529
12, 9,-0.923
11,10, 0.592
12,10,-0.269
13,12,-0.211
14,12,-0.530
14,13, 0.194
15,14, 0.101
16,14, 1.996
17,15,-1.565
17,16,-0.599
18,16,-0.223
24,16, 0.343
19,17,-1.363
19,18,-0.933
24,18,-0.579
69,18,-1.598
70,19,-0.802
21,20,-1.257
22,20,-1.031
26,20,-0.358
74,20,-0.739
22,21, 1.727
23,21,-1.154
64,21, 0.331
75,21,-0.029
23,22,-1.339
24,22, 0.937
24,23,-1.027
65,23,-1.199
25,24,-1.465
66,24, 0.463
69,24,-0.470
67,25,-1.615
70,25,-1.504
27,26,-1.219
28,26, 1.070
74,26,-0.504
29,28, 1.705
37,28,-0.321
74,28,-0.134
30,29,-0.349
31,29, 0.429
37,29, 1.155
31,30, 0.673
34,30,-0.105
38,30,-0.452
34,32,-0.326
39,32,-0.437
35,33, 0.018
43,33,-0.495
38,34,-0.206
36,35,-0.031
38,35, 0.131
43,35,-0.483
45,35, 0.191
47,35, 0.027
37,36, 1.545
38,36,-1.525
50,36, 1.216
73,36,-0.415
38,37,-0.210
74,37, 0.430
40,39, 1.313
41,39,-1.626
43,39, 1.766
41,40, 2.188
42,41, 1.507
43,41,-1.075
43,42,-0.057
44,42, 0.145
45,43, 1.983
45,44, 0.606
47,45, 0.114
60,46,-0.163
67,46,-1.061
70,46, 0.112
48,47, 1.335
50,47, 0.156
49,48, 0.900
50,48,-1.381
50,49, 2.263
51,49, 1.379
52,50, 0.472
63,50,-0.119
73,50, 1.016
52,51, 1.199
54,51, 1.163
55,51, 0.502
53,52,-0.796
55,52, 0.489
63,52,-0.078
57,53,-0.434
65,53,-1.161
55,54,-0.296
56,54, 0.043
56,55,-0.237
57,55,-0.198
61,57, 1.155
68,57,-1.406
59,58,-1.481
61,58, 0.634
65,58, 0.138
60,59,-1.445
61,59,-1.554
66,59,-1.440
61,60, 0.919
62,60,-1.129
67,60, 0.750
62,61,-1.047
68,61,-1.221
64,63,-0.487
65,63, 1.123
73,63,-0.115
65,64, 0.328
75,64, 0.453
66,65, 1.825
68,65,-1.044
67,66, 1.461
70,67, 2.796
70,69,-0.547
71,70,-0.304
72,70, 0.939
72,71,-0.524
74,73,-0.372
75,73, 0.228
75,74, 0.888
 0, 0, 2.696
 1, 1, 4.704
 2, 2, 1.010
 3, 3, 0.094
 4, 4, 3.681
 5, 5,-0.769
 6, 6, 2.057
 7, 7,-0.969
 8, 8,-1.668
 9, 9, 0.460
10,10, 4.672
11,11, 1.874
12,12, 3.237
13,13, 0.447
14,14, 2.403
15,15,-0.046
16,16, 4.341
17,17,-0.898
18,18,-0.587
19,19,-0.446
20,20,-0.325
21,21, 1.772
22,22, 2.738
23,23,-0.799
24,24, 3.613
25,25,-1.540
26,26, 2.460
27,27,-1.382
28,28, 1.481
29,29, 4.296
30,30, 1.332
31,31, 3.766
32,32, 1.898
33,33, 0.117
34,34, 1.121
35,35, 2.875
36,36, 2.296
37,37, 2.920
38,38, 0.996
39,39, 2.967
40,40, 3.632
41,41, 1.949
42,42, 2.604
43,43, 3.366
44,44, 2.103
45,45, 2.526
46,46,-0.084
47,47, 2.485
48,48, 1.736
49,49, 3.047
50,50, 3.626
51,51, 5.000
52,52, 2.706
53,53,-0.719
54,54, 2.695
55,55, 2.865
56,56, 0.747
57,57, 2.014
58,58, 0.102
59,59,-1.314
60,60, 1.764
61,61, 4.462
62,62,-0.834
63,63, 2.391
64,64, 1.537
65,65, 3.339
66,66, 1.948
67,67, 1.121
68,68,-1.233
69,69,-0.951
70,70, 5.000
71,71,-0.512
72,72, 4.078
73,73, 2.203
74,74, 2.647
75,75, 2.056
