from,to,weight
 0, 1, 0.454
 0,28, 0.876
 1,28, 0.207
 1,31,-0.513
 1,36,-0.959
 1,64, 1.504
 2, 3,-0.843
 2, 4, 0.582
 2,34,-0.293
 2,38,-0.316
 2,44,-0.978
 3, 4,-1.575
 3, 5,-0.817
 3,35,-1.612
 4, 6, 0.567
 4,45,-0.245
 4,68,-1.029
 5, 6, 0.456
 5, 7,-0.481
 5, 9, 1.130
 5,35,-0.384
 6, 7, 0.464
 6,68, 2.204
 7, 8, 0.309
 7,10, 1.524
 8,11,-1.571
 8,12,-0.405
 9,10, 1.283
 9,17, 0.434
 9,35,-0.517
10,11,-0.077
10,18,-0.075
11,13,-0.298
12,13,-1.035
14,15,-0.466
14,19,-1.044
14,20, 0.362
15,16, 0.394
15,19,-0.454
15,21,-0.409
15,25,-0.790
15,27,-0.977
15,30,-0.043
16,17, 0.031
16,19, 0.149
16,33,-0.822
17,18,-0.409
17,19,-0.692
17,35, 0.064
18,19, 0.613
20,21,-0.989
20,24, 1.861
20,26, 0.806
21,27,-0.786
22,23, 1.745
23,24, 3.106
24,26,-0.456
25,27,-0.727
26,27, 2.166
27,28, 2.324
27,29,-1.546
27,30, 1.373
28,29,-1.153
28,31,-0.301
29,32,-1.143
30,32,-1.181
30,33, 1.075
31,32, 0.256
31,36,-0.995
32,33,-0.141
32,34,-0.912
32,37,-0.739
32,40,-0.141
33,34, 1.225
33,35, 0.729
34,35,-1.180
34,38, 0.666
34,42,-1.544
36,37,-1.655
37,40,-0.975
37,65,-1.395
38,42, 0.884
38,44,-1.580
39,43,-0.857
39,59, 0.257
39,66,-0.269
40,41,-0.552
40,42, 0.869
40,62, 1.156
40,65,-0.211
41,42,-0.850
41,43,-0.655
42,43,-0.141
42,44,-0.060
45,67, 0.185
45,68,-0.067
46,47,-0.403
47,48,-1.458
47,49, 1.385
47,66, 0.744
48,49,-1.039
49,50,-1.116
49,51, 1.796
49,59,-0.818
49,66, 0.540
50,52,-0.272
50,60,-0.800
51,52,-0.554
52,53, 1.455
52,54,-1.190
52,55,-1.186
52,60,-0.123
53,54, 1.431
54,57, 1.610
55,56,-1.649
55,57,-1.090
55,60,-0.681
56,57,-1.640
58,61,-1.207
59,60, 1.856
59,66, 1.496
60,63, 1.363
61,62,-0.570
62,63, 0.827
62,65, 0.774
64,65, 0.473
67,68, 0.551
67,69, 0.405
68,69,-1.689
69,70, 2.384
 1, 0, 0.454
28, 0, 0.876
28, 1, 0.207
31, 1,-0.513
36, 1,-0.959
64, 1, 1.504
 3, 2,-0.843
 4, 2, 0.582
34, 2,-0.293
38, 2,-0.316
44, 2,-0.978
 4, 3,-1.575
 5, 3,-0.817
35, 3,-1.612
 6, 4, 0.567
45, 4,-0.245
68, 4,-1.029
 6, 5, 0.456
 7, 5,-0.481
 9, 5, 1.130
35, 5,-0.384
 7, 6, 0.464
68, 6, 2.204
 8, 7, 0.309
10, 7, 1.524
11, 8,-1.571
12, 8,-0.405
10, 9, 1.283
17, 9, 0.434
35, 9,-0.517
11,10,-0.077
18,10,-0.075
13,11,-0.298
13,12,-1.035
15,14,-0.466
19,14,-1.044
20,14, 0.362
16,15, 0.394
19,15,-0.454
21,15,-0.409
25,15,-0.790
27,15,-0.977
30,15,-0.043
17,16, 0.031
19,16, 0.149
33,16,-0.822
18,17,-0.409
19,17,-0.692
35,17, 0.064
19,18, 0.613
21,20,-0.989
24,20, 1.861
26,20, 0.806
27,21,-0.786
23,22, 1.745
24,23, 3.106
26,24,-0.456
27,25,-0.727
27,26, 2.166
28,27, 2.324
29,27,-1.546
30,27, 1.373
29,28,-1.153
31,28,-0.301
32,29,-1.143
32,30,-1.181
33,30, 1.075
32,31, 0.256
36,31,-0.995
33,32,-0.141
34,32,-0.912
37,32,-0.739
40,32,-0.141
34,33, 1.225
35,33, 0.729
35,34,-1.180
38,34, 0.666
42,34,-1.544
37,36,-1.655
40,37,-0.975
65,37,-1.395
42,38, 0.884
44,38,-1.580
43,39,-0.857
59,39, 0.257
66,39,-0.269
41,40,-0.552
42,40, 0.869
62,40, 1.156
65,40,-0.211
42,41,-0.850
43,41,-0.655
43,42,-0.141
44,42,-0.060
67,45, 0.185
68,45,-0.067
47,46,-0.403
48,47,-1.458
49,47, 1.385
66,47, 0.744
49,48,-1.039
50,49,-1.116
51,49, 1.796
59,49,-0.818
66,49, 0.540
52,50,-0.272
60,50,-0.800
52,51,-0.554
53,52, 1.455
54,52,-1.190
55,52,-1.186
60,52,-0.123
54,53, 1.431
57,54, 1.610
56,55,-1.649
57,55,-1.090
60,55,-0.681
57,56,-1.640
61,58,-1.207
60,59, 1.856
66,59, 1.496
63,60, 1.363
62,61,-0.570
63,62, 0.827
65,62, 0.774
65,64, 0.473
68,67, 0.551
69,67, 0.405
69,68,-1.689
70,69, 2.384
 0, 0, 1.293
 1, 1, 3.146
 2, 2, 1.616
 3, 3,-1.149
 4, 4, 1.162
 5, 5, 1.133
 6, 6, 2.937
 7, 7, 3.542
 8, 8, 1.661
 9, 9, 2.315
10,10, 3.659
11,11,-0.483
12,12, 0.334
13,13, 3.615
14,14, 0.885
15,15, 2.636
16,16, 0.986
17,17, 1.854
18,18, 0.553
19,19, 3.548
20,20, 2.570
21,21,-0.668
22,22, 3.389
23,23, 2.964
24,24, 4.284
25,25,-1.056
26,26, 1.440
27,27, 3.525
28,28, 3.546
29,29,-1.325
30,30, 1.379
31,31, 0.500
32,32, 2.018
33,33, 3.105
34,34, 1.110
35,35, 1.361
36,36,-0.895
37,37,-0.661
38,38, 1.214
39,39, 1.157
40,40, 3.243
41,41, 0.056
42,42, 2.941
43,43, 0.814
44,44, 0.100
45,45, 1.411
46,46, 1.674
47,47, 3.021
48,48,-0.995
49,49, 4.310
50,50,-0.487
51,51, 0.535
52,52, 2.306
53,53, 3.805
54,54, 1.352
55,55,-0.746
56,56,-1.659
57,57, 4.433
58,58,-0.232
59,59, 2.402
60,60, 3.395
61,61,-0.558
62,62, 2.615
63,63, 1.603
64,64, 2.295
65,65, 1.358
66,66, 4.048
67,67, 2.977
68,68, 3.396
69,69, 4.268
70,70, 4.539
