from,to,weight
 0, 1, 0.211
 0, 5, 0.829
 0,45,-0.854
 1,45, 0.638
 2,34, 0.600
 3, 6,-1.028
 4, 6, 0.085
 4, 7,-1.143
 4,34, 0.055
 5, 6, 2.037
 5,40, 0.153
 5,45,-0.038
 6, 8, 1.161
 6,35, 0.273
 7, 8,-0.885
 7,11,-0.111
 7,21,-0.679
 7,34,-0.360
 8, 9, 0.353
 8,12,-0.679
 8,35,-1.523
 9,13, 0.497
 9,36, 0.717
10,11, 1.238
10,13,-0.680
10,14, 0.425
10,20, 0.044
10,24,-0.263
11,12,-0.936
11,13,-0.404
11,21, 0.648
12,13,-0.767
13,14, 1.245
13,15, 1.355
13,17,-1.421
13,36,-1.239
15,17,-0.469
15,36, 1.721
16,18,-0.022
18,22,-1.150
19,23, 1.205
19,25,-0.480
19,27, 1.460
20,21,-1.124
20,24,-0.443
21,29,-1.377
21,34, 1.212
23,24, 1.393
23,25, 0.561
25,27, 0.072
26,27,-0.801
26,30,-0.989
27,28,-1.009
27,31, 2.076
29,34,-0.696
30,31,-0.367
30,32, 2.267
31,32, 0.875
33,34, 0.546
35,36, 0.119
36,38, 1.217
36,44, 0.009
37,38,-0.144
37,39,-0.892
37,42,-1.244
38,39, 1.151
40,43, 0.105
40,45,-0.357
41,42, 1.343
41,47, 0.865
42,43, 3.134
42,44, 0.166
42,48, 0.788
43,45, 2.394
46,47, 1.012
46,48, 0.484
46,49,-1.493
47,48,-1.360
 1, 0, 0.211
 5, 0, 0.829
45, 0,-0.854
45, 1, 0.638
34, 2, 0.600
 6, 3,-1.028
 6, 4, 0.085
 7, 4,-1.143
34, 4, 0.055
 6, 5, 2.037
40, 5, 0.153
45, 5,-0.038
 8, 6, 1.161
35, 6, 0.273
 8, 7,-0.885
11, 7,-0.111
21, 7,-0.679
34, 7,-0.360
 9, 8, 0.353
12, 8,-0.679
35, 8,-1.523
13, 9, 0.497
36, 9, 0.717
11,10, 1.238
13,10,-0.680
14,10, 0.425
20,10, 0.044
24,10,-0.263
12,11,-0.936
13,11,-0.404
21,11, 0.648
13,12,-0.767
14,13, 1.245
15,13, 1.355
17,13,-1.421
36,13,-1.239
17,15,-0.469
36,15, 1.721
18,16,-0.022
22,18,-1.150
23,19, 1.205
25,19,-0.480
27,19, 1.460
21,20,-1.124
24,20,-0.443
29,21,-1.377
34,21, 1.212
24,23, 1.393
25,23, 0.561
27,25, 0.072
27,26,-0.801
30,26,-0.989
28,27,-1.009
31,27, 2.076
34,29,-0.696
31,30,-0.367
32,30, 2.267
32,31, 0.875
34,33, 0.546
36,35, 0.119
38,36, 1.217
44,36, 0.009
38,37,-0.144
39,37,-0.892
42,37,-1.244
39,38, 1.151
43,40, 0.105
45,40,-0.357
42,41, 1.343
47,41, 0.865
43,42, 3.134
44,42, 0.166
48,42, 0.788
45,43, 2.394
47,46, 1.012
48,46, 0.484
49,46,-1.493
48,47,-1.360
 0, 0, 1.799
 1, 1, 1.129
 2, 2, 0.234
 3, 3,-1.241
 4, 4,-0.360
 5, 5, 3.185
 6, 6, 4.775
 7, 7, 0.645
 8, 8, 0.772
 9, 9, 1.058
10,10, 3.955
11,11, 2.079
12,12,-0.551
13,13, 3.602
14,14, 0.739
15,15, 4.547
16,16, 1.282
17,17,-0.677
18,18, 1.923
19,19, 1.549
20,20, 0.335
21,21, 2.183
22,22, 1.573
23,23, 3.733
24,24, 2.613
25,25, 1.216
26,26,-0.676
27,27, 4.369
28,28,-1.267
29,29,-0.674
30,30, 3.503
31,31, 1.612
32,32, 3.656
33,33, 0.105
34,34, 4.389
35,35,-0.400
36,36, 4.437
37,37, 0.310
38,38, 2.405
39,39, 4.197
40,40, 0.488
41,41, 1.012
42,42, 4.697
43,43, 4.387
44,44,-0.468
45,45, 4.431
46,46, 4.640
47,47, 1.741
48,48, 0.151
49,49,-1.390
