from,to,weight
 0, 5,-0.299
 1, 2,-0.518
 1, 5, 1.563
 2, 3,-0.163
 3, 4,-0.759
 3,31,-0.009
 3,35,-1.158
 4,33,-1.099
 4,36,-0.890
 5, 6, 1.993
 5, 7,-1.443
 5,34,-1.234
 5,41, 1.457
 5,44,-0.408
 5,53, 0.137
 6, 8, 1.301
 6,38,-0.073
 7, 8,-1.299
 7,41,-1.195
 8,12, 2.330
 8,16, 0.207
 8,38,-0.147
 8,42,-0.458
 9,10, 0.399
 9,11, 0.451
10,11,-0.604
10,12, 0.218
10,40, 0.282
11,12, 2.008
11,13,-1.559
12,13, 2.608
12,16,-1.466
12,42,-1.270
13,14, 1.196
13,17, 0.436
14,17, 0.689
14,20, 0.005
15,16, 0.097
15,18,-0.346
15,24,-0.523
15,37,-0.350
16,17, 0.915
16,18,-1.577
16,38,-0.068
17,18, 0.937
17,19,-1.392
17,20,-0.267
18,19, 0.303
18,25,-0.057
19,21, 0.105
19,22,-0.532
19,26, 0.193
20,21, 1.045
21,22, 0.585
22,26,-0.330
23,24,-0.551
23,27, 0.287
23,28, 1.825
23,33, 0.104
23,36, 0.846
24,25,-0.300
24,27,-1.475
24,37,-1.143
25,26,-0.258
25,27, 0.431
26,27, 1.247
27,29, 2.385
28,29, 2.392
28,30, 0.365
28,33,-0.507
30,33, 0.056
31,32,-1.686
31,33, 0.605
32,33, 1.278
33,36, 1.656
34,37,-1.667
34,38,-1.418
35,36,-1.137
35,37,-1.359
36,37, 2.056
37,38, 1.214
39,40, 1.125
39,41,-1.383
39,43, 3.266
39,45, 1.185
40,41, 0.667
40,42,-0.609
41,42,-1.256
41,44,-1.178
41,50, 0.115
43,45,-0.736
43,51, 0.179
44,50,-0.613
44,53,-1.165
45,46,-0.165
45,47, 1.058
45,48, 0.013
45,49,-0.327
45,50,-1.448
45,51, 0.281
46,47,-0.754
46,52, 0.447
46,54, 0.085
47,48, 0.851
47,57, 1.319
48,49,-0.348
48,50,-0.185
48,58, 0.124
49,50,-0.258
50,53,-0.940
51,52,-0.258
52,54, 0.515
54,55, 1.559
54,57, 0.381
55,56,-0.512
55,57, 0.732
56,57, 1.050
56,59, 0.269
57,58, 0.571
57,59,-0.423
58,59,-0.803
 5, 0,-0.299
 2, 1,-0.518
 5, 1, 1.563
 3, 2,-0.163
 4, 3,-0.759
31, 3,-0.009
35, 3,-1.158
33, 4,-1.099
36, 4,-0.890
 6, 5, 1.993
 7, 5,-1.443
34, 5,-1.234
41, 5, 1.457
44, 5,-0.408
53, 5, 0.137
 8, 6, 1.301
38, 6,-0.073
 8, 7,-1.299
41, 7,-1.195
12, 8, 2.330
16, 8, 0.207
38, 8,-0.147
42, 8,-0.458
10, 9, 0.399
11, 9, 0.451
11,10,-0.604
12,10, 0.218
40,10, 0.282
12,11, 2.008
13,11,-1.559
13,12, 2.608
16,12,-1.466
42,12,-1.270
14,13, 1.196
17,13, 0.436
17,14, 0.689
20,14, 0.005
16,15, 0.097
18,15,-0.346
24,15,-0.523
37,15,-0.350
17,16, 0.915
18,16,-1.577
38,16,-0.068
18,17, 0.937
19,17,-1.392
20,17,-0.267
19,18, 0.303
25,18,-0.057
21,19, 0.105
22,19,-0.532
26,19, 0.193
21,20, 1.045
22,21, 0.585
26,22,-0.330
24,23,-0.551
27,23, 0.287
28,23, 1.825
33,23, 0.104
36,23, 0.846
25,24,-0.300
27,24,-1.475
37,24,-1.143
26,25,-0.258
27,25, 0.431
27,26, 1.247
29,27, 2.385
29,28, 2.392
30,28, 0.365
33,28,-0.507
33,30, 0.056
32,31,-1.686
33,31, 0.605
33,32, 1.278
36,33, 1.656
37,34,-1.667
38,34,-1.418
36,35,-1.137
37,35,-1.359
37,36, 2.056
38,37, 1.214
40,39, 1.125
41,39,-1.383
43,39, 3.266
45,39, 1.185
41,40, 0.667
42,40,-0.609
42,41,-1.256
44,41,-1.178
50,41, 0.115
45,43,-0.736
51,43, 0.179
50,44,-0.613
53,44,-1.165
46,45,-0.165
47,45, 1.058
48,45, 0.013
49,45,-0.327
50,45,-1.448
51,45, 0.281
47,46,-0.754
52,46, 0.447
54,46, 0.085
48,47, 0.851
57,47, 1.319
49,48,-0.348
50,48,-0.185
58,48, 0.124
50,49,-0.258
53,50,-0.940
52,51,-0.258
54,52, 0.515
55,54, 1.559
57,54, 0.381
56,55,-0.512
57,55, 0.732
57,56, 1.050
59,56, 0.269
58,57, 0.571
59,57,-0.423
59,58,-0.803
 0, 0,-0.224
 1, 1, 0.311
 2, 2, 0.175
 3, 3, 2.996
 4, 4,-0.836
 5, 5, 5.000
 6, 6, 1.460
 7, 7,-1.296
 8, 8, 2.819
 9, 9, 2.652
10,10, 1.557
11,11, 1.676
12,12, 4.009
13,13, 3.484
14,14, 1.348
15,15, 0.920
16,16, 1.524
17,17, 3.417
18,18, 1.663
19,19, 1.361
20,20, 1.372
21,21, 4.896
22,22, 1.011
23,23, 2.666
24,24, 0.273
25,25, 1.312
26,26, 1.989
27,27, 2.795
28,28, 4.569
29,29, 5.000
30,30, 1.120
31,31, 0.436
32,32, 0.552
33,33, 4.611
34,34,-1.191
35,35,-1.018
36,36, 3.166
37,37, 1.204
38,38, 1.729
39,39, 3.634
40,40, 2.096
41,41, 2.542
42,42,-0.812
43,43, 5.000
44,44,-0.285
45,45, 4.532
46,46, 0.482
47,47, 2.057
48,48, 3.670
49,49,-0.134
50,50, 2.144
51,51, 0.545
52,52, 3.426
53,53, 0.967
54,54, 3.110
55,55, 4.996
56,56, 1.662
57,57, 3.879
58,58, 1.765
59,59, 2.249
