from,to,weight
 0, 2,-0.307
 1, 2, 0.459
 1, 3, 0.393
 1, 4, 0.154
 2, 5,-0.798
 2,14, 0.241
 2,15,-1.287
 3, 4,-0.323
 3, 8,-0.009
 3,79,-1.069
 4, 5, 0.032
 4, 8, 0.024
 4,21, 0.526
 5,14, 0.239
 5,22,-1.215
 6, 7,-0.404
 6, 8,-0.914
 6,19,-0.819
 6,26,-0.903
 6,28, 0.011
 6,78, 0.587
 7, 8,-0.763
 7,20,-0.785
 8,21,-0.809
 8,79, 0.670
 9,25,-0.127
 9,27,-0.659
10,11, 2.369
10,16,-0.337
10,23, 1.046
11,12,-0.866
11,13, 1.353
11,16, 0.218
12,14, 0.130
12,22,-0.192
13,14, 1.334
14,15,-0.757
14,22,-0.545
16,17, 0.711
16,22, 0.780
16,23,-0.008
17,18,-0.412
17,19,-1.517
17,20, 0.950
17,24,-0.767
18,19,-1.144
18,25,-0.328
19,20,-0.246
19,26,-0.541
20,21, 0.828
20,22, 0.479
21,22,-0.783
23,24,-0.407
23,25,-0.364
24,25,-0.194
25,26, 0.690
25,27, 1.329
26,28, 0.101
27,28,-1.468
27,33, 1.318
28,34,-0.099
28,78,-0.235
29,30,-1.554
29,32,-1.594
29,71,-1.554
30,31, 0.977
30,32, 0.693
30,36,-0.259
30,83, 0.882
31,32,-1.114
31,33,-0.463
31,37,-1.018
32,33, 1.426
32,73,-0.489
33,34, 1.382
33,75,-0.637
34,76,-1.147
34,78, 1.054
35,36,-0.352
35,37,-0.492
35,38, 1.464
35,82,-0.715
36,37,-0.312
36,83,-0.897
38,39, 2.325
38,46,-0.472
38,82,-0.353
39,40,-0.340
39,41, 0.688
39,42,-1.308
39,46, 1.337
39,51,-1.446
40,41, 0.307
40,43,-0.987
40,52, 0.187
41,42,-1.338
43,52,-0.711
44,45, 0.324
44,47,-1.653
44,50, 1.309
44,54,-0.120
44,56, 0.455
45,46, 1.818
45,47,-1.570
45,59, 0.750
45,81,-0.269
46,47,-1.183
46,51,-0.929
46,82, 0.150
47,52,-1.110
48,49, 0.492
48,50, 0.913
48,52, 1.684
50,52, 1.105
50,54,-0.330
51,52,-0.770
53,54, 0.472
54,56, 0.063
55,56,-0.616
55,60,-0.211
56,57, 1.057
56,59, 0.001
56,61,-0.953
57,58,-0.198
57,59,-1.634
57,63, 0.252
58,59, 2.320
58,64, 2.524
58,70,-0.816
58,80,-0.990
59,71,-0.830
59,81,-0.723
60,61,-0.926
60,63,-0.651
61,63,-1.501
62,63,-0.590
63,64, 0.250
64,65, 0.012
64,70, 0.001
66,68,-0.924
66,77,-0.558
67,68,-0.249
67,69,-1.492
67,76,-0.084
67,78,-0.440
68,69,-0.981
68,77, 1.094
69,79,-0.773
70,71, 0.976
70,80,-1.520
71,72,-1.655
71,73, 1.840
71,74,-1.531
71,81, 1.407
72,83,-1.649
73,75,-0.138
73,76,-1.408
73,77, 2.142
75,76,-0.267
76,77,-0.545
76,78, 1.498
78,79, 0.785
80,81,-0.983
81,82,-0.280
81,83, 1.015
82,83,-0.007
 2, 0,-0.307
 2, 1, 0.459
 3, 1, 0.393
 4, 1, 0.154
 5, 2,-0.798
14, 2, 0.241
15, 2,-1.287
 4, 3,-0.323
 8, 3,-0.009
79, 3,-1.069
 5, 4, 0.032
 8, 4, 0.024
21, 4, 0.526
14, 5, 0.239
22, 5,-1.215
 7, 6,-0.404
 8, 6,-0.914
19, 6,-0.819
26, 6,-0.903
28, 6, 0.011
78, 6, 0.587
 8, 7,-0.763
20, 7,-0.785
21, 8,-0.809
79, 8, 0.670
25, 9,-0.127
27, 9,-0.659
11,10, 2.369
16,10,-0.337
23,10, 1.046
12,11,-0.866
13,11, 1.353
16,11, 0.218
14,12, 0.130
22,12,-0.192
14,13, 1.334
15,14,-0.757
22,14,-0.545
17,16, 0.711
22,16, 0.780
23,16,-0.008
18,17,-0.412
19,17,-1.517
20,17, 0.950
24,17,-0.767
19,18,-1.144
25,18,-0.328
20,19,-0.246
26,19,-0.541
21,20, 0.828
22,20, 0.479
22,21,-0.783
24,23,-0.407
25,23,-0.364
25,24,-0.194
26,25, 0.690
27,25, 1.329
28,26, 0.101
28,27,-1.468
33,27, 1.318
34,28,-0.099
78,28,-0.235
30,29,-1.554
32,29,-1.594
71,29,-1.554
31,30, 0.977
32,30, 0.693
36,30,-0.259
83,30, 0.882
32,31,-1.114
33,31,-0.463
37,31,-1.018
33,32, 1.426
73,32,-0.489
34,33, 1.382
75,33,-0.637
76,34,-1.147
78,34, 1.054
36,35,-0.352
37,35,-0.492
38,35, 1.464
82,35,-0.715
37,36,-0.312
83,36,-0.897
39,38, 2.325
46,38,-0.472
82,38,-0.353
40,39,-0.340
41,39, 0.688
42,39,-1.308
46,39, 1.337
51,39,-1.446
41,40, 0.307
43,40,-0.987
52,40, 0.187
42,41,-1.338
52,43,-0.711
45,44, 0.324
47,44,-1.653
50,44, 1.309
54,44,-0.120
56,44, 0.455
46,45, 1.818
47,45,-1.570
59,45, 0.750
81,45,-0.269
47,46,-1.183
51,46,-0.929
82,46, 0.150
52,47,-1.110
49,48, 0.492
50,48, 0.913
52,48, 1.684
52,50, 1.105
54,50,-0.330
52,51,-0.770
54,53, 0.472
56,54, 0.063
56,55,-0.616
60,55,-0.211
57,56, 1.057
59,56, 0.001
61,56,-0.953
58,57,-0.198
59,57,-1.634
63,57, 0.252
59,58, 2.320
64,58, 2.524
70,58,-0.816
80,58,-0.990
71,59,-0.830
81,59,-0.723
61,60,-0.926
63,60,-0.651
63,61,-1.501
63,62,-0.590
64,63, 0.250
65,64, 0.012
70,64, 0.001
68,66,-0.924
77,66,-0.558
68,67,-0.249
69,67,-1.492
76,67,-0.084
78,67,-0.440
69,68,-0.981
77,68, 1.094
79,69,-0.773
71,70, 0.976
80,70,-1.520
72,71,-1.655
73,71, 1.840
74,71,-1.531
81,71, 1.407
83,72,-1.649
75,73,-0.138
76,73,-1.408
77,73, 2.142
76,75,-0.267
77,76,-0.545
78,76, 1.498
79,78, 0.785
81,80,-0.983
82,81,-0.280
83,81, 1.015
83,82,-0.007
 0, 0,-0.484
 1, 1, 1.347
 2, 2, 2.878
 3, 3, 2.605
 4, 4, 2.101
 5, 5, 0.233
 6, 6, 1.808
 7, 7,-0.408
 8, 8, 1.950
 9, 9, 0.539
10,10, 5.000
11,11, 3.137
12,12,-0.280
13,13, 2.619
14,14, 5.000
15,15,-0.686
16,16, 2.621
17,17, 1.666
18,18,-0.435
19,19, 0.069
20,20, 2.505
21,21, 0.957
22,22, 2.251
23,23, 1.321
24,24,-0.385
25,25, 4.709
26,26, 1.060
27,27, 1.529
28,28, 1.101
29,29,-1.531
30,30, 2.588
31,31, 0.094
32,32, 1.591
33,33, 3.988
34,34, 1.297
35,35, 2.302
36,36, 0.419
37,37, 1.054
38,38, 2.193
39,39, 5.000
40,40, 0.557
41,41, 3.611
42,42,-1.477
43,43,-0.960
44,44, 2.264
45,45, 2.509
46,46, 2.513
47,47,-1.359
48,48, 5.000
49,49, 0.041
50,50, 3.017
51,51,-1.176
52,52, 3.793
53,53, 1.221
54,54, 2.555
55,55,-0.009
56,56, 3.100
57,57, 0.945
58,58, 2.542
59,59, 1.563
60,60, 3.101
61,61,-1.128
62,62,-0.394
63,63, 1.494
64,64, 4.645
65,65,-0.241
66,66,-0.137
67,67, 0.207
68,68, 2.909
69,69,-0.326
70,70,-0.358
71,71, 3.593
72,72,-1.641
73,73, 2.558
74,74,-1.641
75,75,-0.026
76,76, 1.262
77,77, 2.733
78,78, 4.346
79,79, 3.392
80,80,-1.156
81,81, 2.752
82,82, 1.551
83,83, 1.870
84,84, 1.016
