from,to,weight
 1, 2, 0.640
 1, 3,-0.330
 7, 8,-0.788
 7, 9,-0.296
 9,11,-0.283
10,12,-0.176
11,12, 3.974
13,14, 0.245
13,15, 0.191
13,16,-0.484
14,17,-1.208
14,25, 1.366
15,16, 0.156
16,17, 0.824
17,18,-0.436
17,25, 0.071
18,26,-0.878
18,45, 0.392
19,20,-1.143
19,22,-1.605
19,30, 2.292
19,35,-1.626
20,23,-0.946
21,24, 2.181
22,23,-1.596
22,30,-1.673
23,24, 1.564
23,26,-1.453
23,27, 1.544
23,31,-1.298
24,25, 0.983
24,26,-0.627
25,26, 2.284
26,28, 0.161
26,39,-0.444
26,45, 0.636
27,28,-0.169
27,29, 0.141
27,31, 0.811
27,38, 0.067
28,29,-0.591
28,39, 1.131
29,40,-0.389
30,31, 0.603
30,35, 0.634
32,33, 0.026
32,34,-0.016
33,34, 0.094
34,36, 0.167
34,43, 0.505
36,37,-0.174
36,43,-0.775
37,43,-0.198
38,44,-0.532
39,40, 0.382
39,41,-0.995
39,45, 3.041
40,41,-0.785
42,43,-0.691
42,44,-1.172
43,44, 0.971
 2, 1, 0.640
 3, 1,-0.330
 8, 7,-0.788
 9, 7,-0.296
11, 9,-0.283
12,10,-0.176
12,11, 3.974
14,13, 0.245
15,13, 0.191
16,13,-0.484
17,14,-1.208
25,14, 1.366
16,15, 0.156
17,16, 0.824
18,17,-0.436
25,17, 0.071
26,18,-0.878
45,18, 0.392
20,19,-1.143
22,19,-1.605
30,19, 2.292
35,19,-1.626
23,20,-0.946
24,21, 2.181
23,22,-1.596
30,22,-1.673
24,23, 1.564
26,23,-1.453
27,23, 1.544
31,23,-1.298
25,24, 0.983
26,24,-0.627
26,25, 2.284
28,26, 0.161
39,26,-0.444
45,26, 0.636
28,27,-0.169
29,27, 0.141
31,27, 0.811
38,27, 0.067
29,28,-0.591
39,28, 1.131
40,29,-0.389
31,30, 0.603
35,30, 0.634
33,32, 0.026
34,32,-0.016
34,33, 0.094
36,34, 0.167
43,34, 0.505
37,36,-0.174
43,36,-0.775
43,37,-0.198
44,38,-0.532
40,39, 0.382
41,39,-0.995
45,39, 3.041
41,40,-0.785
43,42,-0.691
44,42,-1.172
44,43, 0.971
 0, 0, 0.132
 1, 1, 3.088
 2, 2, 2.317
 3, 3, 4.062
 4, 4, 0.574
 5, 5, 0.749
 6, 6, 0.140
 7, 7, 1.473
 8, 8, 0.268
 9, 9, 0.675
10,10, 0.171
11,11, 4.328
12,12, 5.000
13,13, 1.461
14,14, 1.618
15,15, 3.612
16,16, 2.024
17,17, 0.894
18,18, 0.567
19,19, 2.697
20,20,-1.231
21,21, 2.790
22,22,-1.635
23,23, 0.802
24,24, 4.023
25,25, 4.117
26,26, 2.743
27,27, 4.846
28,28, 1.151
29,29, 0.145
30,30, 3.997
31,31,-0.289
32,32, 2.032
33,33, 1.352
34,34, 2.967
35,35, 0.784
36,36, 0.770
37,37, 2.108
38,38, 0.117
39,39, 4.295
40,40, 1.251
41,41,-0.328
42,42,-0.697
43,43, 4.261
44,44, 2.521
45,45, 5.000
