from,to,weight
 0, 1,-0.044
 0, 2, 0.163
 1, 2,-0.679
 1, 5,-0.417
 1,58,-0.976
 2, 5,-0.249
 2, 9,-0.471
 3,10,-1.021
 4, 5,-1.703
 4,14,-1.229
 4,57, 0.722
 5,58, 0.787
 6, 7, 2.157
 7,10, 0.985
 8,10, 0.131
 9,10,-0.102
11,12, 0.345
11,13, 0.382
11,17,-1.016
12,14,-0.608
12,18,-1.167
13,17, 0.306
14,18,-1.006
14,57,-0.731
15,16, 1.142
15,17,-0.273
15,60, 1.490
16,17,-1.561
16,19,-0.682
17,18, 0.890
17,54,-0.700
18,55,-1.016
18,57, 0.887
20,21,-0.883
20,22,-0.615
20,25,-0.781
20,26,-0.328
20,29, 1.398
22,23,-0.930
25,26,-0.874
26,29,-0.891
26,33, 0.882
27,28,-0.036
27,31, 0.949
27,37,-0.055
27,38,-0.088
28,29, 1.201
28,32,-1.041
28,41, 1.705
28,59,-0.251
29,33, 0.690
30,31, 0.891
30,34, 1.879
30,35,-1.469
31,32,-1.270
31,34, 1.254
31,37, 0.102
32,33,-1.122
32,34,-1.531
33,34, 3.657
34,35,-1.205
36,37,-1.036
37,38,-0.679
38,39, 1.075
38,41, 0.128
39,40, 0.849
39,41,-1.514
40,41, 2.240
40,42, 1.438
41,43, 0.278
41,51, 0.134
41,59, 0.348
42,43, 1.327
42,44, 1.009
42,45, 0.128
43,45, 0.110
43,47,-1.111
43,51,-0.091
44,45,-0.582
44,46,-0.181
45,46,-0.263
45,47,-0.270
47,49, 0.593
47,56, 0.016
48,49,-0.047
48,50,-0.958
48,55, 0.721
48,57,-0.504
49,50, 0.076
49,56, 0.515
50,58,-0.411
51,52,-1.345
51,53, 1.379
51,56,-1.531
51,59, 0.716
52,53,-0.406
52,60,-0.413
53,54, 1.434
53,56, 2.055
54,55, 1.131
54,56,-1.454
55,56,-0.730
55,57, 2.523
57,58, 1.103
59,60, 1.323
 1, 0,-0.044
 2, 0, 0.163
 2, 1,-0.679
 5, 1,-0.417
58, 1,-0.976
 5, 2,-0.249
 9, 2,-0.471
10, 3,-1.021
 5, 4,-1.703
14, 4,-1.229
57, 4, 0.722
58, 5, 0.787
 7, 6, 2.157
10, 7, 0.985
10, 8, 0.131
10, 9,-0.102
12,11, 0.345
13,11, 0.382
17,11,-1.016
14,12,-0.608
18,12,-1.167
17,13, 0.306
18,14,-1.006
57,14,-0.731
16,15, 1.142
17,15,-0.273
60,15, 1.490
17,16,-1.561
19,16,-0.682
18,17, 0.890
54,17,-0.700
55,18,-1.016
57,18, 0.887
21,20,-0.883
22,20,-0.615
25,20,-0.781
26,20,-0.328
29,20, 1.398
23,22,-0.930
26,25,-0.874
29,26,-0.891
33,26, 0.882
28,27,-0.036
31,27, 0.949
37,27,-0.055
38,27,-0.088
29,28, 1.201
32,28,-1.041
41,28, 1.705
59,28,-0.251
33,29, 0.690
31,30, 0.891
34,30, 1.879
35,30,-1.469
32,31,-1.270
34,31, 1.254
37,31, 0.102
33,32,-1.122
34,32,-1.531
34,33, 3.657
35,34,-1.205
37,36,-1.036
38,37,-0.679
39,38, 1.075
41,38, 0.128
40,39, 0.849
41,39,-1.514
41,40, 2.240
42,40, 1.438
43,41, 0.278
51,41, 0.134
59,41, 0.348
43,42, 1.327
44,42, 1.009
45,42, 0.128
45,43, 0.110
47,43,-1.111
51,43,-0.091
45,44,-0.582
46,44,-0.181
46,45,-0.263
47,45,-0.270
49,47, 0.593
56,47, 0.016
49,48,-0.047
50,48,-0.958
55,48, 0.721
57,48,-0.504
50,49, 0.076
56,49, 0.515
58,50,-0.411
52,51,-1.345
53,51, 1.379
56,51,-1.531
59,51, 0.716
53,52,-0.406
60,52,-0.413
54,53, 1.434
56,53, 2.055
55,54, 1.131
56,54,-1.454
56,55,-0.730
57,55, 2.523
58,57, 1.103
60,59, 1.323
 0, 0, 1.274
 1, 1, 1.839
 2, 2, 1.376
 3, 3,-0.863
 4, 4, 0.810
 5, 5, 1.189
 6, 6, 3.853
 7, 7, 5.000
 8, 8, 0.043
 9, 9, 0.430
10,10, 4.139
11,11, 3.781
12,12, 1.012
13,13,-0.166
14,14,-0.169
15,15, 2.082
16,16, 1.847
17,17, 3.981
18,18, 0.844
19,19,-0.755
20,20, 5.000
21,21,-1.125
22,22,-0.217
23,23,-0.171
24,24,-0.803
25,25,-0.764
26,26, 2.030
27,27, 1.744
28,28, 2.972
29,29, 1.842
30,30, 5.000
31,31, 3.736
32,32,-0.900
33,33, 2.227
34,34, 3.948
35,35,-1.263
36,36,-0.293
37,37, 2.193
38,38, 2.435
39,39, 1.483
40,40, 3.119
41,41, 3.594
42,42, 4.980
43,43, 2.394
44,44, 2.256
45,45, 2.422
46,46, 0.752
47,47, 2.695
48,48, 0.897
49,49, 3.772
50,50, 0.984
51,51, 2.569
52,52,-0.596
53,53, 3.268
54,54, 1.556
55,55, 2.242
56,56, 1.521
57,57, 4.448
58,58, 3.872
59,59, 1.892
60,60, 2.727
