from,to,weight
 0, 1,-0.579
 0, 4, 1.324
 1, 4,-0.660
 2, 4,-1.462
 3, 6,-0.159
 3, 7, 0.582
 4, 5,-0.102
 5, 6,-0.310
 6, 7,-0.531
 6, 8,-0.372
 6,76,-1.319
 7, 8, 0.056
 7,51, 0.725
 8,51,-0.027
 8,76, 0.865
13,14,-1.589
13,16,-0.667
14,15,-1.233
14,16, 0.589
14,42, 0.823
15,44,-1.493
16,17,-0.256
16,18, 1.171
17,18, 0.515
18,36, 1.363
18,41,-0.884
19,20, 0.797
19,29,-0.257
19,37,-1.360
20,21, 1.349
20,22, 1.324
20,30, 1.007
22,23,-1.142
22,25, 0.917
22,30,-1.524
24,26,-1.363
25,26, 1.833
25,30, 1.707
26,27,-1.186
29,30,-0.143
29,37, 0.266
30,38,-0.372
31,32, 0.159
31,34, 0.019
31,35, 0.091
31,39,-0.111
32,33, 0.366
32,35,-0.312
33,35,-0.616
33,36,-1.644
33,37, 0.399
33,38,-0.810
34,35,-0.516
34,36,-0.102
34,40, 1.334
35,36, 1.919
36,37, 1.515
36,41,-0.977
37,38,-0.972
39,40,-0.431
40,41,-0.669
40,44, 0.834
42,43,-1.064
42,44, 1.673
43,44,-1.344
45,46, 0.808
46,55, 1.155
48,50, 0.070
48,53, 0.150
49,50, 1.233
50,53, 0.066
51,52,-0.509
51,53, 0.060
52,53, 0.086
52,54,-0.717
53,54,-0.029
54,55, 0.942
55,58, 0.422
56,57,-0.948
56,58,-0.534
56,70,-0.164
57,72, 0.374
57,79, 0.562
59,60,-0.228
59,78,-0.876
60,64, 4.567
60,71, 0.793
60,78, 0.946
61,62,-1.601
61,65,-1.578
62,63, 2.279
62,64,-1.432
62,66, 0.145
63,64, 1.735
63,67,-0.426
63,70,-0.884
64,71,-1.283
65,66, 0.110
65,67,-0.708
65,69, 0.748
66,67,-1.316
67,69, 0.869
67,70, 1.404
68,69, 0.794
68,75, 0.778
69,73,-1.045
69,77,-1.141
70,71, 0.755
70,72, 1.663
70,73,-1.072
71,72,-0.752
71,78, 0.292
72,79, 1.257
74,75,-0.740
75,76, 1.685
75,77,-1.491
76,77,-0.213
78,79, 0.369
 1, 0,-0.579
 4, 0, 1.324
 4, 1,-0.660
 4, 2,-1.462
 6, 3,-0.159
 7, 3, 0.582
 5, 4,-0.102
 6, 5,-0.310
 7, 6,-0.531
 8, 6,-0.372
76, 6,-1.319
 8, 7, 0.056
51, 7, 0.725
51, 8,-0.027
76, 8, 0.865
14,13,-1.589
16,13,-0.667
15,14,-1.233
16,14, 0.589
42,14, 0.823
44,15,-1.493
17,16,-0.256
18,16, 1.171
18,17, 0.515
36,18, 1.363
41,18,-0.884
20,19, 0.797
29,19,-0.257
37,19,-1.360
21,20, 1.349
22,20, 1.324
30,20, 1.007
23,22,-1.142
25,22, 0.917
30,22,-1.524
26,24,-1.363
26,25, 1.833
30,25, 1.707
27,26,-1.186
30,29,-0.143
37,29, 0.266
38,30,-0.372
32,31, 0.159
34,31, 0.019
35,31, 0.091
39,31,-0.111
33,32, 0.366
35,32,-0.312
35,33,-0.616
36,33,-1.644
37,33, 0.399
38,33,-0.810
35,34,-0.516
36,34,-0.102
40,34, 1.334
36,35, 1.919
37,36, 1.515
41,36,-0.977
38,37,-0.972
40,39,-0.431
41,40,-0.669
44,40, 0.834
43,42,-1.064
44,42, 1.673
44,43,-1.344
46,45, 0.808
55,46, 1.155
50,48, 0.070
53,48, 0.150
50,49, 1.233
53,50, 0.066
52,51,-0.509
53,51, 0.060
53,52, 0.086
54,52,-0.717
54,53,-0.029
55,54, 0.942
58,55, 0.422
57,56,-0.948
58,56,-0.534
70,56,-0.164
72,57, 0.374
79,57, 0.562
60,59,-0.228
78,59,-0.876
64,60, 4.567
71,60, 0.793
78,60, 0.946
62,61,-1.601
65,61,-1.578
63,62, 2.279
64,62,-1.432
66,62, 0.145
64,63, 1.735
67,63,-0.426
70,63,-0.884
71,64,-1.283
66,65, 0.110
67,65,-0.708
69,65, 0.748
67,66,-1.316
69,67, 0.869
70,67, 1.404
69,68, 0.794
75,68, 0.778
73,69,-1.045
77,69,-1.141
71,70, 0.755
72,70, 1.663
73,70,-1.072
72,71,-0.752
78,71, 0.292
79,72, 1.257
75,74,-0.740
76,75, 1.685
77,75,-1.491
77,76,-0.213
79,78, 0.369
 0, 0, 5.000
 1, 1,-0.305
 2, 2,-1.569
 3, 3, 1.407
 4, 4, 5.000
 5, 5,-0.129
 6, 6, 1.506
 7, 7, 2.204
 8, 8, 2.022
 9, 9, 0.454
10,10,-0.831
11,11, 2.209
12,12, 3.331
13,13,-0.609
14,14, 2.534
15,15,-1.064
16,16, 3.204
17,17, 1.730
18,18, 2.631
19,19, 3.263
20,20, 4.008
21,21, 0.862
22,22, 1.614
23,23,-1.170
24,24,-1.316
25,25, 3.350
26,26, 4.502
27,27,-1.261
28,28,-0.844
29,29, 0.300
30,30, 3.303
31,31, 2.437
32,32, 1.752
33,33, 2.046
34,34, 1.580
35,35, 2.641
36,36, 3.023
37,37, 2.305
38,38, 0.145
39,39, 0.708
40,40, 4.200
41,41,-0.288
42,42, 4.684
43,43, 0.328
44,44, 2.666
45,45, 0.920
46,46, 2.977
47,47,-1.118
48,48, 0.204
49,49, 5.000
50,50, 2.082
51,51, 2.085
52,52, 0.495
53,53, 4.078
54,54, 0.887
55,55, 4.323
56,56, 0.137
57,57, 2.666
58,58, 2.871
59,59, 0.066
60,60, 5.000
61,61,-1.595
62,62, 3.055
63,63, 1.360
64,64, 4.493
65,65, 3.087
66,66,-0.420
67,67, 1.739
68,68, 0.827
69,69, 2.259
70,70, 4.522
71,71, 1.731
72,72, 2.012
73,73,-0.947
74,74,-0.394
75,75, 4.237
76,76, 1.406
77,77,-0.386
78,78, 0.989
79,79, 3.600
