from,to,weight
 2, 3,-0.731
 4, 5,-1.123
 4, 8,-1.047
 5, 9,-0.402
 6, 7,-1.258
 6, 8,-1.305
 6,10,-1.657
 6,50,-1.211
 7, 8, 0.269
 7,11, 0.068
 8, 9, 1.596
 8,52, 1.160
 9,47, 1.108
 9,53,-0.765
10,11,-1.011
10,12,-1.584
10,50,-1.065
11,13,-0.556
11,18,-0.597
12,13,-1.281
12,17,-0.860
12,22,-1.575
12,50,-0.675
13,18,-0.543
14,15,-1.074
14,16,-0.252
14,17,-1.469
14,19,-0.774
14,21, 0.582
15,16,-0.095
16,17, 0.839
16,18,-0.497
17,18, 1.335
17,22,-0.070
19,21, 1.470
19,27, 1.105
20,21, 0.519
20,22, 0.162
20,26,-0.222
20,33, 2.001
20,49,-1.204
21,27, 0.493
22,50, 0.732
23,24,-0.574
23,28, 1.994
24,25,-1.150
24,26,-0.605
24,28, 0.857
24,29, 1.941
24,30,-0.269
25,26,-1.035
25,27,-1.584
25,28,-1.144
26,27, 0.903
26,33, 0.239
27,28, 4.010
29,30, 0.575
30,31,-0.740
30,33,-1.246
30,34, 0.387
31,32,-0.909
31,33,-1.164
31,35,-1.118
32,33, 2.118
32,36, 1.587
33,37, 0.668
33,42,-0.021
33,49,-0.090
34,35,-0.462
35,36, 0.864
36,37, 0.475
37,42,-1.029
38,46,-0.267
39,40,-1.066
39,41, 0.638
39,45, 1.719
39,47,-1.540
40,41,-1.309
40,46,-1.669
41,48,-0.039
42,43, 0.252
42,49, 0.002
43,44, 0.747
43,46, 1.200
43,51,-1.004
44,45, 0.893
44,46,-1.106
44,52,-0.172
45,46, 1.010
45,47, 2.145
45,53,-0.474
47,48,-0.613
47,53,-1.573
49,50, 0.317
49,51,-0.938
50,51,-1.001
50,52, 0.585
51,52,-0.665
52,53,-1.354
 3, 2,-0.731
 5, 4,-1.123
 8, 4,-1.047
 9, 5,-0.402
 7, 6,-1.258
 8, 6,-1.305
10, 6,-1.657
50, 6,-1.211
 8, 7, 0.269
11, 7, 0.068
 9, 8, 1.596
52, 8, 1.160
47, 9, 1.108
53, 9,-0.765
11,10,-1.011
12,10,-1.584
50,10,-1.065
13,11,-0.556
18,11,-0.597
13,12,-1.281
17,12,-0.860
22,12,-1.575
50,12,-0.675
18,13,-0.543
15,14,-1.074
16,14,-0.252
17,14,-1.469
19,14,-0.774
21,14, 0.582
16,15,-0.095
17,16, 0.839
18,16,-0.497
18,17, 1.335
22,17,-0.070
21,19, 1.470
27,19, 1.105
21,20, 0.519
22,20, 0.162
26,20,-0.222
33,20, 2.001
49,20,-1.204
27,21, 0.493
50,22, 0.732
24,23,-0.574
28,23, 1.994
25,24,-1.150
26,24,-0.605
28,24, 0.857
29,24, 1.941
30,24,-0.269
26,25,-1.035
27,25,-1.584
28,25,-1.144
27,26, 0.903
33,26, 0.239
28,27, 4.010
30,29, 0.575
31,30,-0.740
33,30,-1.246
34,30, 0.387
32,31,-0.909
33,31,-1.164
35,31,-1.118
33,32, 2.118
36,32, 1.587
37,33, 0.668
42,33,-0.021
49,33,-0.090
35,34,-0.462
36,35, 0.864
37,36, 0.475
42,37,-1.029
46,38,-0.267
40,39,-1.066
41,39, 0.638
45,39, 1.719
47,39,-1.540
41,40,-1.309
46,40,-1.669
48,41,-0.039
43,42, 0.252
49,42, 0.002
44,43, 0.747
46,43, 1.200
51,43,-1.004
45,44, 0.893
46,44,-1.106
52,44,-0.172
46,45, 1.010
47,45, 2.145
53,45,-0.474
48,47,-0.613
53,47,-1.573
50,49, 0.317
51,49,-0.938
51,50,-1.001
52,50, 0.585
52,51,-0.665
53,52,-1.354
 0, 0,-0.918
 1, 1, 1.527
 2, 2, 1.772
 3, 3, 1.490
 4, 4,-0.653
 5, 5, 0.221
 6, 6,-1.155
 7, 7, 0.075
 8, 8, 4.649
 9, 9, 1.897
10,10,-1.295
11,11, 1.876
12,12,-0.762
13,13,-0.957
14,14, 2.119
15,15,-0.087
16,16, 2.222
17,17, 2.039
18,18, 3.953
19,19, 4.463
20,20, 2.115
21,21, 2.961
22,22, 1.541
23,23, 3.144
24,24, 3.250
25,25,-0.906
26,26, 1.871
27,27, 3.089
28,28, 4.168
29,29, 4.041
30,30, 2.263
31,31,-0.418
32,32, 1.151
33,33, 4.358
34,34, 0.955
35,35, 1.254
36,36, 4.668
37,37, 1.410
38,38, 0.787
39,39, 0.858
40,40,-1.156
41,41, 2.193
42,42, 1.632
43,43, 1.801
44,44, 1.275
45,45, 3.754
46,46, 2.636
47,47, 2.925
48,48, 1.919
49,49, 1.077
50,50, 2.568
51,51,-0.267
52,52, 1.638
53,53,-0.953
54,54, 0.879
