from,to,weight
 0, 3,-1.041
 1, 6,-0.351
 1,62,-1.112
 2, 6,-1.221
 3,24,-0.285
 3,32, 0.016
 4, 5,-0.296
 4,29,-1.598
 4,37,-0.835
 4,39,-0.385
 4,60,-0.664
 5, 6, 0.060
 5,30,-0.648
 5,61,-1.323
 6,31,-0.655
 6,62, 1.641
 7, 8,-1.655
 7, 9,-1.666
 8, 9, 0.043
 8,10, 0.781
 9,11,-1.157
 9,36,-0.083
 9,38,-0.108
 9,48,-1.538
10,11,-1.229
10,12, 2.739
10,71, 1.729
11,36,-1.190
12,13,-0.981
12,14, 0.087
12,33,-0.280
13,15,-1.689
14,15, 0.467
14,19,-1.207
14,20,-1.266
14,33,-0.471
15,16, 0.784
15,19,-1.560
16,18, 1.328
16,19,-0.711
17,18,-0.839
18,19,-0.890
18,21, 1.824
18,25,-1.229
18,26,-0.764
18,34, 0.236
19,20,-1.122
19,35,-1.324
20,36,-1.030
21,23, 3.009
21,25,-1.267
21,26, 0.943
22,23, 1.527
23,24, 0.604
23,26,-0.481
24,32,-1.439
25,26,-0.939
26,27, 0.973
26,32, 1.341
26,34,-0.081
27,28,-0.377
27,29,-1.612
27,30, 0.801
27,35,-0.537
28,36,-0.129
29,30,-0.955
29,37,-0.889
30,31,-0.443
30,32, 0.445
31,32,-1.333
33,36, 0.358
34,35,-0.023
35,36, 1.095
35,37,-1.525
36,37, 0.952
36,38, 0.612
37,39, 0.599
38,39,-0.736
38,43, 0.315
38,48,-1.160
39,44, 1.148
39,60,-0.296
40,41, 0.165
40,42, 0.032
40,45,-0.347
40,63,-1.076
41,42,-1.164
41,43,-0.206
41,47,-0.728
42,43, 1.114
42,44,-1.702
43,44, 1.410
43,48,-0.456
44,57,-0.804
44,60, 1.497
44,64,-0.650
46,65, 1.054
46,66,-0.549
46,70, 0.071
47,48,-1.218
49,50, 0.258
49,51,-1.300
49,52, 1.093
50,51,-0.098
51,52, 0.814
52,53,-0.526
54,56,-0.191
54,59,-1.163
54,62, 0.095
55,56,-0.353
55,58,-0.733
56,59, 1.270
57,58, 0.668
57,59,-1.473
57,60, 0.501
57,64,-0.545
58,59, 0.178
59,62, 1.163
60,61,-1.161
60,62, 0.482
60,64,-1.344
61,62,-1.268
65,66,-1.402
65,67, 1.050
66,67,-0.629
66,70,-1.121
67,68, 0.304
67,69,-0.261
67,70, 0.149
67,72,-0.061
68,69,-1.127
68,73, 1.411
69,74,-0.444
72,74,-0.375
72,75,-0.486
73,74, 1.180
74,75, 0.025
 3, 0,-1.041
 6, 1,-0.351
62, 1,-1.112
 6, 2,-1.221
24, 3,-0.285
32, 3, 0.016
 5, 4,-0.296
29, 4,-1.598
37, 4,-0.835
39, 4,-0.385
60, 4,-0.664
 6, 5, 0.060
30, 5,-0.648
61, 5,-1.323
31, 6,-0.655
62, 6, 1.641
 8, 7,-1.655
 9, 7,-1.666
 9, 8, 0.043
10, 8, 0.781
11, 9,-1.157
36, 9,-0.083
38, 9,-0.108
48, 9,-1.538
11,10,-1.229
12,10, 2.739
71,10, 1.729
36,11,-1.190
13,12,-0.981
14,12, 0.087
33,12,-0.280
15,13,-1.689
15,14, 0.467
19,14,-1.207
20,14,-1.266
33,14,-0.471
16,15, 0.784
19,15,-1.560
18,16, 1.328
19,16,-0.711
18,17,-0.839
19,18,-0.890
21,18, 1.824
25,18,-1.229
26,18,-0.764
34,18, 0.236
20,19,-1.122
35,19,-1.324
36,20,-1.030
23,21, 3.009
25,21,-1.267
26,21, 0.943
23,22, 1.527
24,23, 0.604
26,23,-0.481
32,24,-1.439
26,25,-0.939
27,26, 0.973
32,26, 1.341
34,26,-0.081
28,27,-0.377
29,27,-1.612
30,27, 0.801
35,27,-0.537
36,28,-0.129
30,29,-0.955
37,29,-0.889
31,30,-0.443
32,30, 0.445
32,31,-1.333
36,33, 0.358
35,34,-0.023
36,35, 1.095
37,35,-1.525
37,36, 0.952
38,36, 0.612
39,37, 0.599
39,38,-0.736
43,38, 0.315
48,38,-1.160
44,39, 1.148
60,39,-0.296
41,40, 0.165
42,40, 0.032
45,40,-0.347
63,40,-1.076
42,41,-1.164
43,41,-0.206
47,41,-0.728
43,42, 1.114
44,42,-1.702
44,43, 1.410
48,43,-0.456
57,44,-0.804
60,44, 1.497
64,44,-0.650
65,46, 1.054
66,46,-0.549
70,46, 0.071
48,47,-1.218
50,49, 0.258
51,49,-1.300
52,49, 1.093
51,50,-0.098
52,51, 0.814
53,52,-0.526
56,54,-0.191
59,54,-1.163
62,54, 0.095
56,55,-0.353
58,55,-0.733
59,56, 1.270
58,57, 0.668
59,57,-1.473
60,57, 0.501
64,57,-0.545
59,58, 0.178
62,59, 1.163
61,60,-1.161
62,60, 0.482
64,60,-1.344
62,61,-1.268
66,65,-1.402
67,65, 1.050
67,66,-0.629
70,66,-1.121
68,67, 0.304
69,67,-0.261
70,67, 0.149
72,67,-0.061
69,68,-1.127
73,68, 1.411
74,69,-0.444
74,72,-0.375
75,72,-0.486
74,73, 1.180
75,74, 0.025
 0, 0,-0.759
 1, 1, 0.150
 2, 2,-1.359
 3, 3, 0.836
 4, 4, 0.180
 5, 5, 0.316
 6, 6, 2.301
 7, 7,-1.643
 8, 8, 1.071
 9, 9, 1.526
10,10, 4.559
11,11,-1.014
12,12, 3.082
13,13,-1.281
14,14, 0.799
15,15, 0.758
16,16, 3.363
17,17,-0.877
18,18, 3.114
19,19,-0.165
20,20,-1.059
21,21, 3.426
22,22, 1.469
23,23, 5.000
24,24, 1.057
25,25,-1.152
26,26, 3.981
27,27, 1.807
28,28,-0.759
29,29,-1.152
30,30, 1.700
31,31,-0.300
32,32, 1.782
33,33, 0.292
34,34, 0.623
35,35,-0.218
36,36, 4.711
37,37, 1.312
38,38, 1.652
39,39, 1.687
40,40, 3.029
41,41, 0.973
42,42, 0.648
43,43, 2.697
44,44, 3.227
45,45,-0.353
46,46, 3.196
47,47,-0.147
48,48,-0.422
49,49, 3.694
50,50, 0.535
51,51, 2.176
52,52, 3.290
53,53,-0.742
54,54,-0.156
55,55,-0.247
56,56, 3.449
57,57, 1.940
58,58, 4.779
59,59, 1.375
60,60, 3.119
61,61,-1.181
62,62, 5.000
63,63,-1.348
64,64,-1.011
65,65, 3.283
66,66,-0.423
67,67, 5.000
68,68, 3.082
69,69,-0.402
70,70, 1.463
71,71, 1.283
72,72, 0.270
73,73, 4.001
74,74, 3.154
75,75, 1.243
