from,to,weight
 0, 2, 1.348
 0,13,-0.162
 0,15,-0.163
 0,23, 0.565
 1, 2,-0.645
 2, 3,-0.118
 2, 5, 1.383
 2,13,-0.539
 3, 6,-0.791
 5, 6, 0.075
 5, 8,-1.152
 5,13,-0.324
 6, 9,-0.162
 7,10,-0.918
 8, 9, 0.370
 8,13, 0.396
 9,10, 0.883
12,14, 1.936
13,14, 0.943
13,15, 0.528
14,19, 0.860
15,17, 0.613
15,23,-0.681
16,17, 0.690
16,18,-1.624
16,19,-0.300
16,22, 0.514
17,23,-0.413
18,19,-1.586
19,20, 0.909
20,34, 0.345
21,24, 0.074
21,35,-0.899
21,44, 0.177
22,23, 0.698
24,28, 0.624
24,35, 0.610
25,26,-1.010
25,27, 0.680
25,29, 0.968
25,33, 1.091
26,27,-0.970
26,28,-1.680
26,29,-1.088
27,28, 2.002
27,29,-1.524
28,29, 1.609
28,31,-1.407
28,35,-0.798
29,32, 0.452
30,32, 0.851
31,32,-1.383
31,35,-1.372
32,36, 0.483
32,40,-0.525
35,36, 0.430
35,37,-1.084
35,39, 2.529
35,44, 2.773
36,40,-1.658
37,41,-0.372
37,45,-0.276
38,40,-1.326
38,42,-0.389
39,40,-0.386
39,41, 0.902
40,41,-0.081
40,42,-1.239
41,42, 3.302
41,43,-0.858
41,45,-0.992
41,49, 0.792
43,50,-1.068
44,45, 0.821
44,47, 2.043
44,48,-0.300
45,46, 0.177
45,47,-0.906
45,49, 0.818
46,51,-0.089
46,54,-0.362
47,48, 0.804
47,52, 0.296
47,56, 0.789
49,50,-1.181
49,51, 0.187
50,51,-0.436
51,54, 0.880
52,56, 0.465
55,56, 1.548
55,60, 0.277
56,57, 2.394
56,60,-0.719
57,58, 0.369
57,59,-0.927
57,60, 0.526
58,59, 0.097
59,60, 0.369
 2, 0, 1.348
13, 0,-0.162
15, 0,-0.163
23, 0, 0.565
 2, 1,-0.645
 3, 2,-0.118
 5, 2, 1.383
13, 2,-0.539
 6, 3,-0.791
 6, 5, 0.075
 8, 5,-1.152
13, 5,-0.324
 9, 6,-0.162
10, 7,-0.918
 9, 8, 0.370
13, 8, 0.396
10, 9, 0.883
14,12, 1.936
14,13, 0.943
15,13, 0.528
19,14, 0.860
17,15, 0.613
23,15,-0.681
17,16, 0.690
18,16,-1.624
19,16,-0.300
22,16, 0.514
23,17,-0.413
19,18,-1.586
20,19, 0.909
34,20, 0.345
24,21, 0.074
35,21,-0.899
44,21, 0.177
23,22, 0.698
28,24, 0.624
35,24, 0.610
26,25,-1.010
27,25, 0.680
29,25, 0.968
33,25, 1.091
27,26,-0.970
28,26,-1.680
29,26,-1.088
28,27, 2.002
29,27,-1.524
29,28, 1.609
31,28,-1.407
35,28,-0.798
32,29, 0.452
32,30, 0.851
32,31,-1.383
35,31,-1.372
36,32, 0.483
40,32,-0.525
36,35, 0.430
37,35,-1.084
39,35, 2.529
44,35, 2.773
40,36,-1.658
41,37,-0.372
45,37,-0.276
40,38,-1.326
42,38,-0.389
40,39,-0.386
41,39, 0.902
41,40,-0.081
42,40,-1.239
42,41, 3.302
43,41,-0.858
45,41,-0.992
49,41, 0.792
50,43,-1.068
45,44, 0.821
47,44, 2.043
48,44,-0.300
46,45, 0.177
47,45,-0.906
49,45, 0.818
51,46,-0.089
54,46,-0.362
48,47, 0.804
52,47, 0.296
56,47, 0.789
50,49,-1.181
51,49, 0.187
51,50,-0.436
54,51, 0.880
56,52, 0.465
56,55, 1.548
60,55, 0.277
57,56, 2.394
60,56,-0.719
58,57, 0.369
59,57,-0.927
60,57, 0.526
59,58, 0.097
60,59, 0.369
 0, 0, 2.666
 1, 1,-0.312
 2, 2, 3.175
 3, 3, 0.437
 4, 4,-0.812
 5, 5, 1.273
 6, 6, 1.095
 7, 7,-0.963
 8, 8,-0.011
 9, 9, 1.127
10,10, 3.071
11,11,-1.477
12,12, 2.301
13,13, 3.822
14,14, 3.741
15,15, 1.606
16,16, 2.740
17,17, 1.247
18,18,-1.617
19,19, 3.696
20,20, 0.527
21,21, 1.054
22,22, 2.221
23,23, 2.149
24,24, 1.151
25,25, 4.738
26,26,-0.856
27,27, 3.465
28,28, 1.720
29,29, 2.575
30,30, 3.086
31,31,-1.308
32,32, 2.259
33,33, 1.427
34,34, 4.568
35,35, 4.779
36,36,-0.874
37,37,-0.210
38,38,-0.677
39,39, 2.021
40,40, 0.732
41,41, 4.947
42,42, 4.352
43,43,-1.004
44,44, 4.997
45,45, 2.500
46,46, 0.415
47,47, 4.044
48,48, 1.396
49,49, 1.311
50,50,-0.831
51,51, 3.964
52,52, 0.953
53,53,-1.519
54,54, 3.539
55,55, 1.608
56,56, 4.002
57,57, 3.200
58,58, 1.067
59,59, 0.945
60,60, 3.946
