from,to,weight
 0, 1, 1.604
 0, 6, 0.832
 0,14,-0.624
 0,15, 0.979
 0,28, 0.629
 0,36,-1.386
 0,44,-0.299
 1, 7, 0.435
 1,24,-0.306
 1,25, 0.413
 1,29, 0.413
 2, 3, 1.036
 2, 4,-1.165
 2, 7, 0.631
 2, 8, 0.608
 2,10, 2.381
 2,23,-0.122
 3, 4, 1.950
 3,11, 0.667
 3,12, 0.751
 4, 8,-1.446
 4,13,-0.477
 4,42, 1.475
 5, 6,-0.646
 5, 8,-0.413
 5,43,-0.214
 6, 7,-0.647
 6, 8,-1.031
 6,14,-1.648
 6,44, 0.376
 7, 8,-0.849
 7,24,-1.513
 8,45,-1.361
 9,10,-1.534
 9,11,-0.289
10,11, 0.930
10,22, 2.166
10,23,-0.808
11,12,-0.632
11,17, 0.455
12,17, 0.353
14,15,-1.668
14,36,-0.714
14,44,-1.573
15,28,-1.122
15,36, 0.764
17,18, 1.606
21,22,-0.781
22,23, 2.103
23,24, 0.488
24,25,-0.686
25,26,-0.134
25,29,-1.625
26,27,-0.741
26,29,-0.890
27,30, 1.124
28,29, 0.089
28,34,-0.308
28,36, 1.107
28,39, 0.702
29,30, 1.207
29,40,-1.523
30,31, 0.167
30,32,-0.856
30,35,-0.796
30,41,-0.158
31,32, 0.000
31,35,-0.648
32,33,-0.337
34,36,-0.085
34,39, 0.432
35,41,-0.146
36,39, 0.773
36,44, 0.808
37,38,-0.320
37,42,-1.274
37,48, 0.198
38,39, 2.473
38,40,-1.629
38,41, 1.822
38,43,-0.228
38,49, 0.300
39,40,-0.318
39,44,-1.113
40,41,-0.605
42,43, 1.493
42,45,-1.419
42,48, 2.437
43,44, 1.292
43,45,-1.199
46,47,-1.463
47,48, 2.060
47,49, 0.059
47,50,-0.716
48,49, 0.405
49,50,-0.687
 1, 0, 1.604
 6, 0, 0.832
14, 0,-0.624
15, 0, 0.979
28, 0, 0.629
36, 0,-1.386
44, 0,-0.299
 7, 1, 0.435
24, 1,-0.306
25, 1, 0.413
29, 1, 0.413
 3, 2, 1.036
 4, 2,-1.165
 7, 2, 0.631
 8, 2, 0.608
10, 2, 2.381
23, 2,-0.122
 4, 3, 1.950
11, 3, 0.667
12, 3, 0.751
 8, 4,-1.446
13, 4,-0.477
42, 4, 1.475
 6, 5,-0.646
 8, 5,-0.413
43, 5,-0.214
 7, 6,-0.647
 8, 6,-1.031
14, 6,-1.648
44, 6, 0.376
 8, 7,-0.849
24, 7,-1.513
45, 8,-1.361
10, 9,-1.534
11, 9,-0.289
11,10, 0.930
22,10, 2.166
23,10,-0.808
12,11,-0.632
17,11, 0.455
17,12, 0.353
15,14,-1.668
36,14,-0.714
44,14,-1.573
28,15,-1.122
36,15, 0.764
18,17, 1.606
22,21,-0.781
23,22, 2.103
24,23, 0.488
25,24,-0.686
26,25,-0.134
29,25,-1.625
27,26,-0.741
29,26,-0.890
30,27, 1.124
29,28, 0.089
34,28,-0.308
36,28, 1.107
39,28, 0.702
30,29, 1.207
40,29,-1.523
31,30, 0.167
32,30,-0.856
35,30,-0.796
41,30,-0.158
32,31, 0.000
35,31,-0.648
33,32,-0.337
36,34,-0.085
39,34, 0.432
41,35,-0.146
39,36, 0.773
44,36, 0.808
38,37,-0.320
42,37,-1.274
48,37, 0.198
39,38, 2.473
40,38,-1.629
41,38, 1.822
43,38,-0.228
49,38, 0.300
40,39,-0.318
44,39,-1.113
41,40,-0.605
43,42, 1.493
45,42,-1.419
48,42, 2.437
44,43, 1.292
45,43,-1.199
47,46,-1.463
48,47, 2.060
49,47, 0.059
50,47,-0.716
49,48, 0.405
50,49,-0.687
 0, 0, 3.728
 1, 1, 3.215
 2, 2, 2.813
 3, 3, 3.316
 4, 4, 1.604
 5, 5,-0.136
 6, 6, 1.777
 7, 7, 0.541
 8, 8, 0.266
 9, 9,-0.650
10,10, 3.556
11,11, 3.300
12,12, 1.540
13,13,-0.265
14,14,-1.429
15,15, 0.596
16,16,-1.050
17,17, 1.608
18,18, 3.167
19,19, 1.306
20,20, 0.549
21,21,-0.828
22,22, 3.617
23,23, 4.250
24,24, 0.294
25,25, 0.765
26,26,-0.020
27,27, 1.291
28,28, 3.224
29,29, 1.299
30,30, 4.389
31,31, 0.240
32,32, 2.767
33,33, 0.346
34,34, 0.323
35,35,-0.017
36,36, 4.202
37,37,-0.173
38,38, 4.943
39,39, 3.703
40,40,-0.581
41,41, 2.364
42,42, 4.938
43,43, 2.575
44,44, 2.115
45,45,-1.213
46,46,-1.569
47,47, 5.000
48,48, 4.161
49,49, 2.804
50,50,-0.264
