from,to,weight
 0,79, 0.354
 1, 2,-1.204
 1, 3, 0.003
 1, 8,-1.456
 2,79,-0.776
 3, 5,-0.069
 3, 8,-1.096
 4, 9,-0.184
 4,12,-0.723
 4,80, 0.682
 5, 8, 0.501
 6, 7, 1.432
 6, 8, 0.438
 6, 9, 2.094
 6,11,-1.490
 7, 8,-1.650
 7,18,-0.216
 7,33, 0.158
 8, 9, 0.298
 9,12, 1.794
 9,80,-0.487
10,12,-0.386
10,13,-1.494
10,66,-0.376
11,12,-1.578
12,13,-0.148
12,68,-1.175
12,80, 0.280
13,69, 0.025
14,15, 0.698
14,16,-0.389
14,17,-0.286
14,22, 0.332
14,40, 0.413
14,43,-1.451
14,48, 1.298
15,16,-1.607
16,17,-0.602
17,49, 0.658
18,33, 0.254
19,20,-1.585
19,34,-1.413
20,25, 0.487
20,35, 0.135
21,22,-0.844
21,29,-0.924
22,23,-0.840
22,25,-0.736
22,26,-0.541
22,30,-1.136
22,40,-1.048
23,24,-1.393
23,25,-1.648
24,25,-1.373
25,26,-0.308
25,35,-0.151
26,36,-0.327
27,28,-0.888
27,29,-0.594
27,31,-1.272
28,29,-0.233
28,38,-0.225
29,30,-0.832
29,31,-0.470
29,36, 0.744
29,39, 0.215
30,36,-1.657
30,40,-1.025
31,32,-1.506
31,36,-0.603
32,33, 0.025
32,36,-1.152
32,37,-1.044
33,37,-1.053
34,35,-0.945
34,36, 0.065
34,37,-1.040
35,36, 1.071
36,37, 0.397
38,39,-1.224
38,41,-0.210
38,67,-0.795
39,40, 0.084
39,42,-1.115
40,43, 0.503
41,42, 0.766
41,44, 0.442
41,45, 1.126
41,46,-0.188
41,59,-1.654
41,67, 0.176
42,43,-0.168
42,44,-0.289
43,44,-0.637
43,48, 0.351
44,46,-0.323
44,47,-1.578
44,51, 0.242
44,60, 0.092
45,61, 0.186
45,69,-0.060
46,64, 0.236
47,52,-0.297
47,65,-0.391
48,49,-0.032
48,51, 0.486
49,50, 0.137
49,51,-0.585
49,53,-1.209
50,52,-0.876
50,53,-0.642
51,52,-0.624
51,53,-0.574
52,53,-0.175
52,54, 1.000
52,56,-0.001
52,57,-0.798
52,65,-0.063
54,56, 1.110
55,56,-0.248
55,63,-0.338
55,89, 0.081
55,93,-0.843
56,57,-1.356
56,65, 1.830
56,90,-1.654
57,65,-0.926
58,63,-1.232
58,85,-1.231
58,93,-1.406
59,61,-0.586
59,62,-1.248
59,63,-1.348
59,64,-0.894
60,64,-0.163
60,65,-0.499
61,62, 0.092
61,69, 0.531
61,72,-0.838
62,63, 0.579
62,75,-0.543
62,84,-0.997
63,64, 4.420
63,65,-1.463
63,85, 1.019
63,93, 0.173
64,65, 2.105
66,67, 0.297
66,69, 1.003
67,69,-1.604
68,69,-1.221
68,80,-1.634
69,72, 0.737
69,83,-0.530
70,71,-0.926
70,73, 1.558
70,77,-0.622
70,86, 0.181
71,72,-0.269
71,73,-1.163
71,82,-0.052
72,73, 1.219
72,74,-1.663
72,75, 1.091
72,83, 0.175
73,74, 1.298
73,76, 0.138
74,75, 1.752
74,76,-0.107
75,84, 1.084
76,96, 0.772
77,81,-1.302
77,82,-0.130
77,86, 0.362
78,79,-1.200
78,80,-0.773
79,80, 1.139
79,81,-0.157
80,81, 0.642
80,82, 0.769
80,83,-0.510
81,82, 0.365
81,87,-0.251
82,83,-0.365
84,85, 0.766
85,93,-0.591
85,94, 1.849
86,87, 1.320
86,88, 2.417
89,90,-1.680
89,91, 1.432
89,93, 0.310
91,92, 2.511
91,93, 0.316
91,94, 0.071
93,94,-0.497
95,96,-1.096
79, 0, 0.354
 2, 1,-1.204
 3, 1, 0.003
 8, 1,-1.456
79, 2,-0.776
 5, 3,-0.069
 8, 3,-1.096
 9, 4,-0.184
12, 4,-0.723
80, 4, 0.682
 8, 5, 0.501
 7, 6, 1.432
 8, 6, 0.438
 9, 6, 2.094
11, 6,-1.490
 8, 7,-1.650
18, 7,-0.216
33, 7, 0.158
 9, 8, 0.298
12, 9, 1.794
80, 9,-0.487
12,10,-0.386
13,10,-1.494
66,10,-0.376
12,11,-1.578
13,12,-0.148
68,12,-1.175
80,12, 0.280
69,13, 0.025
15,14, 0.698
16,14,-0.389
17,14,-0.286
22,14, 0.332
40,14, 0.413
43,14,-1.451
48,14, 1.298
16,15,-1.607
17,16,-0.602
49,17, 0.658
33,18, 0.254
20,19,-1.585
34,19,-1.413
25,20, 0.487
35,20, 0.135
22,21,-0.844
29,21,-0.924
23,22,-0.840
25,22,-0.736
26,22,-0.541
30,22,-1.136
40,22,-1.048
24,23,-1.393
25,23,-1.648
25,24,-1.373
26,25,-0.308
35,25,-0.151
36,26,-0.327
28,27,-0.888
29,27,-0.594
31,27,-1.272
29,28,-0.233
38,28,-0.225
30,29,-0.832
31,29,-0.470
36,29, 0.744
39,29, 0.215
36,30,-1.657
40,30,-1.025
32,31,-1.506
36,31,-0.603
33,32, 0.025
36,32,-1.152
37,32,-1.044
37,33,-1.053
35,34,-0.945
36,34, 0.065
37,34,-1.040
36,35, 1.071
37,36, 0.397
39,38,-1.224
41,38,-0.210
67,38,-0.795
40,39, 0.084
42,39,-1.115
43,40, 0.503
42,41, 0.766
44,41, 0.442
45,41, 1.126
46,41,-0.188
59,41,-1.654
67,41, 0.176
43,42,-0.168
44,42,-0.289
44,43,-0.637
48,43, 0.351
46,44,-0.323
47,44,-1.578
51,44, 0.242
60,44, 0.092
61,45, 0.186
69,45,-0.060
64,46, 0.236
52,47,-0.297
65,47,-0.391
49,48,-0.032
51,48, 0.486
50,49, 0.137
51,49,-0.585
53,49,-1.209
52,50,-0.876
53,50,-0.642
52,51,-0.624
53,51,-0.574
53,52,-0.175
54,52, 1.000
56,52,-0.001
57,52,-0.798
65,52,-0.063
56,54, 1.110
56,55,-0.248
63,55,-0.338
89,55, 0.081
93,55,-0.843
57,56,-1.356
65,56, 1.830
90,56,-1.654
65,57,-0.926
63,58,-1.232
85,58,-1.231
93,58,-1.406
61,59,-0.586
62,59,-1.248
63,59,-1.348
64,59,-0.894
64,60,-0.163
65,60,-0.499
62,61, 0.092
69,61, 0.531
72,61,-0.838
63,62, 0.579
75,62,-0.543
84,62,-0.997
64,63, 4.420
65,63,-1.463
85,63, 1.019
93,63, 0.173
65,64, 2.105
67,66, 0.297
69,66, 1.003
69,67,-1.604
69,68,-1.221
80,68,-1.634
72,69, 0.737
83,69,-0.530
71,70,-0.926
73,70, 1.558
77,70,-0.622
86,70, 0.181
72,71,-0.269
73,71,-1.163
82,71,-0.052
73,72, 1.219
74,72,-1.663
75,72, 1.091
83,72, 0.175
74,73, 1.298
76,73, 0.138
75,74, 1.752
76,74,-0.107
84,75, 1.084
96,76, 0.772
81,77,-1.302
82,77,-0.130
86,77, 0.362
79,78,-1.200
80,78,-0.773
80,79, 1.139
81,79,-0.157
81,80, 0.642
82,80, 0.769
83,80,-0.510
82,81, 0.365
87,81,-0.251
83,82,-0.365
85,84, 0.766
93,85,-0.591
94,85, 1.849
87,86, 1.320
88,86, 2.417
90,89,-1.680
91,89, 1.432
93,89, 0.310
92,91, 2.511
93,91, 0.316
94,91, 0.071
94,93,-0.497
96,95,-1.096
 0, 0, 2.376
 1, 1, 1.300
 2, 2, 0.016
 3, 3, 0.066
 4, 4, 0.075
 5, 5, 1.119
 6, 6, 3.694
 7, 7, 1.788
 8, 8, 2.676
 9, 9, 2.953
10,10,-0.086
11,11,-1.536
12,12, 2.659
13,13,-0.460
14,14, 3.965
15,15, 0.364
16,16,-0.095
17,17, 4.409
18,18, 1.552
19,19,-1.321
20,20, 1.513
21,21,-1.228
22,22, 1.643
23,23,-1.040
24,24,-1.604
25,25, 2.989
26,26,-0.089
27,27, 0.739
28,28,-0.123
29,29, 2.872
30,30,-1.050
31,31, 0.147
32,32, 0.184
33,33, 2.782
34,34, 1.494
35,35, 1.063
36,36, 3.560
37,37, 0.341
38,38, 0.031
39,39,-0.267
40,40, 1.691
41,41, 3.321
42,42, 0.765
43,43, 1.215
44,44, 2.723
45,45, 1.138
46,46, 0.329
47,47,-0.969
48,48, 2.090
49,49, 2.451
50,50, 0.619
51,51, 1.754
52,52, 4.174
53,53,-0.016
54,54, 1.175
55,55, 0.518
56,56, 4.236
57,57,-1.032
58,58,-1.245
59,59,-0.661
60,60, 0.211
61,61, 1.803
62,62, 1.144
63,63, 4.619
64,64, 2.989
65,65, 3.580
66,66, 1.746
67,67, 0.557
68,68,-1.365
69,69, 3.624
70,70, 1.574
71,71, 0.089
72,72, 3.392
73,73, 4.013
74,74, 2.149
75,75, 2.250
76,76, 1.732
77,77, 0.078
78,78,-0.543
79,79, 3.542
80,80, 4.712
81,81, 2.739
82,82, 2.255
83,83, 0.751
84,84, 1.088
85,85, 2.658
86,86, 3.626
87,87, 2.211
88,88, 3.967
89,89, 2.865
90,90,-1.677
91,91, 4.839
92,92, 2.601
93,93, 2.471
94,94, 3.141
95,95,-1.364
96,96, 4.037
