from,to,weight
 0, 1, 0.803
 0, 2, 0.200
 0, 4,-0.660
 0,52,-0.274
 1, 3, 0.827
 2, 3,-1.101
 2, 4,-0.235
 2,49, 0.032
 3,50, 0.880
 4,38, 0.677
 4,51,-0.063
 4,52, 0.354
 5, 9,-1.634
 5,12,-1.429
 6, 7, 0.317
 6,20, 0.226
 7, 8,-1.352
 7, 9, 1.572
 7,20, 0.002
 8, 9,-1.266
 8,21,-1.344
 9,10,-0.445
 9,12, 1.378
10,11,-0.961
10,13,-0.414
10,16, 0.594
11,17,-1.668
12,13,-1.591
12,34, 0.253
13,16, 2.018
13,47,-0.887
14,17, 0.905
15,16, 0.108
15,17,-1.056
15,18,-0.210
16,17, 1.401
16,19, 1.675
18,19, 1.387
20,21, 1.441
21,22, 2.346
22,23,-0.206
22,24,-0.844
22,25, 1.661
22,33, 0.072
23,34,-0.171
24,25,-1.170
25,26,-1.366
25,28, 0.055
25,33,-0.769
26,30,-1.421
27,31,-0.813
28,29,-0.852
28,30,-0.870
28,33,-1.201
29,30,-0.847
29,32,-0.949
29,34,-1.127
30,31,-0.256
30,32,-0.999
31,32, 1.501
31,54, 0.787
32,36, 2.136
32,40,-0.120
32,57,-0.009
33,34, 0.915
34,35, 2.228
34,36,-0.797
35,36, 3.527
35,37, 3.238
36,40,-0.202
37,38, 0.523
37,39,-0.696
37,40,-0.698
37,43, 2.218
38,39,-0.568
38,44,-0.486
38,49,-0.670
38,51,-0.800
38,52, 0.148
39,40,-0.634
39,53, 1.523
39,55, 0.246
40,57,-0.434
41,42,-0.509
41,43, 0.320
41,46,-1.297
41,47,-0.302
42,43, 0.374
42,44,-1.110
42,48, 1.044
43,44, 1.033
43,47,-1.119
44,49, 0.360
45,46,-0.915
46,47, 0.503
48,49, 0.617
48,50, 0.979
49,50, 0.253
49,51, 0.476
52,53, 1.027
53,55,-0.502
53,59,-1.514
54,57, 0.836
54,58,-0.714
54,61, 0.624
55,56,-0.203
55,57, 1.909
55,59, 1.014
56,57,-1.643
58,61,-0.647
59,60, 1.056
59,72,-0.924
60,75, 1.889
61,62,-0.321
63,64,-0.611
63,69,-0.539
64,66, 0.051
64,69, 0.271
65,66, 1.834
66,67,-0.248
66,69,-0.435
67,69, 1.035
72,73,-0.329
72,74,-0.910
72,75, 0.218
73,74,-0.208
74,75, 2.107
 1, 0, 0.803
 2, 0, 0.200
 4, 0,-0.660
52, 0,-0.274
 3, 1, 0.827
 3, 2,-1.101
 4, 2,-0.235
49, 2, 0.032
50, 3, 0.880
38, 4, 0.677
51, 4,-0.063
52, 4, 0.354
 9, 5,-1.634
12, 5,-1.429
 7, 6, 0.317
20, 6, 0.226
 8, 7,-1.352
 9, 7, 1.572
20, 7, 0.002
 9, 8,-1.266
21, 8,-1.344
10, 9,-0.445
12, 9, 1.378
11,10,-0.961
13,10,-0.414
16,10, 0.594
17,11,-1.668
13,12,-1.591
34,12, 0.253
16,13, 2.018
47,13,-0.887
17,14, 0.905
16,15, 0.108
17,15,-1.056
18,15,-0.210
17,16, 1.401
19,16, 1.675
19,18, 1.387
21,20, 1.441
22,21, 2.346
23,22,-0.206
24,22,-0.844
25,22, 1.661
33,22, 0.072
34,23,-0.171
25,24,-1.170
26,25,-1.366
28,25, 0.055
33,25,-0.769
30,26,-1.421
31,27,-0.813
29,28,-0.852
30,28,-0.870
33,28,-1.201
30,29,-0.847
32,29,-0.949
34,29,-1.127
31,30,-0.256
32,30,-0.999
32,31, 1.501
54,31, 0.787
36,32, 2.136
40,32,-0.120
57,32,-0.009
34,33, 0.915
35,34, 2.228
36,34,-0.797
36,35, 3.527
37,35, 3.238
40,36,-0.202
38,37, 0.523
39,37,-0.696
40,37,-0.698
43,37, 2.218
39,38,-0.568
44,38,-0.486
49,38,-0.670
51,38,-0.800
52,38, 0.148
40,39,-0.634
53,39, 1.523
55,39, 0.246
57,40,-0.434
42,41,-0.509
43,41, 0.320
46,41,-1.297
47,41,-0.302
43,42, 0.374
44,42,-1.110
48,42, 1.044
44,43, 1.033
47,43,-1.119
49,44, 0.360
46,45,-0.915
47,46, 0.503
49,48, 0.617
50,48, 0.979
50,49, 0.253
51,49, 0.476
53,52, 1.027
55,53,-0.502
59,53,-1.514
57,54, 0.836
58,54,-0.714
61,54, 0.624
56,55,-0.203
57,55, 1.909
59,55, 1.014
57,56,-1.643
61,58,-0.647
60,59, 1.056
72,59,-0.924
75,60, 1.889
62,61,-0.321
64,63,-0.611
69,63,-0.539
66,64, 0.051
69,64, 0.271
66,65, 1.834
67,66,-0.248
69,66,-0.435
69,67, 1.035
73,72,-0.329
74,72,-0.910
75,72, 0.218
74,73,-0.208
75,74, 2.107
 0, 0, 2.178
 1, 1, 3.057
 2, 2, 0.736
 3, 3, 2.336
 4, 4, 2.221
 5, 5,-1.361
 6, 6, 1.124
 7, 7, 3.387
 8, 8,-1.178
 9, 9, 5.000
10,10, 1.310
11,11,-0.817
12,12, 0.630
13,13, 2.882
14,14, 3.631
15,15, 0.449
16,16, 4.910
17,17, 0.924
18,18, 4.406
19,19,-0.405
20,20, 2.961
21,21, 2.309
22,22, 4.740
23,23, 0.373
24,24,-0.794
25,25, 2.425
26,26,-1.360
27,27,-1.124
28,28,-0.354
29,29,-0.349
30,30, 0.145
31,31, 3.329
32,32, 3.331
33,33, 0.440
34,34, 3.853
35,35, 4.887
36,36, 2.914
37,37, 2.449
38,38, 2.939
39,39, 2.029
40,40, 1.066
41,41, 0.678
42,42, 2.044
43,43, 3.195
44,44, 1.069
45,45,-0.998
46,46, 1.369
47,47, 2.005
48,48, 2.868
49,49, 3.305
50,50, 2.430
51,51, 0.210
52,52, 2.850
53,53, 4.550
54,54, 3.906
55,55, 4.280
56,56,-0.490
57,57, 1.901
58,58,-1.098
59,59, 3.153
60,60, 4.162
61,61, 2.791
62,62, 0.967
63,63, 0.193
64,64, 1.341
65,65, 4.980
66,66, 2.572
67,67, 1.175
68,68, 0.963
69,69, 3.903
70,70, 3.271
71,71, 1.296
72,72, 2.048
73,73, 0.357
74,74, 2.973
75,75, 2.783
76,76, 0.237
