from,to,weight
 0, 1,-0.637
 0, 2,-1.391
 1, 2,-0.705
 1, 5,-1.294
 1,46, 1.552
 2, 5,-0.472
 3, 4, 0.702
 3, 5, 0.747
 3, 7,-1.100
 3, 8, 1.579
 4, 5, 0.240
 4,11, 0.064
 4,44,-0.321
 4,52, 1.091
 5, 9,-1.077
 5,46, 0.432
 6, 7,-0.098
 6, 8, 0.103
 7, 8, 0.022
 8, 9,-1.401
10,11,-1.641
11,13,-0.035
11,37, 0.209
11,52, 0.384
12,32,-1.686
13,37,-1.010
14,15, 0.069
14,17, 0.154
14,20,-0.297
14,51,-0.420
14,53, 0.447
14,55,-0.967
15,16,-0.201
15,17,-1.337
15,48, 0.364
15,51,-1.571
16,17,-0.486
16,20,-1.025
16,48,-1.055
17,20, 0.257
18,19,-0.647
19,20,-0.366
19,21,-0.108
19,22,-1.578
19,25,-0.073
19,26, 0.081
20,21, 0.895
21,22, 1.360
22,23,-0.180
22,25, 1.676
23,24,-0.803
24,25, 0.519
28,32, 0.330
29,30, 0.127
29,31,-1.618
29,54, 1.437
30,31,-0.233
30,33,-0.986
31,34, 0.045
31,53,-0.982
31,55,-1.148
32,33,-0.662
32,34, 0.702
32,36, 1.377
33,34,-0.855
34,35,-0.158
34,36,-0.211
34,38,-1.176
34,39,-0.757
34,51,-0.635
34,53, 0.427
35,38,-0.931
35,40,-0.192
36,37,-0.373
36,38,-0.669
37,38,-0.873
37,41, 1.177
37,52,-1.669
38,42,-1.307
39,40, 0.912
39,48,-0.580
39,51, 0.658
40,42, 0.833
40,43,-0.614
40,49,-0.926
41,42, 0.621
41,44, 0.044
41,52, 0.347
42,45,-0.401
43,45, 0.049
43,49,-0.572
44,45, 0.623
44,46,-0.228
44,52,-0.799
45,46, 1.616
45,47, 0.725
46,47,-0.916
47,50,-0.410
48,49,-0.432
48,51, 0.502
51,53, 0.531
53,55, 0.508
54,55,-0.320
 1, 0,-0.637
 2, 0,-1.391
 2, 1,-0.705
 5, 1,-1.294
46, 1, 1.552
 5, 2,-0.472
 4, 3, 0.702
 5, 3, 0.747
 7, 3,-1.100
 8, 3, 1.579
 5, 4, 0.240
11, 4, 0.064
44, 4,-0.321
52, 4, 1.091
 9, 5,-1.077
46, 5, 0.432
 7, 6,-0.098
 8, 6, 0.103
 8, 7, 0.022
 9, 8,-1.401
11,10,-1.641
13,11,-0.035
37,11, 0.209
52,11, 0.384
32,12,-1.686
37,13,-1.010
15,14, 0.069
17,14, 0.154
20,14,-0.297
51,14,-0.420
53,14, 0.447
55,14,-0.967
16,15,-0.201
17,15,-1.337
48,15, 0.364
51,15,-1.571
17,16,-0.486
20,16,-1.025
48,16,-1.055
20,17, 0.257
19,18,-0.647
20,19,-0.366
21,19,-0.108
22,19,-1.578
25,19,-0.073
26,19, 0.081
21,20, 0.895
22,21, 1.360
23,22,-0.180
25,22, 1.676
24,23,-0.803
25,24, 0.519
32,28, 0.330
30,29, 0.127
31,29,-1.618
54,29, 1.437
31,30,-0.233
33,30,-0.986
34,31, 0.045
53,31,-0.982
55,31,-1.148
33,32,-0.662
34,32, 0.702
36,32, 1.377
34,33,-0.855
35,34,-0.158
36,34,-0.211
38,34,-1.176
39,34,-0.757
51,34,-0.635
53,34, 0.427
38,35,-0.931
40,35,-0.192
37,36,-0.373
38,36,-0.669
38,37,-0.873
41,37, 1.177
52,37,-1.669
42,38,-1.307
40,39, 0.912
48,39,-0.580
51,39, 0.658
42,40, 0.833
43,40,-0.614
49,40,-0.926
42,41, 0.621
44,41, 0.044
52,41, 0.347
45,42,-0.401
45,43, 0.049
49,43,-0.572
45,44, 0.623
46,44,-0.228
52,44,-0.799
46,45, 1.616
47,45, 0.725
47,46,-0.916
50,47,-0.410
49,48,-0.432
51,48, 0.502
53,51, 0.531
55,53, 0.508
55,54,-0.320
 0, 0,-0.838
 1, 1, 3.433
 2, 2, 0.225
 3, 3, 2.179
 4, 4, 3.055
 5, 5, 2.627
 6, 6, 1.428
 7, 7, 2.904
 8, 8, 2.041
 9, 9,-1.061
10,10,-1.592
11,11, 3.478
12,12,-1.694
13,13, 0.388
14,14, 3.020
15,15, 0.843
16,16, 0.667
17,17, 0.678
18,18,-0.574
19,19, 2.502
20,20, 2.065
21,21, 2.333
22,22, 2.384
23,23, 1.572
24,24, 2.714
25,25, 5.000
26,26, 1.209
27,27, 0.377
28,28,-0.777
29,29, 2.764
30,30, 0.489
31,31, 0.445
32,32, 4.659
33,33,-0.675
34,34, 3.878
35,35,-0.192
36,36, 1.961
37,37, 2.546
38,38,-0.113
39,39, 1.053
40,40, 2.182
41,41, 2.079
42,42, 0.496
43,43,-0.031
44,44, 1.888
45,45, 3.263
46,46, 4.223
47,47, 1.304
48,48, 1.931
49,49, 0.439
50,50, 1.031
51,51, 2.376
52,52, 1.111
53,53, 2.629
54,54, 2.525
55,55, 0.253
