from,to,weight
 0, 1,-0.828
 1, 2, 0.586
 1,34, 0.939
 1,52,-1.190
 2,34,-1.114
 2,47, 0.328
 3,23,-1.140
 3,31,-1.212
 3,36,-0.040
 3,53,-0.102
 3,58,-0.151
 4, 5,-1.454
 4,15, 0.672
 4,19, 0.881
 6, 9,-1.519
 7, 8,-1.236
 7,12, 0.304
 7,20,-0.274
 7,42,-0.770
 8,13,-1.401
 9,10, 0.356
 9,11,-0.693
10,11, 1.588
10,14, 1.707
12,13, 0.503
12,16,-0.058
12,20,-1.073
13,17, 0.113
14,18, 1.234
15,16,-0.136
15,17,-0.074
15,18, 1.167
15,19, 1.204
16,17,-1.405
16,20,-1.301
17,18,-0.076
19,20, 1.806
20,50,-0.080
20,51, 0.184
21,26, 1.312
21,57,-0.846
22,23,-1.587
22,25, 0.145
22,30, 0.411
23,24,-1.051
23,25,-1.326
23,26,-0.303
23,27,-1.297
23,31, 1.069
23,54, 0.020
23,58, 0.043
24,26,-1.550
24,27,-1.247
25,26, 0.374
25,27,-1.237
25,32,-1.484
26,27,-0.814
26,57, 1.684
28,29,-0.738
28,30,-1.232
29,30, 0.759
30,31, 0.243
30,32,-1.274
30,33, 2.174
30,38,-1.192
31,36, 0.132
33,35,-0.979
33,36,-0.443
33,38, 2.063
34,35, 0.826
34,36,-1.005
34,47, 1.064
34,52, 0.337
35,36, 0.809
35,40,-0.558
35,48,-1.170
36,53, 2.315
37,38,-0.470
37,43,-1.579
38,39, 1.885
38,40,-0.985
38,43,-0.259
38,44,-0.906
39,40,-0.719
39,41,-0.354
39,44,-1.373
39,45, 1.005
40,48,-1.397
41,42, 0.157
41,44,-1.063
41,49,-0.257
42,43, 0.098
42,44,-1.260
42,50,-0.512
42,51,-0.001
43,44,-1.295
45,46,-0.220
45,47,-0.352
45,48,-1.178
45,49,-1.237
46,47, 1.232
46,49, 1.162
47,48,-1.535
49,50, 0.865
50,51,-0.455
52,53,-0.739
53,54,-0.090
53,58, 0.027
54,55,-1.550
54,57,-0.815
54,58, 0.199
54,59, 0.065
56,57,-1.298
56,77,-0.393
57,61,-1.048
57,64, 1.608
59,60, 0.332
60,61,-1.602
60,62, 0.899
61,62,-0.816
61,64,-0.965
62,65, 0.709
63,67,-0.620
63,70,-0.362
64,65, 0.250
64,66,-0.114
65,66, 0.238
65,67,-1.197
65,68, 0.588
66,69, 0.875
66,76,-0.298
66,78, 1.705
67,70,-0.453
68,69,-0.346
68,70, 0.373
69,70, 1.204
69,73,-0.015
69,76, 0.395
70,71,-0.343
70,72, 1.450
71,72,-1.301
72,74, 1.099
75,76,-0.197
75,78, 1.031
76,78, 0.199
77,78, 1.268
79,80,-0.616
80,81, 0.220
81,82,-1.078
 1, 0,-0.828
 2, 1, 0.586
34, 1, 0.939
52, 1,-1.190
34, 2,-1.114
47, 2, 0.328
23, 3,-1.140
31, 3,-1.212
36, 3,-0.040
53, 3,-0.102
58, 3,-0.151
 5, 4,-1.454
15, 4, 0.672
19, 4, 0.881
 9, 6,-1.519
 8, 7,-1.236
12, 7, 0.304
20, 7,-0.274
42, 7,-0.770
13, 8,-1.401
10, 9, 0.356
11, 9,-0.693
11,10, 1.588
14,10, 1.707
13,12, 0.503
16,12,-0.058
20,12,-1.073
17,13, 0.113
18,14, 1.234
16,15,-0.136
17,15,-0.074
18,15, 1.167
19,15, 1.204
17,16,-1.405
20,16,-1.301
18,17,-0.076
20,19, 1.806
50,20,-0.080
51,20, 0.184
26,21, 1.312
57,21,-0.846
23,22,-1.587
25,22, 0.145
30,22, 0.411
24,23,-1.051
25,23,-1.326
26,23,-0.303
27,23,-1.297
31,23, 1.069
54,23, 0.020
58,23, 0.043
26,24,-1.550
27,24,-1.247
26,25, 0.374
27,25,-1.237
32,25,-1.484
27,26,-0.814
57,26, 1.684
29,28,-0.738
30,28,-1.232
30,29, 0.759
31,30, 0.243
32,30,-1.274
33,30, 2.174
38,30,-1.192
36,31, 0.132
35,33,-0.979
36,33,-0.443
38,33, 2.063
35,34, 0.826
36,34,-1.005
47,34, 1.064
52,34, 0.337
36,35, 0.809
40,35,-0.558
48,35,-1.170
53,36, 2.315
38,37,-0.470
43,37,-1.579
39,38, 1.885
40,38,-0.985
43,38,-0.259
44,38,-0.906
40,39,-0.719
41,39,-0.354
44,39,-1.373
45,39, 1.005
48,40,-1.397
42,41, 0.157
44,41,-1.063
49,41,-0.257
43,42, 0.098
44,42,-1.260
50,42,-0.512
51,42,-0.001
44,43,-1.295
46,45,-0.220
47,45,-0.352
48,45,-1.178
49,45,-1.237
47,46, 1.232
49,46, 1.162
48,47,-1.535
50,49, 0.865
51,50,-0.455
53,52,-0.739
54,53,-0.090
58,53, 0.027
55,54,-1.550
57,54,-0.815
58,54, 0.199
59,54, 0.065
57,56,-1.298
77,56,-0.393
61,57,-1.048
64,57, 1.608
60,59, 0.332
61,60,-1.602
62,60, 0.899
62,61,-0.816
64,61,-0.965
65,62, 0.709
67,63,-0.620
70,63,-0.362
65,64, 0.250
66,64,-0.114
66,65, 0.238
67,65,-1.197
68,65, 0.588
69,66, 0.875
76,66,-0.298
78,66, 1.705
70,67,-0.453
69,68,-0.346
70,68, 0.373
70,69, 1.204
73,69,-0.015
76,69, 0.395
71,70,-0.343
72,70, 1.450
72,71,-1.301
74,72, 1.099
76,75,-0.197
78,75, 1.031
78,76, 0.199
78,77, 1.268
80,79,-0.616
81,80, 0.220
82,81,-1.078
 0, 0,-0.980
 1, 1, 3.293
 2, 2, 0.690
 3, 3, 0.847
 4, 4, 2.336
 5, 5,-1.610
 6, 6, 1.035
 7, 7, 1.343
 8, 8,-1.147
 9, 9, 0.780
10,10, 5.000
11,11, 3.380
12,12, 1.167
13,13, 1.966
14,14, 1.297
15,15, 4.764
16,16,-0.395
17,17, 0.601
18,18, 2.744
19,19, 3.707
20,20, 2.771
21,21, 1.662
22,22,-0.509
23,23, 2.422
24,24,-1.303
25,25, 0.479
26,26, 4.620
27,27,-0.820
28,28, 0.374
29,29, 0.594
30,30, 4.724
31,31, 1.348
32,32,-1.373
33,33, 1.259
34,34, 3.290
35,35, 1.433
36,36, 3.374
37,37,-0.839
38,38, 3.655
39,39, 1.689
40,40,-0.403
41,41, 0.597
42,42, 2.554
43,43, 0.101
44,44,-0.572
45,45, 1.123
46,46, 2.008
47,47, 2.332
48,48,-1.040
49,49, 2.526
50,50, 1.571
51,51, 0.038
52,52, 1.151
53,53, 5.000
54,54, 2.753
55,55,-1.663
56,56, 1.225
57,57, 4.750
58,58, 1.465
59,59, 1.278
60,60, 2.358
61,61,-0.623
62,62, 0.388
63,63, 1.876
64,64, 1.782
65,65, 1.999
66,66, 3.219
67,67,-0.579
68,68, 0.688
69,69, 4.114
70,70, 4.299
71,71,-0.517
72,72, 1.701
73,73,-0.429
74,74, 3.015
75,75, 2.023
76,76, 1.917
77,77, 2.475
78,78, 3.904
79,79,-0.180
80,80, 2.765
81,81,-0.006
82,82, 2.344
83,83,-1.057
