from,to,weight
 0, 1, 0.185
 0, 4,-1.246
 0, 5, 0.039
 0, 9,-0.318
 0,24,-1.591
 0,56, 0.617
 1, 4, 1.016
 2, 3,-1.421
 2, 4,-0.619
 2,58,-1.428
 2,61,-0.794
 3, 4, 0.474
 3,28, 2.256
 3,51,-0.352
 3,62, 1.927
 4,26, 2.318
 4,29, 0.499
 4,63,-0.654
 5, 9,-0.566
 5,12, 2.453
 5,56, 1.444
 6, 8, 0.583
 7, 8,-1.088
 7,11, 0.525
 8, 9, 1.702
 9,12, 0.279
 9,24,-1.648
10,25,-1.207
11,12, 1.679
11,13, 0.737
14,15, 1.030
14,30,-0.136
15,16, 1.977
15,31, 0.185
15,32,-1.275
17,18,-0.662
17,21,-1.273
18,21,-0.141
19,20,-1.147
20,26,-1.163
20,29,-0.233
21,23, 0.512
23,25, 0.505
25,26, 1.368
26,29,-0.269
27,29, 0.637
27,30, 1.256
27,40,-0.851
27,45,-1.661
28,29,-0.326
28,41, 0.577
30,31, 0.565
30,45, 2.455
31,32,-1.210
31,46,-0.824
33,34, 0.344
33,37, 2.076
34,37,-0.993
35,36, 2.922
36,37, 2.832
36,39,-0.059
38,39,-0.089
40,45,-0.334
41,42,-0.773
43,44,-1.148
45,46,-0.947
45,47, 0.706
48,72, 0.568
48,77,-0.245
49,77, 0.057
50,78, 1.598
50,83, 0.482
51,52, 0.343
51,62,-1.696
52,62, 1.015
52,74,-0.352
53,54,-1.304
53,65,-0.836
53,80,-0.543
54,65,-0.375
55,57,-0.003
55,67,-0.625
56,57, 0.467
57,58,-0.454
57,60, 0.764
57,69, 0.913
58,61,-0.758
59,60,-1.196
59,61, 0.268
59,66, 0.559
60,61, 1.505
60,69,-0.027
61,62, 1.754
61,63,-0.684
61,70,-0.688
61,73, 1.034
62,74, 0.510
64,65, 0.725
64,66,-0.734
64,67, 0.949
65,66, 0.644
65,80, 0.234
66,67, 2.010
66,68, 1.330
66,69,-0.587
66,70,-1.377
66,81, 1.002
67,69, 1.294
68,70,-1.398
68,71, 1.070
68,82,-0.262
70,73,-0.728
71,72, 1.087
71,73, 0.078
71,76, 0.713
71,82,-1.044
72,77, 0.059
73,74, 1.330
74,75, 1.664
76,77, 0.219
76,78, 1.364
76,82,-1.322
77,78,-0.597
78,83, 1.522
79,80, 1.031
79,81, 0.083
79,83, 1.383
79,84,-0.883
79,86,-1.502
80,81,-0.767
80,85, 0.338
82,83,-0.071
84,85,-1.110
84,86,-0.736
85,87,-1.494
85,89, 0.488
86,87,-0.692
87,89,-0.761
88,89, 1.218
88,90,-0.096
 1, 0, 0.185
 4, 0,-1.246
 5, 0, 0.039
 9, 0,-0.318
24, 0,-1.591
56, 0, 0.617
 4, 1, 1.016
 3, 2,-1.421
 4, 2,-0.619
58, 2,-1.428
61, 2,-0.794
 4, 3, 0.474
28, 3, 2.256
51, 3,-0.352
62, 3, 1.927
26, 4, 2.318
29, 4, 0.499
63, 4,-0.654
 9, 5,-0.566
12, 5, 2.453
56, 5, 1.444
 8, 6, 0.583
 8, 7,-1.088
11, 7, 0.525
 9, 8, 1.702
12, 9, 0.279
24, 9,-1.648
25,10,-1.207
12,11, 1.679
13,11, 0.737
15,14, 1.030
30,14,-0.136
16,15, 1.977
31,15, 0.185
32,15,-1.275
18,17,-0.662
21,17,-1.273
21,18,-0.141
20,19,-1.147
26,20,-1.163
29,20,-0.233
23,21, 0.512
25,23, 0.505
26,25, 1.368
29,26,-0.269
29,27, 0.637
30,27, 1.256
40,27,-0.851
45,27,-1.661
29,28,-0.326
41,28, 0.577
31,30, 0.565
45,30, 2.455
32,31,-1.210
46,31,-0.824
34,33, 0.344
37,33, 2.076
37,34,-0.993
36,35, 2.922
37,36, 2.832
39,36,-0.059
39,38,-0.089
45,40,-0.334
42,41,-0.773
44,43,-1.148
46,45,-0.947
47,45, 0.706
72,48, 0.568
77,48,-0.245
77,49, 0.057
78,50, 1.598
83,50, 0.482
52,51, 0.343
62,51,-1.696
62,52, 1.015
74,52,-0.352
54,53,-1.304
65,53,-0.836
80,53,-0.543
65,54,-0.375
57,55,-0.003
67,55,-0.625
57,56, 0.467
58,57,-0.454
60,57, 0.764
69,57, 0.913
61,58,-0.758
60,59,-1.196
61,59, 0.268
66,59, 0.559
61,60, 1.505
69,60,-0.027
62,61, 1.754
63,61,-0.684
70,61,-0.688
73,61, 1.034
74,62, 0.510
65,64, 0.725
66,64,-0.734
67,64, 0.949
66,65, 0.644
80,65, 0.234
67,66, 2.010
68,66, 1.330
69,66,-0.587
70,66,-1.377
81,66, 1.002
69,67, 1.294
70,68,-1.398
71,68, 1.070
82,68,-0.262
73,70,-0.728
72,71, 1.087
73,71, 0.078
76,71, 0.713
82,71,-1.044
77,72, 0.059
74,73, 1.330
75,74, 1.664
77,76, 0.219
78,76, 1.364
82,76,-1.322
78,77,-0.597
83,78, 1.522
80,79, 1.031
81,79, 0.083
83,79, 1.383
84,79,-0.883
86,79,-1.502
81,80,-0.767
85,80, 0.338
83,82,-0.071
85,84,-1.110
86,84,-0.736
87,85,-1.494
89,85, 0.488
87,86,-0.692
89,87,-0.761
89,88, 1.218
90,88,-0.096
 0, 0, 2.573
 1, 1, 0.076
 2, 2,-0.820
 3, 3, 3.257
 4, 4, 4.501
 5, 5, 3.365
 6, 6, 0.873
 7, 7, 0.321
 8, 8, 2.733
 9, 9, 1.990
10,10,-0.841
11,11, 5.000
12,12, 2.409
13,13, 2.080
14,14, 1.619
15,15, 2.823
16,16, 2.472
17,17, 0.011
18,18, 1.086
19,19,-1.155
20,20,-0.497
21,21, 2.113
22,22,-0.693
23,23, 1.737
24,24,-1.628
25,25, 0.721
26,26, 2.135
27,27, 1.754
28,28, 3.964
29,29, 3.397
30,30, 3.853
31,31, 1.464
32,32,-0.974
33,33, 4.404
34,34, 0.774
35,35, 3.438
36,36, 4.389
37,37, 3.589
38,38, 1.241
39,39, 1.307
40,40,-0.524
41,41, 1.927
42,42, 1.295
43,43, 0.287
44,44, 1.643
45,45, 4.428
46,46,-0.040
47,47, 0.507
48,48, 1.621
49,49,-0.213
50,50, 2.378
51,51, 0.296
52,52, 2.500
53,53,-0.099
54,54,-0.530
55,55, 1.581
56,56, 2.186
57,57, 4.032
58,58,-0.566
59,59, 0.054
60,60, 1.336
61,61, 4.002
62,62, 3.210
63,63,-1.079
64,64, 2.436
65,65, 2.443
66,66, 4.817
67,67, 3.128
68,68, 1.644
69,69, 1.450
70,70,-0.756
71,71, 3.563
72,72, 2.092
73,73, 2.181
74,74, 3.612
75,75, 2.242
76,76, 0.565
77,77, 3.552
78,78, 4.227
79,79, 3.000
80,80, 2.889
81,81, 0.747
82,82, 0.095
83,83, 3.088
84,84,-0.806
85,85, 0.370
86,86, 0.665
87,87,-0.969
88,88, 2.101
89,89, 2.911
90,90, 1.111
