from,to,weight
 1,11, 1.374
 2, 8, 2.034
 2,11, 0.521
 3, 4,-0.960
 3, 6, 1.931
 3, 7, 0.977
 3,10, 0.192
 3,13,-0.758
 4, 5,-0.795
 4, 6,-0.830
 4,15,-0.605
 5, 6, 1.804
 5,16,-0.363
 5,17, 1.315
 5,18,-0.962
 7,10,-0.135
 7,13,-1.243
 8, 9, 0.251
 8,10, 1.244
 8,11, 0.227
 9,10,-0.854
14,15, 0.534
14,75, 0.170
15,16, 0.126
15,76,-0.086
16,17, 0.122
16,77,-0.773
16,78,-1.623
17,18, 1.471
17,78,-0.684
17,79,-0.083
18,37, 1.916
18,57,-0.904
18,79,-1.437
19,20,-0.175
20,23,-1.196
20,30, 1.693
21,23, 0.527
21,36, 1.826
22,23,-0.021
22,32,-1.345
22,39,-0.230
23,40,-0.510
24,25,-1.294
24,26, 0.036
24,29,-0.420
25,27,-1.227
26,27, 0.269
26,28,-0.463
26,29,-0.818
27,28, 0.982
28,30, 0.700
28,33, 0.591
29,30, 0.213
30,31,-1.287
30,33, 0.818
31,35,-0.040
31,38,-0.210
32,39,-0.962
33,34, 0.531
33,35,-1.423
34,35,-0.406
34,50, 1.127
35,38, 1.225
35,53, 0.224
35,58, 0.269
36,39, 1.775
36,40, 0.137
37,38, 1.019
37,39, 1.030
37,57,-0.409
38,39, 2.546
38,58, 0.450
39,40,-0.127
41,42,-1.158
41,45,-0.077
42,45, 1.613
42,68,-0.972
43,47, 0.410
44,45, 1.017
44,46,-0.593
44,47, 0.710
44,50, 1.117
45,46,-0.409
45,51, 0.424
46,47, 0.442
47,52,-0.481
48,49,-1.356
48,50, 0.981
48,53,-0.772
48,54,-0.911
49,50,-0.056
49,55,-0.972
50,51, 0.861
50,52, 0.335
50,53, 0.205
53,58, 0.265
54,55,-1.113
54,57,-1.040
54,58,-1.048
55,56,-0.539
55,67,-1.133
55,74,-1.491
56,57, 1.311
56,76, 0.694
57,58, 1.986
57,77,-1.239
57,78,-1.401
57,79, 0.391
60,63,-1.703
60,69, 1.674
61,71, 0.609
62,68,-1.349
63,69,-1.703
64,65,-0.840
64,66, 0.199
64,69, 0.755
64,70,-1.501
65,71,-1.000
66,67, 1.037
66,68, 0.733
66,69, 0.811
66,72, 0.156
67,68,-0.717
67,74, 1.673
68,69,-1.004
70,71,-1.514
70,72,-1.684
71,72, 1.342
72,73,-0.685
72,74, 1.015
73,74,-1.561
73,75,-1.046
74,75,-0.166
74,76, 1.654
75,76,-0.594
76,77,-0.139
77,78,-0.749
78,79,-0.960
80,81,-0.690
11, 1, 1.374
 8, 2, 2.034
11, 2, 0.521
 4, 3,-0.960
 6, 3, 1.931
 7, 3, 0.977
10, 3, 0.192
13, 3,-0.758
 5, 4,-0.795
 6, 4,-0.830
15, 4,-0.605
 6, 5, 1.804
16, 5,-0.363
17, 5, 1.315
18, 5,-0.962
10, 7,-0.135
13, 7,-1.243
 9, 8, 0.251
10, 8, 1.244
11, 8, 0.227
10, 9,-0.854
15,14, 0.534
75,14, 0.170
16,15, 0.126
76,15,-0.086
17,16, 0.122
77,16,-0.773
78,16,-1.623
18,17, 1.471
78,17,-0.684
79,17,-0.083
37,18, 1.916
57,18,-0.904
79,18,-1.437
20,19,-0.175
23,20,-1.196
30,20, 1.693
23,21, 0.527
36,21, 1.826
23,22,-0.021
32,22,-1.345
39,22,-0.230
40,23,-0.510
25,24,-1.294
26,24, 0.036
29,24,-0.420
27,25,-1.227
27,26, 0.269
28,26,-0.463
29,26,-0.818
28,27, 0.982
30,28, 0.700
33,28, 0.591
30,29, 0.213
31,30,-1.287
33,30, 0.818
35,31,-0.040
38,31,-0.210
39,32,-0.962
34,33, 0.531
35,33,-1.423
35,34,-0.406
50,34, 1.127
38,35, 1.225
53,35, 0.224
58,35, 0.269
39,36, 1.775
40,36, 0.137
38,37, 1.019
39,37, 1.030
57,37,-0.409
39,38, 2.546
58,38, 0.450
40,39,-0.127
42,41,-1.158
45,41,-0.077
45,42, 1.613
68,42,-0.972
47,43, 0.410
45,44, 1.017
46,44,-0.593
47,44, 0.710
50,44, 1.117
46,45,-0.409
51,45, 0.424
47,46, 0.442
52,47,-0.481
49,48,-1.356
50,48, 0.981
53,48,-0.772
54,48,-0.911
50,49,-0.056
55,49,-0.972
51,50, 0.861
52,50, 0.335
53,50, 0.205
58,53, 0.265
55,54,-1.113
57,54,-1.040
58,54,-1.048
56,55,-0.539
67,55,-1.133
74,55,-1.491
57,56, 1.311
76,56, 0.694
58,57, 1.986
77,57,-1.239
78,57,-1.401
79,57, 0.391
63,60,-1.703
69,60, 1.674
71,61, 0.609
68,62,-1.349
69,63,-1.703
65,64,-0.840
66,64, 0.199
69,64, 0.755
70,64,-1.501
71,65,-1.000
67,66, 1.037
68,66, 0.733
69,66, 0.811
72,66, 0.156
68,67,-0.717
74,67, 1.673
69,68,-1.004
71,70,-1.514
72,70,-1.684
72,71, 1.342
73,72,-0.685
74,72, 1.015
74,73,-1.561
75,73,-1.046
75,74,-0.166
76,74, 1.654
76,75,-0.594
77,76,-0.139
78,77,-0.749
79,78,-0.960
81,80,-0.690
 0, 0, 1.661
 1, 1, 1.560
 2, 2, 4.872
 3, 3, 3.769
 4, 4, 0.032
 5, 5, 3.867
 6, 6, 2.431
 7, 7, 1.624
 8, 8, 4.688
 9, 9, 0.685
10,10, 1.537
11,11, 2.113
12,12,-0.805
13,13,-0.699
14,14, 1.848
15,15, 1.470
16,16, 0.869
17,17, 2.914
18,18, 2.379
19,19,-0.131
20,20, 1.808
21,21, 3.008
22,22,-0.036
23,23, 3.919
24,24, 2.170
25,25,-1.211
26,26, 0.631
27,27, 3.374
28,28, 2.403
29,29, 0.809
30,30, 3.677
31,31, 0.414
32,32,-0.896
33,33, 2.107
34,34, 1.369
35,35, 2.662
36,36, 3.845
37,37, 2.751
38,38, 4.466
39,39, 4.600
40,40, 0.127
41,41, 0.223
42,42, 2.236
43,43, 0.382
44,44, 2.025
45,45, 4.569
46,46, 3.700
47,47, 4.204
48,48, 0.363
49,49,-0.404
50,50, 5.000
51,51,-0.081
52,52, 0.019
53,53, 1.089
54,54,-0.431
55,55, 0.490
56,56, 0.175
57,57, 3.795
58,58, 2.807
59,59, 0.160
60,60, 2.590
61,61, 2.981
62,62,-1.553
63,63,-1.704
64,64, 1.565
65,65,-1.216
66,66, 2.963
67,67, 2.296
68,68, 2.110
69,69, 2.530
70,70,-1.634
71,71, 1.436
72,72, 2.308
73,73,-0.876
74,74, 2.613
75,75, 1.283
76,76, 2.674
77,77, 0.011
78,78,-0.478
79,79, 0.290
80,80, 1.382
81,81, 1.912
