from,to,weight
  0,  1, 0.516
  0,  2,-1.222
  1,  2,-0.334
  1, 48, 1.545
  3, 12, 0.424
  4,  5, 0.645
  4,  6,-1.412
  4,  7,-1.581
  4, 29,-0.648
  5,  6, 0.678
  5, 31,-0.628
  6,  7,-1.578
  6, 18,-0.058
  6, 20, 0.466
  6, 32,-0.984
  8,  9, 1.229
  8, 10,-0.039
  9, 10, 1.057
  9, 11,-1.241
  9, 12, 1.207
 10, 11, 0.800
 11, 12,-0.397
 12, 13,-0.133
 12, 14,-0.150
 12, 15,-1.046
 13, 14, 0.064
 13, 16, 0.864
 15, 16,-1.161
 17, 48, 0.301
 18, 20, 1.632
 19, 20,-1.685
 19, 24,-1.690
 19, 31,-1.686
 20, 21,-0.022
 20, 23,-1.550
 20, 25, 1.576
 20, 32,-0.064
 22, 23,-1.640
 22, 24,-1.438
 23, 25,-1.591
 24, 25, 1.496
 24, 27, 1.698
 24, 31,-0.641
 26, 27, 1.576
 26, 30, 2.192
 26, 53,-1.667
 26, 56, 1.582
 27, 31,-1.080
 28, 33, 0.035
 28, 41,-1.684
 29, 30, 0.017
 29, 31,-0.027
 29, 33, 0.280
 30, 31, 0.687
 30, 33, 1.545
 30, 35,-0.905
 31, 32, 0.301
 33, 34,-0.368
 33, 35,-0.841
 33, 36, 0.224
 33, 42,-0.686
 34, 35,-0.362
 34, 38,-0.656
 34, 45,-1.634
 35, 40,-1.006
 35, 55, 0.093
 36, 42, 0.120
 37, 40,-0.087
 38, 40,-0.475
 38, 45,-0.080
 39, 40, 0.984
 39, 54,-0.267
 40, 46,-0.260
 40, 52,-1.347
 40, 55, 0.000
 41, 42,-0.538
 41, 43, 1.224
 42, 43,-0.952
 42, 45, 0.454
 43, 44, 1.300
 43, 45, 1.280
 43, 47,-0.609
 44, 49, 0.854
 45, 46, 0.062
 45, 51,-0.441
 46, 52,-0.934
 47, 49,-0.933
 47, 50,-1.493
 47, 51,-1.601
 48, 49, 0.913
 49, 50, 1.517
 50, 51,-0.540
 51, 52,-1.110
 53, 56,-1.689
 54, 55, 0.031
 54, 57, 0.229
 55, 59, 0.112
 56, 59, 1.927
 56, 63, 0.103
 57, 58,-0.028
 57, 59, 0.654
 57, 60,-1.427
 58, 59, 0.640
 58, 61, 1.050
 58, 64,-1.461
 60, 61, 3.202
 60, 98,-1.624
 60,111, 3.843
 61, 64, 2.163
 61, 67,-0.566
 61,115,-1.074
 62, 65, 0.797
 64, 67, 1.646
 65, 66, 1.507
 65, 69, 1.783
 65, 74,-0.982
 66, 67, 1.063
 66, 77, 1.451
 68, 69,-0.302
 68, 70,-0.492
 68, 73,-0.964
 69, 71,-0.302
 69, 74,-1.022
 70, 71,-0.275
 70, 73, 0.886
 70, 92,-0.308
 72, 73,-0.367
 72, 75,-1.278
 73, 74, 0.460
 73, 75,-0.100
 73, 92,-0.813
 74, 75,-0.774
 74, 77,-0.351
 74, 78,-0.037
 75, 76, 0.317
 75, 78,-1.050
 76, 78,-0.672
 76, 79, 0.863
 77, 78, 2.550
 77, 87,-0.509
 77, 91,-1.273
 77,113, 2.471
 78, 80,-0.295
 78, 89, 1.430
 79, 80,-0.570
 79, 81, 1.701
 79, 86,-0.133
 80, 89,-0.932
 81, 82, 2.885
 81, 83,-1.677
 81, 84,-0.537
 81, 86,-0.265
 82, 83,-1.366
 84, 86,-0.255
 85, 88, 0.993
 85, 90, 0.148
 86, 88,-0.792
 86, 89, 1.327
 87, 88,-0.375
 87, 89, 0.062
 87, 91,-1.511
 88, 89, 1.624
 88, 90, 0.802
 96, 97, 0.695
 96,114, 1.586
 96,117, 0.725
 97,114,-0.634
 98,111,-0.593
 99,100,-0.016
 99,103,-0.103
100,101, 0.343
100,103,-0.145
101,104, 0.810
101,107,-1.199
102,103, 1.133
102,104, 0.170
102,106, 0.337
103,104,-0.794
104,105, 0.555
104,106,-0.476
104,107,-0.123
105,106,-0.900
105,108, 0.046
105,116,-0.391
106,118, 1.913
107,108,-0.788
107,110,-0.571
108,110, 0.341
108,112, 1.596
108,116,-1.072
109,110, 1.234
110,111, 4.509
112,113,-0.316
112,114, 0.975
112,116,-0.280
113,114, 2.585
114,117,-0.097
116,117,-0.417
116,118, 0.343
117,118,-0.969
  1,  0, 0.516
  2,  0,-1.222
  2,  1,-0.334
 48,  1, 1.545
 12,  3, 0.424
  5,  4, 0.645
  6,  4,-1.412
  7,  4,-1.581
 29,  4,-0.648
  6,  5, 0.678
 31,  5,-0.628
  7,  6,-1.578
 18,  6,-0.058
 20,  6, 0.466
 32,  6,-0.984
  9,  8, 1.229
 10,  8,-0.039
 10,  9, 1.057
 11,  9,-1.241
 12,  9, 1.207
 11, 10, 0.800
 12, 11,-0.397
 13, 12,-0.133
 14, 12,-0.150
 15, 12,-1.046
 14, 13, 0.064
 16, 13, 0.864
 16, 15,-1.161
 48, 17, 0.301
 20, 18, 1.632
 20, 19,-1.685
 24, 19,-1.690
 31, 19,-1.686
 21, 20,-0.022
 23, 20,-1.550
 25, 20, 1.576
 32, 20,-0.064
 23, 22,-1.640
 24, 22,-1.438
 25, 23,-1.591
 25, 24, 1.496
 27, 24, 1.698
 31, 24,-0.641
 27, 26, 1.576
 30, 26, 2.192
 53, 26,-1.667
 56, 26, 1.582
 31, 27,-1.080
 33, 28, 0.035
 41, 28,-1.684
 30, 29, 0.017
 31, 29,-0.027
 33, 29, 0.280
 31, 30, 0.687
 33, 30, 1.545
 35, 30,-0.905
 32, 31, 0.301
 34, 33,-0.368
 35, 33,-0.841
 36, 33, 0.224
 42, 33,-0.686
 35, 34,-0.362
 38, 34,-0.656
 45, 34,-1.634
 40, 35,-1.006
 55, 35, 0.093
 42, 36, 0.120
 40, 37,-0.087
 40, 38,-0.475
 45, 38,-0.080
 40, 39, 0.984
 54, 39,-0.267
 46, 40,-0.260
 52, 40,-1.347
 55, 40, 0.000
 42, 41,-0.538
 43, 41, 1.224
 43, 42,-0.952
 45, 42, 0.454
 44, 43, 1.300
 45, 43, 1.280
 47, 43,-0.609
 49, 44, 0.854
 46, 45, 0.062
 51, 45,-0.441
 52, 46,-0.934
 49, 47,-0.933
 50, 47,-1.493
 51, 47,-1.601
 49, 48, 0.913
 50, 49, 1.517
 51, 50,-0.540
 52, 51,-1.110
 56, 53,-1.689
 55, 54, 0.031
 57, 54, 0.229
 59, 55, 0.112
 59, 56, 1.927
 63, 56, 0.103
 58, 57,-0.028
 59, 57, 0.654
 60, 57,-1.427
 59, 58, 0.640
 61, 58, 1.050
 64, 58,-1.461
 61, 60, 3.202
 98, 60,-1.624
111, 60, 3.843
 64, 61, 2.163
 67, 61,-0.566
115, 61,-1.074
 65, 62, 0.797
 67, 64, 1.646
 66, 65, 1.507
 69, 65, 1.783
 74, 65,-0.982
 67, 66, 1.063
 77, 66, 1.451
 69, 68,-0.302
 70, 68,-0.492
 73, 68,-0.964
 71, 69,-0.302
 74, 69,-1.022
 71, 70,-0.275
 73, 70, 0.886
 92, 70,-0.308
 73, 72,-0.367
 75, 72,-1.278
 74, 73, 0.460
 75, 73,-0.100
 92, 73,-0.813
 75, 74,-0.774
 77, 74,-0.351
 78, 74,-0.037
 76, 75, 0.317
 78, 75,-1.050
 78, 76,-0.672
 79, 76, 0.863
 78, 77, 2.550
 87, 77,-0.509
 91, 77,-1.273
113, 77, 2.471
 80, 78,-0.295
 89, 78, 1.430
 80, 79,-0.570
 81, 79, 1.701
 86, 79,-0.133
 89, 80,-0.932
 82, 81, 2.885
 83, 81,-1.677
 84, 81,-0.537
 86, 81,-0.265
 83, 82,-1.366
 86, 84,-0.255
 88, 85, 0.993
 90, 85, 0.148
 88, 86,-0.792
 89, 86, 1.327
 88, 87,-0.375
 89, 87, 0.062
 91, 87,-1.511
 89, 88, 1.624
 90, 88, 0.802
 97, 96, 0.695
114, 96, 1.586
117, 96, 0.725
114, 97,-0.634
111, 98,-0.593
100, 99,-0.016
103, 99,-0.103
101,100, 0.343
103,100,-0.145
104,101, 0.810
107,101,-1.199
103,102, 1.133
104,102, 0.170
106,102, 0.337
104,103,-0.794
105,104, 0.555
106,104,-0.476
107,104,-0.123
106,105,-0.900
108,105, 0.046
116,105,-0.391
118,106, 1.913
108,107,-0.788
110,107,-0.571
110,108, 0.341
112,108, 1.596
116,108,-1.072
110,109, 1.234
111,110, 4.509
113,112,-0.316
114,112, 0.975
116,112,-0.280
114,113, 2.585
117,114,-0.097
117,116,-0.417
118,116, 0.343
118,117,-0.969
  0,  0, 3.641
  1,  1, 2.669
  2,  2,-0.082
  3,  3, 0.195
  4,  4, 3.806
  5,  5, 0.625
  6,  6, 2.424
  7,  7,-1.641
  8,  8, 2.360
  9,  9, 3.259
 10, 10, 3.978
 11, 11, 1.052
 12, 12, 4.703
 13, 13, 0.838
 14, 14, 1.392
 15, 15,-1.095
 16, 16, 2.797
 17, 17, 2.227
 18, 18, 3.165
 19, 19,-1.685
 20, 20, 4.301
 21, 21,-0.440
 22, 22,-1.511
 23, 23,-1.528
 24, 24, 2.625
 25, 25, 0.689
 26, 26, 4.136
 27, 27, 1.626
 28, 28, 0.040
 29, 29, 2.434
 30, 30, 2.358
 31, 31, 2.105
 32, 32,-0.513
 33, 33, 3.734
 34, 34,-0.110
 35, 35, 0.797
 36, 36,-0.789
 37, 37, 0.109
 38, 38,-0.279
 39, 39, 1.415
 40, 40, 3.194
 41, 41, 0.801
 42, 42, 1.339
 43, 43, 3.326
 44, 44, 0.973
 45, 45, 2.752
 46, 46,-0.535
 47, 47,-0.915
 48, 48, 3.262
 49, 49, 3.419
 50, 50, 2.137
 51, 51,-0.375
 52, 52,-0.437
 53, 53,-1.673
 54, 54, 1.709
 55, 55, 1.591
 56, 56, 3.641
 57, 57, 1.893
 58, 58, 1.527
 59, 59, 2.094
 60, 60, 4.396
 61, 61, 4.602
 62, 62, 0.670
 63, 63, 0.239
 64, 64, 1.396
 65, 65, 4.859
 66, 66, 3.039
 67, 67, 3.504
 68, 68,-0.329
 69, 69, 1.431
 70, 70, 3.892
 71, 71,-0.899
 72, 72,-0.159
 73, 73, 3.264
 74, 74, 1.317
 75, 75, 0.558
 76, 76, 1.113
 77, 77, 4.543
 78, 78, 3.918
 79, 79, 2.198
 80, 80,-0.460
 81, 81, 3.265
 82, 82, 3.508
 83, 83,-1.536
 84, 84,-0.131
 85, 85, 2.014
 86, 86, 2.398
 87, 87, 0.897
 88, 88, 2.849
 89, 89, 3.421
 90, 90, 3.759
 91, 91,-1.275
 92, 92,-0.319
 93, 93, 1.559
 94, 94,-0.873
 95, 95,-0.278
 96, 96, 3.091
 97, 97, 1.668
 98, 98,-0.606
 99, 99, 1.260
100,100, 1.666
101,101, 1.562
102,102, 2.294
103,103, 2.681
104,104, 2.803
105,105, 0.907
106,106, 2.449
107,107, 0.212
108,108, 2.788
109,109, 0.862
110,110, 4.439
111,111, 4.182
112,112, 1.102
113,113, 3.013
114,114, 4.104
115,115,-0.455
116,116, 1.366
117,117, 1.938
118,118, 3.276
