from,to,weight
 0, 3,-0.259
 0, 7, 0.211
 0,62, 0.193
 0,63,-1.299
 1, 2, 1.072
 2,18,-0.173
 2,48, 0.023
 3, 4,-1.589
 3, 7, 0.333
 3,14,-1.393
 3,21,-0.415
 4,15,-0.063
 5, 6,-1.616
 5,16, 1.827
 6,18,-1.511
 7,21,-0.402
 7,31, 0.702
 7,62,-1.690
 8, 9,-1.377
 8,10,-1.146
 8,51,-1.521
 9,10, 0.146
 9,11, 0.977
 9,45, 1.339
 9,53,-0.630
10,11,-0.008
10,13, 1.229
11,12, 0.474
11,17, 0.783
11,46,-0.574
12,18, 0.337
12,47,-1.018
12,48,-0.455
13,15, 1.212
13,16,-0.882
13,17,-0.549
14,15,-0.698
14,21,-0.934
15,16, 2.383
15,22, 1.691
15,29,-0.243
16,17, 1.542
16,18, 0.556
17,18,-0.302
19,22,-1.005
19,24,-0.889
19,30,-0.910
20,21, 0.290
20,27, 0.184
21,22,-0.030
21,28, 0.046
21,31, 0.676
21,32, 1.347
22,29, 0.112
23,24, 0.889
23,25, 0.516
23,26, 0.218
24,25,-0.606
24,29, 0.767
24,30, 1.580
25,26,-0.210
25,27,-1.414
25,28,-1.119
25,29, 0.119
26,27, 0.469
27,28, 1.204
28,29, 0.517
31,32,-0.389
31,62, 0.918
32,62, 0.666
33,35, 1.135
33,56, 1.130
34,35,-0.101
34,37,-0.816
35,38, 2.080
36,37, 1.631
36,40, 0.042
36,43,-0.230
37,38, 1.256
37,39, 0.844
37,41,-0.484
37,44,-1.598
38,39, 1.559
40,43,-0.057
42,43,-1.494
42,45,-1.285
42,52,-1.344
43,44,-1.655
43,45, 2.078
43,47,-0.585
45,46,-0.628
45,47,-0.819
45,53,-0.056
46,47,-0.253
47,48,-0.227
49,57, 0.873
49,58,-0.073
50,51,-1.263
50,52,-1.329
51,52, 1.690
51,53,-0.363
51,54,-0.974
52,53,-0.228
56,57,-1.000
57,58, 1.867
62,63, 1.372
 3, 0,-0.259
 7, 0, 0.211
62, 0, 0.193
63, 0,-1.299
 2, 1, 1.072
18, 2,-0.173
48, 2, 0.023
 4, 3,-1.589
 7, 3, 0.333
14, 3,-1.393
21, 3,-0.415
15, 4,-0.063
 6, 5,-1.616
16, 5, 1.827
18, 6,-1.511
21, 7,-0.402
31, 7, 0.702
62, 7,-1.690
 9, 8,-1.377
10, 8,-1.146
51, 8,-1.521
10, 9, 0.146
11, 9, 0.977
45, 9, 1.339
53, 9,-0.630
11,10,-0.008
13,10, 1.229
12,11, 0.474
17,11, 0.783
46,11,-0.574
18,12, 0.337
47,12,-1.018
48,12,-0.455
15,13, 1.212
16,13,-0.882
17,13,-0.549
15,14,-0.698
21,14,-0.934
16,15, 2.383
22,15, 1.691
29,15,-0.243
17,16, 1.542
18,16, 0.556
18,17,-0.302
22,19,-1.005
24,19,-0.889
30,19,-0.910
21,20, 0.290
27,20, 0.184
22,21,-0.030
28,21, 0.046
31,21, 0.676
32,21, 1.347
29,22, 0.112
24,23, 0.889
25,23, 0.516
26,23, 0.218
25,24,-0.606
29,24, 0.767
30,24, 1.580
26,25,-0.210
27,25,-1.414
28,25,-1.119
29,25, 0.119
27,26, 0.469
28,27, 1.204
29,28, 0.517
32,31,-0.389
62,31, 0.918
62,32, 0.666
35,33, 1.135
56,33, 1.130
35,34,-0.101
37,34,-0.816
38,35, 2.080
37,36, 1.631
40,36, 0.042
43,36,-0.230
38,37, 1.256
39,37, 0.844
41,37,-0.484
44,37,-1.598
39,38, 1.559
43,40,-0.057
43,42,-1.494
45,42,-1.285
52,42,-1.344
44,43,-1.655
45,43, 2.078
47,43,-0.585
46,45,-0.628
47,45,-0.819
53,45,-0.056
47,46,-0.253
48,47,-0.227
57,49, 0.873
58,49,-0.073
51,50,-1.263
52,50,-1.329
52,51, 1.690
53,51,-0.363
54,51,-0.974
53,52,-0.228
57,56,-1.000
58,57, 1.867
63,62, 1.372
 0, 0, 1.779
 1, 1, 2.119
 2, 2, 1.006
 3, 3, 2.540
 4, 4,-0.743
 5, 5, 3.739
 6, 6,-1.538
 7, 7, 1.357
 8, 8,-1.204
 9, 9, 2.303
10,10, 2.442
11,11, 2.823
12,12, 0.917
13,13, 1.463
14,14,-1.059
15,15, 5.000
16,16, 3.513
17,17, 1.952
18,18, 1.797
19,19, 0.065
20,20, 0.665
21,21, 4.867
22,22, 0.395
23,23, 3.205
24,24, 3.606
25,25, 1.601
26,26, 1.042
27,27, 2.567
28,28, 1.180
29,29, 2.297
30,30, 1.644
31,31, 2.273
32,32, 3.227
33,33, 3.874
34,34, 0.011
35,35, 2.471
36,36, 0.720
37,37, 4.910
38,38, 3.244
39,39, 2.945
40,40, 0.004
41,41,-0.956
42,42,-1.190
43,43, 3.130
44,44,-1.618
45,45, 3.366
46,46,-0.201
47,47, 2.155
48,48, 0.202
49,49, 2.308
50,50,-1.214
51,51, 4.166
52,52, 3.387
53,53, 0.592
54,54,-1.187
55,55, 0.477
56,56, 1.788
57,57, 4.151
58,58, 3.688
59,59, 0.754
60,60, 1.200
61,61, 0.483
62,62, 2.742
63,63, 2.222
