from,to,weight
  0,  2, 1.145
  0,  3,-0.376
  1, 44,-1.506
  2,  3,-0.292
  2, 55, 2.375
  4,  5,-1.382
  4,  7, 0.207
  4, 15, 0.128
  5,  7,-0.484
  6, 17, 0.546
  7,  8,-0.022
  7, 10,-0.670
  7, 35,-0.043
  8,  9, 0.097
  8, 10,-1.678
  8, 37,-0.921
  9, 10,-0.775
  9, 23,-0.389
  9, 25, 0.406
  9, 38,-1.060
 11, 17,-1.687
 12, 19,-0.507
 13, 14, 2.456
 14, 15, 1.143
 14, 16,-1.356
 14, 17, 1.418
 15, 16,-1.332
 16, 17,-1.082
 17, 18,-0.439
 17, 19, 0.090
 17, 20, 0.615
 18, 19,-0.206
 18, 21, 0.401
 20, 21, 0.459
 22, 55,-0.203
 23, 25, 1.592
 24, 25,-1.416
 24, 29,-1.316
 24, 33,-1.696
 24, 37,-1.040
 25, 26, 0.053
 25, 27,-1.417
 25, 30, 1.693
 25, 38, 0.082
 26, 28,-0.863
 27, 28,-1.266
 27, 30,-1.137
 28, 31,-1.287
 29, 30, 1.698
 29, 31,-1.338
 29, 33, 2.465
 30, 31,-1.430
 32, 33, 1.843
 32, 36, 1.844
 32, 59,-0.914
 32, 63, 1.589
 33, 37,-0.332
 34, 35,-0.028
 34, 39,-0.088
 34, 42,-1.251
 34, 49,-1.226
 35, 36, 0.051
 35, 37, 0.630
 35, 39, 0.235
 36, 37, 0.226
 36, 39, 1.417
 36, 41,-1.355
 36, 59,-1.138
 37, 38, 0.358
 39, 40,-0.346
 39, 41,-0.959
 39, 43, 0.125
 39, 50,-1.038
 40, 41,-0.696
 40, 45,-0.181
 40, 60,-1.458
 41, 62,-0.416
 42, 49,-0.648
 43, 45,-1.681
 43, 50, 0.070
 44, 47, 0.409
 44, 57,-1.472
 45, 47, 1.619
 45, 53, 1.114
 45, 58,-1.219
 45, 60,-1.493
 46, 47, 0.664
 46, 61,-0.909
 47, 62, 0.581
 48, 49,-0.619
 48, 52,-1.010
 49, 50,-0.167
 49, 51, 1.304
 49, 52,-1.171
 50, 51,-0.514
 50, 53, 0.406
 51, 52,-0.051
 51, 53, 0.299
 51, 54, 0.975
 52, 56,-0.050
 53, 58,-0.561
 54, 56, 0.750
 54, 57,-1.442
 54, 58,-0.721
 55, 56, 1.778
 56, 57, 1.300
 57, 58,-0.540
 59, 62,-1.095
 59, 63,-0.816
 60, 62,-1.284
 61, 62, 0.221
 61, 64,-0.295
 62, 66, 0.377
 63, 66, 2.405
 63, 68,-0.714
 63, 72, 0.478
 64, 65,-0.716
 64, 66, 0.630
 64, 69,-1.056
 65, 66, 0.775
 65, 70, 0.957
 65, 73,-1.610
 67, 69,-0.198
 67,111,-0.556
 68, 72,-0.769
 69, 70, 3.770
 69,111,-0.385
 69,129, 3.437
 70, 73, 2.437
 70, 76,-0.933
 70,130,-1.631
 70,136, 0.056
 71, 74, 1.039
 73, 76, 1.747
 74, 75, 1.259
 74, 78,-1.117
 74, 80, 1.644
 74, 84,-0.853
 75, 76, 1.368
 75, 78,-0.007
 75, 87, 0.856
 76, 77, 0.684
 76, 78,-1.375
 77, 78,-0.169
 79, 80, 1.236
 79, 81, 1.360
 79, 83,-0.804
 80, 84,-0.370
 81, 83, 0.960
 81,104,-0.193
 82, 83, 0.257
 82, 85,-0.852
 83, 84, 0.368
 83, 85,-0.241
 83,104,-0.504
 84, 85,-0.443
 84, 87, 0.176
 84, 88,-0.095
 85, 86, 0.517
 85, 88,-0.959
 86, 88,-0.567
 86, 89, 1.026
 87, 88, 2.755
 87, 99,-1.240
 87,103,-1.100
 87,134, 2.762
 88, 92,-1.153
 88,101, 2.126
 89, 90,-1.679
 89, 91,-0.877
 89, 92,-1.357
 89, 93, 0.883
 89, 98, 0.062
 90, 91,-1.685
 90, 94,-1.672
 91, 95,-0.910
 92,101,-1.311
 93, 94, 2.811
 93, 96,-0.345
 93, 98,-0.325
 94, 95,-0.151
 96, 98, 0.441
 97,100, 0.403
 97,102,-0.114
 98,100,-0.803
 98,101, 1.720
 99,100,-0.904
 99,101, 0.087
 99,103,-1.451
100,101, 1.537
100,102, 0.623
103,134,-1.645
107,108,-1.532
107,109,-0.096
107,135, 1.819
107,139, 0.581
108,140,-0.939
108,142,-1.568
109,135,-1.005
110,142, 0.707
111,129, 0.650
112,113, 0.365
113,114, 0.357
113,119, 0.495
114,115, 0.387
114,119,-0.442
115,116,-0.554
115,117,-0.957
115,120, 1.171
115,122,-1.585
116,117,-0.858
116,127, 0.032
117,128,-0.571
118,119, 1.326
118,120, 1.396
119,120,-0.387
120,121, 1.239
120,122,-0.410
120,137, 0.526
121,125, 0.361
121,138,-0.083
122,125,-1.301
122,128,-0.440
123,127,-1.275
123,128,-0.856
123,131,-1.062
124,125,-0.714
124,128,-1.477
124,129,-1.065
124,132,-1.437
125,126,-1.326
125,128, 0.909
125,133, 1.771
125,138,-1.205
126,135,-1.104
127,128, 1.965
128,129, 4.817
128,131,-0.982
129,130,-0.960
129,131,-1.116
130,136,-1.079
132,133,-1.525
132,134,-0.281
132,136,-1.109
133,134, 0.171
133,135, 0.295
133,138,-0.617
134,135, 2.529
135,139, 0.915
137,138,-0.180
137,140,-1.149
138,139, 0.202
138,140, 0.241
139,140, 0.092
140,141,-0.806
140,142,-0.084
141,142,-0.831
142,143,-0.480
  2,  0, 1.145
  3,  0,-0.376
 44,  1,-1.506
  3,  2,-0.292
 55,  2, 2.375
  5,  4,-1.382
  7,  4, 0.207
 15,  4, 0.128
  7,  5,-0.484
 17,  6, 0.546
  8,  7,-0.022
 10,  7,-0.670
 35,  7,-0.043
  9,  8, 0.097
 10,  8,-1.678
 37,  8,-0.921
 10,  9,-0.775
 23,  9,-0.389
 25,  9, 0.406
 38,  9,-1.060
 17, 11,-1.687
 19, 12,-0.507
 14, 13, 2.456
 15, 14, 1.143
 16, 14,-1.356
 17, 14, 1.418
 16, 15,-1.332
 17, 16,-1.082
 18, 17,-0.439
 19, 17, 0.090
 20, 17, 0.615
 19, 18,-0.206
 21, 18, 0.401
 21, 20, 0.459
 55, 22,-0.203
 25, 23, 1.592
 25, 24,-1.416
 29, 24,-1.316
 33, 24,-1.696
 37, 24,-1.040
 26, 25, 0.053
 27, 25,-1.417
 30, 25, 1.693
 38, 25, 0.082
 28, 26,-0.863
 28, 27,-1.266
 30, 27,-1.137
 31, 28,-1.287
 30, 29, 1.698
 31, 29,-1.338
 33, 29, 2.465
 31, 30,-1.430
 33, 32, 1.843
 36, 32, 1.844
 59, 32,-0.914
 63, 32, 1.589
 37, 33,-0.332
 35, 34,-0.028
 39, 34,-0.088
 42, 34,-1.251
 49, 34,-1.226
 36, 35, 0.051
 37, 35, 0.630
 39, 35, 0.235
 37, 36, 0.226
 39, 36, 1.417
 41, 36,-1.355
 59, 36,-1.138
 38, 37, 0.358
 40, 39,-0.346
 41, 39,-0.959
 43, 39, 0.125
 50, 39,-1.038
 41, 40,-0.696
 45, 40,-0.181
 60, 40,-1.458
 62, 41,-0.416
 49, 42,-0.648
 45, 43,-1.681
 50, 43, 0.070
 47, 44, 0.409
 57, 44,-1.472
 47, 45, 1.619
 53, 45, 1.114
 58, 45,-1.219
 60, 45,-1.493
 47, 46, 0.664
 61, 46,-0.909
 62, 47, 0.581
 49, 48,-0.619
 52, 48,-1.010
 50, 49,-0.167
 51, 49, 1.304
 52, 49,-1.171
 51, 50,-0.514
 53, 50, 0.406
 52, 51,-0.051
 53, 51, 0.299
 54, 51, 0.975
 56, 52,-0.050
 58, 53,-0.561
 56, 54, 0.750
 57, 54,-1.442
 58, 54,-0.721
 56, 55, 1.778
 57, 56, 1.300
 58, 57,-0.540
 62, 59,-1.095
 63, 59,-0.816
 62, 60,-1.284
 62, 61, 0.221
 64, 61,-0.295
 66, 62, 0.377
 66, 63, 2.405
 68, 63,-0.714
 72, 63, 0.478
 65, 64,-0.716
 66, 64, 0.630
 69, 64,-1.056
 66, 65, 0.775
 70, 65, 0.957
 73, 65,-1.610
 69, 67,-0.198
111, 67,-0.556
 72, 68,-0.769
 70, 69, 3.770
111, 69,-0.385
129, 69, 3.437
 73, 70, 2.437
 76, 70,-0.933
130, 70,-1.631
136, 70, 0.056
 74, 71, 1.039
 76, 73, 1.747
 75, 74, 1.259
 78, 74,-1.117
 80, 74, 1.644
 84, 74,-0.853
 76, 75, 1.368
 78, 75,-0.007
 87, 75, 0.856
 77, 76, 0.684
 78, 76,-1.375
 78, 77,-0.169
 80, 79, 1.236
 81, 79, 1.360
 83, 79,-0.804
 84, 80,-0.370
 83, 81, 0.960
104, 81,-0.193
 83, 82, 0.257
 85, 82,-0.852
 84, 83, 0.368
 85, 83,-0.241
104, 83,-0.504
 85, 84,-0.443
 87, 84, 0.176
 88, 84,-0.095
 86, 85, 0.517
 88, 85,-0.959
 88, 86,-0.567
 89, 86, 1.026
 88, 87, 2.755
 99, 87,-1.240
103, 87,-1.100
134, 87, 2.762
 92, 88,-1.153
101, 88, 2.126
 90, 89,-1.679
 91, 89,-0.877
 92, 89,-1.357
 93, 89, 0.883
 98, 89, 0.062
 91, 90,-1.685
 94, 90,-1.672
 95, 91,-0.910
101, 92,-1.311
 94, 93, 2.811
 96, 93,-0.345
 98, 93,-0.325
 95, 94,-0.151
 98, 96, 0.441
100, 97, 0.403
102, 97,-0.114
100, 98,-0.803
101, 98, 1.720
100, 99,-0.904
101, 99, 0.087
103, 99,-1.451
101,100, 1.537
102,100, 0.623
134,103,-1.645
108,107,-1.532
109,107,-0.096
135,107, 1.819
139,107, 0.581
140,108,-0.939
142,108,-1.568
135,109,-1.005
142,110, 0.707
129,111, 0.650
113,112, 0.365
114,113, 0.357
119,113, 0.495
115,114, 0.387
119,114,-0.442
116,115,-0.554
117,115,-0.957
120,115, 1.171
122,115,-1.585
117,116,-0.858
127,116, 0.032
128,117,-0.571
119,118, 1.326
120,118, 1.396
120,119,-0.387
121,120, 1.239
122,120,-0.410
137,120, 0.526
125,121, 0.361
138,121,-0.083
125,122,-1.301
128,122,-0.440
127,123,-1.275
128,123,-0.856
131,123,-1.062
125,124,-0.714
128,124,-1.477
129,124,-1.065
132,124,-1.437
126,125,-1.326
128,125, 0.909
133,125, 1.771
138,125,-1.205
135,126,-1.104
128,127, 1.965
129,128, 4.817
131,128,-0.982
130,129,-0.960
131,129,-1.116
136,130,-1.079
133,132,-1.525
134,132,-0.281
136,132,-1.109
134,133, 0.171
135,133, 0.295
138,133,-0.617
135,134, 2.529
139,135, 0.915
138,137,-0.180
140,137,-1.149
139,138, 0.202
140,138, 0.241
140,139, 0.092
141,140,-0.806
142,140,-0.084
142,141,-0.831
143,142,-0.480
  0,  0, 4.866
  1,  1, 2.735
  2,  2, 3.572
  3,  3, 0.427
  4,  4, 2.088
  5,  5, 0.253
  6,  6, 0.432
  7,  7, 4.435
  8,  8, 0.017
  9,  9, 1.874
 10, 10,-0.825
 11, 11,-1.694
 12, 12, 0.709
 13, 13, 4.130
 14, 14, 3.811
 15, 15, 1.759
 16, 16,-0.924
 17, 17, 4.540
 18, 18, 0.568
 19, 19, 0.766
 20, 20, 1.167
 21, 21, 3.330
 22, 22, 1.886
 23, 23, 2.627
 24, 24,-1.244
 25, 25, 4.642
 26, 26,-0.621
 27, 27,-1.244
 28, 28,-0.456
 29, 29, 2.447
 30, 30, 1.528
 31, 31,-1.174
 32, 32, 3.941
 33, 33, 2.401
 34, 34, 1.172
 35, 35, 3.353
 36, 36, 2.131
 37, 37, 2.274
 38, 38,-0.524
 39, 39, 3.158
 40, 40, 0.056
 41, 41,-0.337
 42, 42,-0.895
 43, 43,-1.122
 44, 44, 0.801
 45, 45, 1.628
 46, 46, 0.707
 47, 47, 3.346
 48, 48,-0.476
 49, 49, 2.532
 50, 50, 1.628
 51, 51, 2.733
 52, 52, 0.987
 53, 53, 1.928
 54, 54, 0.944
 55, 55, 2.399
 56, 56, 4.223
 57, 57, 1.088
 58, 58, 0.219
 59, 59,-0.512
 60, 60,-1.410
 61, 61, 1.441
 62, 62, 2.136
 63, 63, 4.356
 64, 64, 1.394
 65, 65, 0.670
 66, 66, 2.624
 67, 67, 0.325
 68, 68,-1.062
 69, 69, 4.484
 70, 70, 5.000
 71, 71, 0.804
 72, 72, 1.125
 73, 73, 1.185
 74, 74, 5.000
 75, 75, 3.035
 76, 76, 3.358
 77, 77, 0.910
 78, 78, 0.094
 79, 79, 0.137
 80, 80, 1.701
 81, 81, 3.933
 82, 82, 0.650
 83, 83, 3.503
 84, 84, 1.952
 85, 85, 0.979
 86, 86, 0.893
 87, 87, 4.383
 88, 88, 3.825
 89, 89, 2.082
 90, 90,-1.677
 91, 91,-0.726
 92, 92,-1.227
 93, 93, 2.462
 94, 94, 4.199
 95, 95,-0.149
 96, 96, 0.674
 97, 97, 1.325
 98, 98, 2.828
 99, 99, 0.395
100,100, 2.011
101,101, 3.688
102,102, 3.915
103,103,-0.904
104,104,-0.039
105,105, 1.745
106,106, 0.219
107,107, 3.108
108,108,-1.103
109,109, 0.169
110,110, 1.559
111,111, 1.505
112,112, 0.674
113,113, 2.011
114,114, 1.157
115,115, 2.160
116,116, 0.939
117,117,-0.524
118,118, 2.548
119,119, 3.069
120,120, 4.060
121,121, 1.010
122,122,-0.599
123,123, 1.003
124,124,-0.633
125,125, 2.842
126,126,-1.314
127,127, 1.716
128,128, 4.816
129,129, 4.559
130,130,-1.235
131,131,-0.788
132,132,-0.283
133,133, 0.114
134,134, 3.927
135,135, 4.729
136,136, 1.184
137,137, 0.721
138,138, 2.222
139,139, 1.735
140,140, 2.947
141,141,-1.052
142,142, 3.109
143,143,-0.864
