from,to,weight
  0,  6,-0.582
  0,  9,-0.916
  0, 20, 0.202
  0, 28,-1.540
  1,  2, 0.289
  1,  6, 1.526
  1, 17, 0.841
  2,  3, 0.932
  2,  7,-1.660
  2, 18,-0.471
  3,  8,-0.246
  4,  5, 0.933
  4,  7, 0.195
  4, 14, 2.146
  5,  6, 1.140
  5,  7,-1.581
  5, 27,-0.809
  6,  7, 0.881
  6,  9,-0.025
  6, 17,-0.427
  6, 20,-1.500
  6, 28,-0.869
  7,  8, 0.233
  9, 28,-1.083
 10, 11, 1.172
 10, 14, 0.506
 11, 12, 0.051
 11, 14, 1.937
 12, 15,-0.559
 17, 18, 0.051
 17, 20, 0.929
 18, 21,-0.807
 19, 20, 0.128
 19, 21,-1.002
 19, 22, 0.541
 19, 27,-0.932
 20, 21,-0.401
 20, 28, 0.265
 22, 24, 0.328
 22, 27,-0.507
 23, 24,-0.050
 23, 26, 1.569
 23, 44,-0.674
 23, 47, 0.587
 24, 27,-0.482
 25, 26,-0.096
 25, 27,-0.748
 25, 29,-1.011
 26, 27, 2.168
 26, 29, 1.661
 26, 30, 0.147
 26, 44,-0.805
 27, 28, 1.389
 29, 30,-0.796
 29, 31,-0.040
 29, 35,-0.125
 30, 33,-0.386
 30, 38,-0.985
 30, 46,-0.485
 31, 35, 0.079
 32, 33, 1.689
 32, 45, 0.257
 33, 38, 0.999
 33, 43,-0.007
 33, 46,-0.669
 34, 35,-0.597
 34, 36,-0.052
 35, 36,-0.984
 35, 37, 0.983
 35, 38,-1.198
 36, 37, 0.507
 36, 39, 0.680
 37, 38, 0.932
 37, 42, 0.625
 38, 43,-1.412
 39, 40, 0.191
 39, 42,-1.079
 40, 41, 0.096
 41, 43,-0.712
 42, 43,-0.078
 44, 47,-0.245
 45, 46,-0.057
 45, 48, 0.664
 47, 50, 0.863
 48, 49, 0.653
 48, 50,-0.423
 49, 50, 0.978
 49, 52, 1.492
 49, 54,-1.502
 51, 52, 2.962
 51,108, 3.156
 52, 54, 2.167
 52, 57,-0.592
 53, 55, 1.562
 54, 57, 1.389
 55, 56, 1.966
 55, 57,-0.629
 55, 59, 0.550
 56, 57, 1.558
 56, 60, 0.331
 56, 67,-0.092
 56,110,-1.536
 58, 59, 0.593
 58, 61, 0.653
 58, 62,-0.995
 59, 60,-1.468
 59, 63,-0.844
 60, 67, 0.460
 61, 62, 0.440
 62, 63,-0.408
 62, 64,-1.257
 63, 64,-1.088
 63, 67,-0.076
 63, 69,-0.082
 64, 65,-1.159
 64, 69,-1.119
 65, 66,-1.055
 65, 69, 0.958
 65, 70, 1.105
 66, 71,-1.425
 67, 68,-1.471
 67, 69, 3.400
 67, 80,-1.096
 67, 86,-0.348
 67,110, 2.996
 68, 87,-1.488
 68,111,-1.649
 69, 72,-0.482
 69, 83, 0.393
 69, 85,-0.307
 70, 71,-0.142
 70, 72,-0.747
 70, 74, 0.579
 70, 79, 0.158
 71, 75, 0.033
 72, 83,-1.084
 72, 85,-1.604
 73, 74,-1.294
 73, 75,-1.249
 74, 75, 0.605
 74, 76,-1.547
 74, 79, 0.275
 76, 79,-1.521
 77, 78,-1.184
 77, 81, 1.142
 77, 84,-0.646
 79, 83, 1.241
 80, 81,-0.789
 80, 83,-0.954
 80, 86,-1.372
 81, 82,-0.028
 81, 83, 0.995
 81, 84, 1.482
 81, 88,-1.551
 82, 83,-0.244
 83, 85,-0.557
 84, 88,-0.477
 84, 93, 0.595
 86, 87,-0.344
 86, 88,-1.657
 87, 88,-0.838
 87, 92,-0.198
 87,111,-0.851
 88, 93,-0.873
 91, 92, 0.833
 91,111, 1.676
 91,113,-0.262
 92, 93, 0.404
 92,111,-0.973
 94, 95,-0.351
 95, 96,-0.035
 95,100,-0.119
 96, 97, 0.354
 96,100, 0.308
 97, 98,-0.473
 97,101, 0.448
 97,103,-1.529
 98,104,-0.699
 99,100, 1.675
 99,101, 0.033
 99,102, 1.574
100,101,-0.438
101,102,-0.434
101,103, 1.516
101,112,-0.673
102,114, 2.491
103,104, 2.909
103,105, 0.039
103,112,-1.431
104,105,-1.079
104,106,-1.229
104,107, 2.247
104,109,-0.345
105,111, 1.037
105,113,-1.300
106,107, 0.927
107,108, 4.292
109,110, 0.034
109,111,-1.478
110,111, 2.956
111,113, 1.408
112,113,-0.980
112,114,-0.938
113,114, 0.927
  6,  0,-0.582
  9,  0,-0.916
 20,  0, 0.202
 28,  0,-1.540
  2,  1, 0.289
  6,  1, 1.526
 17,  1, 0.841
  3,  2, 0.932
  7,  2,-1.660
 18,  2,-0.471
  8,  3,-0.246
  5,  4, 0.933
  7,  4, 0.195
 14,  4, 2.146
  6,  5, 1.140
  7,  5,-1.581
 27,  5,-0.809
  7,  6, 0.881
  9,  6,-0.025
 17,  6,-0.427
 20,  6,-1.500
 28,  6,-0.869
  8,  7, 0.233
 28,  9,-1.083
 11, 10, 1.172
 14, 10, 0.506
 12, 11, 0.051
 14, 11, 1.937
 15, 12,-0.559
 18, 17, 0.051
 20, 17, 0.929
 21, 18,-0.807
 20, 19, 0.128
 21, 19,-1.002
 22, 19, 0.541
 27, 19,-0.932
 21, 20,-0.401
 28, 20, 0.265
 24, 22, 0.328
 27, 22,-0.507
 24, 23,-0.050
 26, 23, 1.569
 44, 23,-0.674
 47, 23, 0.587
 27, 24,-0.482
 26, 25,-0.096
 27, 25,-0.748
 29, 25,-1.011
 27, 26, 2.168
 29, 26, 1.661
 30, 26, 0.147
 44, 26,-0.805
 28, 27, 1.389
 30, 29,-0.796
 31, 29,-0.040
 35, 29,-0.125
 33, 30,-0.386
 38, 30,-0.985
 46, 30,-0.485
 35, 31, 0.079
 33, 32, 1.689
 45, 32, 0.257
 38, 33, 0.999
 43, 33,-0.007
 46, 33,-0.669
 35, 34,-0.597
 36, 34,-0.052
 36, 35,-0.984
 37, 35, 0.983
 38, 35,-1.198
 37, 36, 0.507
 39, 36, 0.680
 38, 37, 0.932
 42, 37, 0.625
 43, 38,-1.412
 40, 39, 0.191
 42, 39,-1.079
 41, 40, 0.096
 43, 41,-0.712
 43, 42,-0.078
 47, 44,-0.245
 46, 45,-0.057
 48, 45, 0.664
 50, 47, 0.863
 49, 48, 0.653
 50, 48,-0.423
 50, 49, 0.978
 52, 49, 1.492
 54, 49,-1.502
 52, 51, 2.962
108, 51, 3.156
 54, 52, 2.167
 57, 52,-0.592
 55, 53, 1.562
 57, 54, 1.389
 56, 55, 1.966
 57, 55,-0.629
 59, 55, 0.550
 57, 56, 1.558
 60, 56, 0.331
 67, 56,-0.092
110, 56,-1.536
 59, 58, 0.593
 61, 58, 0.653
 62, 58,-0.995
 60, 59,-1.468
 63, 59,-0.844
 67, 60, 0.460
 62, 61, 0.440
 63, 62,-0.408
 64, 62,-1.257
 64, 63,-1.088
 67, 63,-0.076
 69, 63,-0.082
 65, 64,-1.159
 69, 64,-1.119
 66, 65,-1.055
 69, 65, 0.958
 70, 65, 1.105
 71, 66,-1.425
 68, 67,-1.471
 69, 67, 3.400
 80, 67,-1.096
 86, 67,-0.348
110, 67, 2.996
 87, 68,-1.488
111, 68,-1.649
 72, 69,-0.482
 83, 69, 0.393
 85, 69,-0.307
 71, 70,-0.142
 72, 70,-0.747
 74, 70, 0.579
 79, 70, 0.158
 75, 71, 0.033
 83, 72,-1.084
 85, 72,-1.604
 74, 73,-1.294
 75, 73,-1.249
 75, 74, 0.605
 76, 74,-1.547
 79, 74, 0.275
 79, 76,-1.521
 78, 77,-1.184
 81, 77, 1.142
 84, 77,-0.646
 83, 79, 1.241
 81, 80,-0.789
 83, 80,-0.954
 86, 80,-1.372
 82, 81,-0.028
 83, 81, 0.995
 84, 81, 1.482
 88, 81,-1.551
 83, 82,-0.244
 85, 83,-0.557
 88, 84,-0.477
 93, 84, 0.595
 87, 86,-0.344
 88, 86,-1.657
 88, 87,-0.838
 92, 87,-0.198
111, 87,-0.851
 93, 88,-0.873
 92, 91, 0.833
111, 91, 1.676
113, 91,-0.262
 93, 92, 0.404
111, 92,-0.973
 95, 94,-0.351
 96, 95,-0.035
100, 95,-0.119
 97, 96, 0.354
100, 96, 0.308
 98, 97,-0.473
101, 97, 0.448
103, 97,-1.529
104, 98,-0.699
100, 99, 1.675
101, 99, 0.033
102, 99, 1.574
101,100,-0.438
102,101,-0.434
103,101, 1.516
112,101,-0.673
114,102, 2.491
104,103, 2.909
105,103, 0.039
112,103,-1.431
105,104,-1.079
106,104,-1.229
107,104, 2.247
109,104,-0.345
111,105, 1.037
113,105,-1.300
107,106, 0.927
108,107, 4.292
110,109, 0.034
111,109,-1.478
111,110, 2.956
113,111, 1.408
113,112,-0.980
114,112,-0.938
114,113, 0.927
  0,  0, 0.110
  1,  1, 1.271
  2,  2, 0.436
  3,  3, 4.265
  4,  4, 2.907
  5,  5, 0.900
  6,  6, 4.425
  7,  7, 1.030
  8,  8, 0.599
  9,  9,-0.221
 10, 10, 3.806
 11, 11, 2.523
 12, 12, 3.036
 13, 13, 0.708
 14, 14, 4.159
 15, 15,-0.185
 16, 16,-0.770
 17, 17, 1.732
 18, 18, 0.870
 19, 19, 0.859
 20, 20, 2.629
 21, 21, 0.952
 22, 22, 1.861
 23, 23, 3.941
 24, 24, 0.571
 25, 25, 0.615
 26, 26, 4.227
 27, 27, 3.206
 28, 28, 1.328
 29, 29, 2.502
 30, 30, 1.162
 31, 31,-0.663
 32, 32, 2.394
 33, 33, 2.890
 34, 34, 0.365
 35, 35, 2.876
 36, 36, 2.463
 37, 37, 2.471
 38, 38, 0.848
 39, 39, 0.449
 40, 40, 2.312
 41, 41, 1.079
 42, 42, 0.611
 43, 43, 0.901
 44, 44,-0.009
 45, 45, 2.075
 46, 46, 0.472
 47, 47, 2.733
 48, 48, 1.445
 49, 49, 2.819
 50, 50, 0.922
 51, 51, 4.053
 52, 52, 4.413
 53, 53, 1.942
 54, 54, 1.474
 55, 55, 4.355
 56, 56, 4.326
 57, 57, 3.152
 58, 58, 0.997
 59, 59, 0.228
 60, 60,-0.732
 61, 61, 3.244
 62, 62, 1.005
 63, 63, 0.770
 64, 64,-0.643
 65, 65, 2.511
 66, 66,-1.176
 67, 67, 5.000
 68, 68,-1.565
 69, 69, 4.925
 70, 70, 2.266
 71, 71,-0.485
 72, 72,-0.782
 73, 73,-1.279
 74, 74, 3.008
 75, 75, 3.257
 76, 76,-1.558
 77, 77, 2.238
 78, 78,-1.390
 79, 79, 2.460
 80, 80,-0.575
 81, 81, 3.280
 82, 82, 0.318
 83, 83, 3.767
 84, 84, 2.921
 85, 85,-0.705
 86, 86,-0.664
 87, 87, 0.216
 88, 88,-0.544
 89, 89, 2.047
 90, 90, 0.777
 91, 91, 3.032
 92, 92, 1.856
 93, 93, 1.753
 94, 94, 0.262
 95, 95, 0.887
 96, 96, 1.801
 97, 97, 1.419
 98, 98,-0.659
 99, 99, 2.239
100,100, 3.644
101,101, 3.143
102,102, 2.030
103,103, 0.416
104,104, 3.681
105,105, 0.515
106,106, 0.920
107,107, 3.762
108,108, 3.659
109,109,-0.373
110,110, 2.862
111,111, 5.000
112,112,-0.638
113,113, 1.978
114,114, 3.927
