from,to,weight
 0, 1,-0.788
 0, 2,-0.428
 0, 7, 0.493
 0,25, 1.232
 1, 2,-0.502
 1,26,-0.548
 2, 4, 0.389
 2,10,-1.587
 3, 4, 0.499
 3, 5, 1.557
 4, 6, 0.290
 4,10,-0.452
 5, 6,-0.129
 5, 9, 1.364
 5,29, 0.844
 5,57,-1.135
 5,78,-0.191
 6,10,-0.227
 7, 8, 1.337
 7,10, 1.972
 7,17,-1.156
 7,25, 0.959
 8, 9, 1.191
 8,10,-1.074
 8,11, 2.199
 8,18, 0.577
 8,77,-1.244
 9,10, 1.220
 9,78, 0.775
11,18, 0.408
11,77,-1.541
11,81,-0.032
12,13,-0.671
12,14, 0.638
12,16, 1.895
12,30, 0.773
12,56, 1.105
12,83, 0.318
13,14,-1.327
13,80,-0.495
13,84,-0.943
14,15,-0.883
14,16, 2.031
14,18, 2.567
14,81, 0.289
15,16,-0.200
15,19,-1.650
15,22,-0.642
16,23, 0.140
16,31, 0.115
17,18,-0.757
17,21,-1.086
17,25,-1.167
18,81,-0.175
19,22,-1.675
20,22,-0.198
20,24, 2.067
20,27,-0.446
21,22,-0.687
21,25,-0.596
22,23,-0.606
24,25, 1.907
24,27, 1.591
24,28,-0.079
25,26, 0.104
27,28, 0.262
30,32,-0.943
30,34, 0.611
30,53,-0.229
30,56, 0.533
32,34,-0.897
32,53,-0.558
33,46, 0.396
33,50, 0.403
34,37, 0.179
34,53, 0.091
35,36,-1.186
35,37, 0.265
35,38, 0.002
36,37,-1.138
37,40, 1.230
37,54, 0.122
38,39,-1.250
38,40,-0.604
38,43, 1.128
39,40,-1.008
39,43,-1.281
40,41, 2.041
40,42,-0.919
40,43,-1.002
40,54,-0.215
41,42,-0.280
41,43,-1.473
41,44, 0.719
41,45, 2.722
41,48,-1.474
41,55, 0.177
42,43,-0.259
43,44,-0.170
43,46,-0.016
43,47, 0.221
44,45, 0.753
44,46, 1.063
44,47, 0.599
45,49, 1.892
46,47,-0.385
46,50,-1.211
48,49,-1.680
48,55,-1.688
49,64,-0.416
51,52,-1.547
51,53,-1.562
51,54,-1.627
52,53,-0.011
52,54, 0.363
52,55, 0.271
52,85, 1.536
53,54, 0.626
53,56, 0.611
53,83,-1.553
53,86, 2.169
54,55, 0.132
55,63, 0.302
55,88, 0.000
56,83, 0.994
57,61,-0.659
58,59, 1.903
59,60, 0.742
59,61, 1.320
60,61,-1.143
60,68, 0.502
61,75, 0.280
61,78, 0.750
62,64,-0.359
63,64, 1.237
63,88,-0.946
63,93, 0.385
65,66, 0.563
65,95,-1.083
65,96,-0.018
65,97,-0.623
65,98,-1.457
65,99, 0.498
66,67, 1.291
66,79,-1.528
66,82, 0.978
66,96,-0.688
66,99,-0.896
67,73, 1.283
67,76,-1.282
67,79, 0.948
67,96,-0.007
68,69, 0.776
68,70,-0.135
68,71,-0.430
68,72,-0.639
68,73,-1.113
68,74, 0.620
68,75,-0.535
69,70, 0.079
70,71,-0.399
71,72,-1.266
71,73,-0.907
72,73,-0.312
73,74,-0.701
73,76,-0.375
73,95,-1.470
73,96, 0.457
74,75,-1.003
74,77,-0.277
75,78,-0.114
76,77, 1.061
76,79, 0.092
76,80,-0.787
77,78, 1.222
77,81,-1.595
79,80, 0.884
79,82,-0.353
80,81, 1.819
80,82, 0.839
80,84,-0.812
82,84, 1.199
83,84, 0.299
83,86, 3.001
84,87, 1.246
85,86, 1.694
85,87, 0.211
85,88,-1.195
85,89, 2.179
85,91,-0.072
86,87,-1.624
87,90, 0.637
87,99,-0.389
88,93, 0.343
89,90, 1.276
89,91, 0.567
90,92,-0.155
90,95, 0.735
90,97,-1.167
90,98,-1.324
90,99,-0.307
91,93, 0.923
92,95,-0.171
92,97,-0.855
95,96, 2.115
95,97,-1.439
97,98,-1.236
98,99,-1.216
 1, 0,-0.788
 2, 0,-0.428
 7, 0, 0.493
25, 0, 1.232
 2, 1,-0.502
26, 1,-0.548
 4, 2, 0.389
10, 2,-1.587
 4, 3, 0.499
 5, 3, 1.557
 6, 4, 0.290
10, 4,-0.452
 6, 5,-0.129
 9, 5, 1.364
29, 5, 0.844
57, 5,-1.135
78, 5,-0.191
10, 6,-0.227
 8, 7, 1.337
10, 7, 1.972
17, 7,-1.156
25, 7, 0.959
 9, 8, 1.191
10, 8,-1.074
11, 8, 2.199
18, 8, 0.577
77, 8,-1.244
10, 9, 1.220
78, 9, 0.775
18,11, 0.408
77,11,-1.541
81,11,-0.032
13,12,-0.671
14,12, 0.638
16,12, 1.895
30,12, 0.773
56,12, 1.105
83,12, 0.318
14,13,-1.327
80,13,-0.495
84,13,-0.943
15,14,-0.883
16,14, 2.031
18,14, 2.567
81,14, 0.289
16,15,-0.200
19,15,-1.650
22,15,-0.642
23,16, 0.140
31,16, 0.115
18,17,-0.757
21,17,-1.086
25,17,-1.167
81,18,-0.175
22,19,-1.675
22,20,-0.198
24,20, 2.067
27,20,-0.446
22,21,-0.687
25,21,-0.596
23,22,-0.606
25,24, 1.907
27,24, 1.591
28,24,-0.079
26,25, 0.104
28,27, 0.262
32,30,-0.943
34,30, 0.611
53,30,-0.229
56,30, 0.533
34,32,-0.897
53,32,-0.558
46,33, 0.396
50,33, 0.403
37,34, 0.179
53,34, 0.091
36,35,-1.186
37,35, 0.265
38,35, 0.002
37,36,-1.138
40,37, 1.230
54,37, 0.122
39,38,-1.250
40,38,-0.604
43,38, 1.128
40,39,-1.008
43,39,-1.281
41,40, 2.041
42,40,-0.919
43,40,-1.002
54,40,-0.215
42,41,-0.280
43,41,-1.473
44,41, 0.719
45,41, 2.722
48,41,-1.474
55,41, 0.177
43,42,-0.259
44,43,-0.170
46,43,-0.016
47,43, 0.221
45,44, 0.753
46,44, 1.063
47,44, 0.599
49,45, 1.892
47,46,-0.385
50,46,-1.211
49,48,-1.680
55,48,-1.688
64,49,-0.416
52,51,-1.547
53,51,-1.562
54,51,-1.627
53,52,-0.011
54,52, 0.363
55,52, 0.271
85,52, 1.536
54,53, 0.626
56,53, 0.611
83,53,-1.553
86,53, 2.169
55,54, 0.132
63,55, 0.302
88,55, 0.000
83,56, 0.994
61,57,-0.659
59,58, 1.903
60,59, 0.742
61,59, 1.320
61,60,-1.143
68,60, 0.502
75,61, 0.280
78,61, 0.750
64,62,-0.359
64,63, 1.237
88,63,-0.946
93,63, 0.385
66,65, 0.563
95,65,-1.083
96,65,-0.018
97,65,-0.623
98,65,-1.457
99,65, 0.498
67,66, 1.291
79,66,-1.528
82,66, 0.978
96,66,-0.688
99,66,-0.896
73,67, 1.283
76,67,-1.282
79,67, 0.948
96,67,-0.007
69,68, 0.776
70,68,-0.135
71,68,-0.430
72,68,-0.639
73,68,-1.113
74,68, 0.620
75,68,-0.535
70,69, 0.079
71,70,-0.399
72,71,-1.266
73,71,-0.907
73,72,-0.312
74,73,-0.701
76,73,-0.375
95,73,-1.470
96,73, 0.457
75,74,-1.003
77,74,-0.277
78,75,-0.114
77,76, 1.061
79,76, 0.092
80,76,-0.787
78,77, 1.222
81,77,-1.595
80,79, 0.884
82,79,-0.353
81,80, 1.819
82,80, 0.839
84,80,-0.812
84,82, 1.199
84,83, 0.299
86,83, 3.001
87,84, 1.246
86,85, 1.694
87,85, 0.211
88,85,-1.195
89,85, 2.179
91,85,-0.072
87,86,-1.624
90,87, 0.637
99,87,-0.389
93,88, 0.343
90,89, 1.276
91,89, 0.567
92,90,-0.155
95,90, 0.735
97,90,-1.167
98,90,-1.324
99,90,-0.307
93,91, 0.923
95,92,-0.171
97,92,-0.855
96,95, 2.115
97,95,-1.439
98,97,-1.236
99,98,-1.216
 0, 0, 0.808
 1, 1, 1.210
 2, 2, 0.457
 3, 3, 2.868
 4, 4, 3.346
 5, 5, 4.436
 6, 6, 0.478
 7, 7, 3.773
 8, 8, 2.983
 9, 9, 3.333
10,10, 2.392
11,11, 0.938
12,12, 4.552
13,13,-0.354
14,14, 2.934
15,15,-0.206
16,16, 4.752
17,17,-0.564
18,18, 3.193
19,19,-1.661
20,20, 2.478
21,21,-0.237
22,22, 1.495
23,23, 0.076
24,24, 4.847
25,25, 4.563
26,26, 0.336
27,27, 4.075
28,28,-0.245
29,29, 1.184
30,30, 2.523
31,31, 0.008
32,32,-0.676
33,33, 3.508
34,34, 0.996
35,35, 2.043
36,36,-1.050
37,37, 2.538
38,38, 1.147
39,39,-1.070
40,40, 3.066
41,41, 3.268
42,42,-0.283
43,43, 3.717
44,44, 3.851
45,45, 2.761
46,46, 2.472
47,47, 0.744
48,48,-1.574
49,49, 2.217
50,50, 0.560
51,51,-1.573
52,52, 2.294
53,53, 4.865
54,54, 2.774
55,55, 2.608
56,56, 2.591
57,57,-0.705
58,58, 2.911
59,59, 4.295
60,60, 0.595
61,61, 5.000
62,62,-0.166
63,63, 2.344
64,64, 3.743
65,65, 1.878
66,66, 2.686
67,67, 3.032
68,68, 4.449
69,69, 1.656
70,70, 2.123
71,71, 0.380
72,72,-0.577
73,73, 2.830
74,74, 0.682
75,75, 0.329
76,76, 1.183
77,77, 0.757
78,78, 3.143
79,79, 0.851
80,80, 3.231
81,81, 1.985
82,82, 2.630
83,83, 2.760
84,84, 1.858
85,85, 3.535
86,86, 2.604
87,87, 2.414
88,88, 0.325
89,89, 3.160
90,90, 3.320
91,91, 1.305
92,92,-0.265
93,93, 3.906
94,94,-0.804
95,95, 2.670
96,96, 1.931
97,97,-0.282
98,98,-1.026
99,99, 1.009
