from,to,weight
 0,64, 1.756
 1,63,-1.159
 2, 3, 0.322
 2,17, 1.000
 2,63,-0.167
 4, 6, 1.864
 4, 9,-1.178
 4,13, 2.020
 5, 7, 1.618
 5,12,-0.439
 6, 7, 1.484
 6, 8, 0.614
 6, 9,-1.139
 7, 8, 0.602
 7,10,-1.137
 7,12, 0.129
14,15,-0.550
14,16,-1.208
14,32,-0.550
14,45, 0.147
15,17, 0.049
16,33,-1.049
17,22, 1.018
17,63, 0.360
18,19,-1.546
18,21, 0.719
18,33, 1.265
19,20,-0.982
19,21,-1.007
19,35,-0.667
20,21, 0.413
20,28,-1.349
20,36,-1.006
20,59, 0.455
21,22, 1.042
21,60,-0.628
21,62,-1.516
22,63, 0.771
23,24,-0.494
24,25, 0.368
24,26, 0.104
24,29, 0.962
25,26,-1.390
25,30, 0.286
26,27, 0.414
26,34,-0.306
27,28, 1.406
27,35,-0.192
28,36,-1.465
28,57,-1.496
28,59, 2.706
29,30,-0.540
29,31,-1.623
29,37, 1.187
30,31, 0.236
30,33, 0.365
30,34,-0.406
30,35,-0.472
31,32,-0.573
31,33,-0.948
31,38,-0.175
32,33, 1.408
32,39, 0.048
32,45,-0.015
33,35, 0.355
34,35,-0.224
35,36,-1.063
37,38, 1.068
37,41,-1.260
37,54,-0.699
38,39, 2.488
38,40,-1.294
38,41,-1.140
38,44, 0.370
39,40,-0.265
39,43,-0.527
39,45, 1.986
39,50,-0.048
40,43,-1.195
40,44,-0.121
41,44,-1.307
42,43,-0.657
42,44,-0.111
42,56,-0.184
43,44, 2.253
43,53, 0.067
45,46,-0.217
45,48, 0.910
45,49,-1.269
45,50, 0.059
46,47,-0.444
46,48,-1.503
46,51,-1.186
47,48,-0.151
47,52,-0.091
50,51,-0.512
50,53,-1.175
51,52,-0.739
51,53,-1.089
54,55,-0.955
57,58,-0.409
57,59,-0.426
58,59, 1.073
59,60, 0.638
59,61,-0.043
60,62, 0.268
61,62,-1.044
62,63, 1.556
62,64,-0.984
63,64, 1.588
64, 0, 1.756
63, 1,-1.159
 3, 2, 0.322
17, 2, 1.000
63, 2,-0.167
 6, 4, 1.864
 9, 4,-1.178
13, 4, 2.020
 7, 5, 1.618
12, 5,-0.439
 7, 6, 1.484
 8, 6, 0.614
 9, 6,-1.139
 8, 7, 0.602
10, 7,-1.137
12, 7, 0.129
15,14,-0.550
16,14,-1.208
32,14,-0.550
45,14, 0.147
17,15, 0.049
33,16,-1.049
22,17, 1.018
63,17, 0.360
19,18,-1.546
21,18, 0.719
33,18, 1.265
20,19,-0.982
21,19,-1.007
35,19,-0.667
21,20, 0.413
28,20,-1.349
36,20,-1.006
59,20, 0.455
22,21, 1.042
60,21,-0.628
62,21,-1.516
63,22, 0.771
24,23,-0.494
25,24, 0.368
26,24, 0.104
29,24, 0.962
26,25,-1.390
30,25, 0.286
27,26, 0.414
34,26,-0.306
28,27, 1.406
35,27,-0.192
36,28,-1.465
57,28,-1.496
59,28, 2.706
30,29,-0.540
31,29,-1.623
37,29, 1.187
31,30, 0.236
33,30, 0.365
34,30,-0.406
35,30,-0.472
32,31,-0.573
33,31,-0.948
38,31,-0.175
33,32, 1.408
39,32, 0.048
45,32,-0.015
35,33, 0.355
35,34,-0.224
36,35,-1.063
38,37, 1.068
41,37,-1.260
54,37,-0.699
39,38, 2.488
40,38,-1.294
41,38,-1.140
44,38, 0.370
40,39,-0.265
43,39,-0.527
45,39, 1.986
50,39,-0.048
43,40,-1.195
44,40,-0.121
44,41,-1.307
43,42,-0.657
44,42,-0.111
56,42,-0.184
44,43, 2.253
53,43, 0.067
46,45,-0.217
48,45, 0.910
49,45,-1.269
50,45, 0.059
47,46,-0.444
48,46,-1.503
51,46,-1.186
48,47,-0.151
52,47,-0.091
51,50,-0.512
53,50,-1.175
52,51,-0.739
53,51,-1.089
55,54,-0.955
58,57,-0.409
59,57,-0.426
59,58, 1.073
60,59, 0.638
61,59,-0.043
62,60, 0.268
62,61,-1.044
63,62, 1.556
64,62,-0.984
64,63, 1.588
 0, 0, 4.423
 1, 1,-1.358
 2, 2, 2.916
 3, 3, 1.449
 4, 4, 1.872
 5, 5, 1.810
 6, 6, 3.325
 7, 7, 4.662
 8, 8, 1.336
 9, 9,-1.408
10,10,-1.338
11,11,-1.513
12,12, 3.157
13,13, 3.601
14,14, 0.477
15,15, 0.875
16,16,-0.591
17,17, 3.534
18,18, 0.852
19,19,-0.721
20,20, 0.819
21,21, 2.071
22,22, 2.045
23,23,-0.609
24,24, 3.612
25,25, 0.243
26,26, 1.889
27,27, 1.656
28,28, 1.944
29,29, 1.183
30,30, 2.533
31,31, 0.345
32,32, 2.244
33,33, 3.331
34,34, 0.159
35,35, 1.988
36,36,-1.129
37,37, 3.289
38,38, 3.478
39,39, 3.630
40,40,-0.148
41,41,-1.057
42,42, 2.528
43,43, 2.333
44,44, 3.927
45,45, 4.268
46,46,-0.536
47,47, 0.976
48,48, 1.522
49,49,-1.325
50,50, 0.366
51,51,-0.188
52,52, 0.596
53,53, 2.621
54,54,-0.486
55,55, 0.988
56,56, 3.198
57,57, 0.891
58,58, 1.037
59,59, 4.632
60,60, 0.407
61,61,-0.496
62,62, 2.228
63,63, 4.664
64,64, 1.336
