from,to,weight
 0, 6, 1.408
 0,15, 1.185
 1, 2, 0.082
 1, 3, 0.626
 1, 7,-0.358
 1,44,-1.244
 2,10,-0.315
 2,32, 1.289
 2,47, 1.150
 3, 4, 3.262
 3, 5, 0.193
 3, 7,-0.669
 3,44, 1.275
 3,62,-1.391
 4, 5,-1.216
 4, 6, 1.004
 4, 8,-0.720
 5,68, 0.323
 5,69, 0.083
 6, 8, 0.581
 6,15,-0.757
 7, 8,-1.610
 7, 9, 0.501
 7,10,-1.064
 8, 9, 1.201
 8,15, 0.906
 9,10, 2.240
 9,11, 0.654
 9,16, 0.825
 9,18,-0.963
10,11,-0.604
10,12, 0.042
10,13, 1.640
10,32, 0.647
11,12, 0.506
11,19, 0.750
12,13, 1.109
12,14,-0.460
12,20,-0.243
13,26, 1.813
13,33,-0.981
13,64,-1.135
14,21,-0.746
15,16,-0.946
16,18,-0.653
17,18,-0.666
17,19, 0.917
18,19,-1.581
19,20,-0.666
19,21, 0.934
20,21,-0.322
21,22,-0.680
21,27, 1.037
24,26, 0.582
24,29, 0.870
25,26, 0.758
26,29, 2.896
26,64,-0.624
28,29, 1.448
28,30,-0.009
28,72, 0.183
28,73, 0.368
29,33, 1.511
29,64,-1.052
30,31,-0.099
30,33,-0.910
30,34,-1.488
30,41, 0.654
30,72,-0.695
31,32, 1.105
31,33, 0.595
31,35,-0.172
31,42,-1.202
32,33, 0.573
32,47, 0.333
33,64,-0.176
34,41,-1.493
34,72,-1.648
35,42,-0.749
36,37,-0.670
36,43, 0.808
36,46,-0.504
37,38,-1.073
38,39,-0.455
39,40, 0.893
39,41,-0.243
40,41, 0.766
40,42,-1.301
41,42,-0.595
41,72, 1.232
43,46, 0.838
43,51,-0.083
44,45,-1.650
44,47, 1.143
44,54, 1.723
45,46, 0.674
45,47, 1.599
45,49, 0.376
45,55, 0.251
46,51, 0.298
48,49,-1.703
48,52,-1.703
48,58,-1.702
49,51,-0.864
49,55, 1.254
49,59,-0.999
50,51, 0.758
50,60, 0.885
50,61, 1.124
52,53, 1.703
52,54,-1.415
52,55, 1.388
52,58, 2.766
53,54, 2.111
54,55,-0.858
54,62,-0.167
56,57, 1.132
56,58, 0.662
57,58, 0.756
57,60, 2.415
58,59,-0.922
60,61, 0.179
62,63,-1.342
65,66,-0.792
65,68,-1.600
66,67, 0.281
66,68,-0.749
67,68,-0.417
68,69, 0.111
69,70, 1.360
72,73, 0.633
 6, 0, 1.408
15, 0, 1.185
 2, 1, 0.082
 3, 1, 0.626
 7, 1,-0.358
44, 1,-1.244
10, 2,-0.315
32, 2, 1.289
47, 2, 1.150
 4, 3, 3.262
 5, 3, 0.193
 7, 3,-0.669
44, 3, 1.275
62, 3,-1.391
 5, 4,-1.216
 6, 4, 1.004
 8, 4,-0.720
68, 5, 0.323
69, 5, 0.083
 8, 6, 0.581
15, 6,-0.757
 8, 7,-1.610
 9, 7, 0.501
10, 7,-1.064
 9, 8, 1.201
15, 8, 0.906
10, 9, 2.240
11, 9, 0.654
16, 9, 0.825
18, 9,-0.963
11,10,-0.604
12,10, 0.042
13,10, 1.640
32,10, 0.647
12,11, 0.506
19,11, 0.750
13,12, 1.109
14,12,-0.460
20,12,-0.243
26,13, 1.813
33,13,-0.981
64,13,-1.135
21,14,-0.746
16,15,-0.946
18,16,-0.653
18,17,-0.666
19,17, 0.917
19,18,-1.581
20,19,-0.666
21,19, 0.934
21,20,-0.322
22,21,-0.680
27,21, 1.037
26,24, 0.582
29,24, 0.870
26,25, 0.758
29,26, 2.896
64,26,-0.624
29,28, 1.448
30,28,-0.009
72,28, 0.183
73,28, 0.368
33,29, 1.511
64,29,-1.052
31,30,-0.099
33,30,-0.910
34,30,-1.488
41,30, 0.654
72,30,-0.695
32,31, 1.105
33,31, 0.595
35,31,-0.172
42,31,-1.202
33,32, 0.573
47,32, 0.333
64,33,-0.176
41,34,-1.493
72,34,-1.648
42,35,-0.749
37,36,-0.670
43,36, 0.808
46,36,-0.504
38,37,-1.073
39,38,-0.455
40,39, 0.893
41,39,-0.243
41,40, 0.766
42,40,-1.301
42,41,-0.595
72,41, 1.232
46,43, 0.838
51,43,-0.083
45,44,-1.650
47,44, 1.143
54,44, 1.723
46,45, 0.674
47,45, 1.599
49,45, 0.376
55,45, 0.251
51,46, 0.298
49,48,-1.703
52,48,-1.703
58,48,-1.702
51,49,-0.864
55,49, 1.254
59,49,-0.999
51,50, 0.758
60,50, 0.885
61,50, 1.124
53,52, 1.703
54,52,-1.415
55,52, 1.388
58,52, 2.766
54,53, 2.111
55,54,-0.858
62,54,-0.167
57,56, 1.132
58,56, 0.662
58,57, 0.756
60,57, 2.415
59,58,-0.922
61,60, 0.179
63,62,-1.342
66,65,-0.792
68,65,-1.600
67,66, 0.281
68,66,-0.749
68,67,-0.417
69,68, 0.111
70,69, 1.360
73,72, 0.633
 0, 0, 2.255
 1, 1, 0.621
 2, 2, 2.316
 3, 3, 4.943
 4, 4, 3.400
 5, 5, 2.304
 6, 6, 2.356
 7, 7, 0.289
 8, 8, 2.185
 9, 9, 4.558
10,10, 4.009
11,11, 1.699
12,12, 3.405
13,13, 2.946
14,14,-0.481
15,15, 3.962
16,16, 0.915
17,17, 1.152
18,18,-0.552
19,19, 3.619
20,20,-0.179
21,21, 5.000
22,22,-0.921
23,23, 0.366
24,24, 2.304
25,25,-0.073
26,26, 4.187
27,27, 1.559
28,28, 3.383
29,29, 4.524
30,30, 1.785
31,31, 2.501
32,32, 3.989
33,33, 2.978
34,34,-1.568
35,35,-0.433
36,36, 2.384
37,37,-0.750
38,38, 0.905
39,39, 3.870
40,40, 1.432
41,41, 3.330
42,42, 0.231
43,43, 3.401
44,44, 2.709
45,45, 2.641
46,46, 2.561
47,47, 3.454
48,48,-1.703
49,49, 1.233
50,50, 3.796
51,51, 2.994
52,52, 2.516
53,53, 2.009
54,54, 1.963
55,55, 2.179
56,56, 2.353
57,57, 4.104
58,58, 3.418
59,59,-0.899
60,60, 2.652
61,61, 2.556
62,62, 1.112
63,63, 0.772
64,64,-0.034
65,65,-1.393
66,66, 4.125
67,67, 0.003
68,68, 2.774
69,69, 1.875
70,70, 2.496
71,71,-0.238
72,72, 2.407
73,73, 1.724
