from,to,weight
 0, 1, 1.761
 0, 3, 0.022
 0,29,-0.562
 0,41, 2.419
 1, 2, 0.600
 1, 5, 0.312
 1,11, 0.472
 1,30,-0.329
 2, 4,-0.028
 2, 6,-1.098
 3,41,-1.584
 4, 6,-1.090
 5,11,-0.142
 6, 8,-0.745
 7, 8,-1.498
 7, 9,-0.753
 8,10,-0.160
 8,14,-1.275
 9,10,-0.344
 9,13, 1.262
 9,56,-0.455
10,14,-0.383
11,14, 0.980
11,30, 1.336
12,13,-0.382
12,15,-1.447
12,23,-1.040
12,31,-0.893
13,14, 1.533
13,32, 0.116
13,56, 1.499
13,59,-0.615
14,33,-1.184
15,23,-1.482
16,20,-1.156
16,52,-1.578
17,19, 0.461
17,24, 0.419
17,42, 0.063
17,43, 0.446
18,19, 0.306
18,20,-0.332
18,44, 0.538
18,50,-0.962
19,20, 1.327
19,21, 1.185
19,24,-1.015
19,43, 0.903
19,45,-1.221
20,21, 0.770
20,22,-0.192
20,51, 0.871
20,52, 1.035
20,57,-1.512
21,23, 0.741
21,25,-0.568
22,23, 0.104
22,57, 0.702
23,25, 0.227
23,31, 1.438
23,58,-1.695
24,25,-0.595
24,27, 1.641
24,28,-1.487
24,42, 0.599
25,27, 0.427
25,31,-0.200
26,27, 0.011
27,28,-0.813
27,35, 2.075
27,40,-0.978
29,30,-0.256
29,34,-0.427
29,36,-0.790
29,41, 0.107
30,31,-1.295
30,33, 1.341
30,34, 0.271
31,32, 0.196
31,33, 0.556
31,34,-0.706
31,35,-0.984
32,33,-0.520
34,35, 0.794
34,37, 0.063
35,40,-0.438
36,37,-0.090
36,38, 0.215
36,41, 1.699
37,38,-0.015
37,40,-1.097
38,39, 0.386
38,40,-0.768
42,43, 0.134
43,45, 0.705
44,45, 1.055
44,46,-1.467
44,47, 2.429
44,50,-0.004
46,49,-1.556
47,49, 1.888
48,49,-1.205
50,51, 0.108
51,61, 2.331
52,60, 0.489
53,55, 1.548
53,56, 0.742
54,55, 2.122
55,56, 1.329
56,59,-0.651
57,58,-1.690
57,59,-0.925
57,60, 1.250
60,61, 2.338
61,62, 2.173
 1, 0, 1.761
 3, 0, 0.022
29, 0,-0.562
41, 0, 2.419
 2, 1, 0.600
 5, 1, 0.312
11, 1, 0.472
30, 1,-0.329
 4, 2,-0.028
 6, 2,-1.098
41, 3,-1.584
 6, 4,-1.090
11, 5,-0.142
 8, 6,-0.745
 8, 7,-1.498
 9, 7,-0.753
10, 8,-0.160
14, 8,-1.275
10, 9,-0.344
13, 9, 1.262
56, 9,-0.455
14,10,-0.383
14,11, 0.980
30,11, 1.336
13,12,-0.382
15,12,-1.447
23,12,-1.040
31,12,-0.893
14,13, 1.533
32,13, 0.116
56,13, 1.499
59,13,-0.615
33,14,-1.184
23,15,-1.482
20,16,-1.156
52,16,-1.578
19,17, 0.461
24,17, 0.419
42,17, 0.063
43,17, 0.446
19,18, 0.306
20,18,-0.332
44,18, 0.538
50,18,-0.962
20,19, 1.327
21,19, 1.185
24,19,-1.015
43,19, 0.903
45,19,-1.221
21,20, 0.770
22,20,-0.192
51,20, 0.871
52,20, 1.035
57,20,-1.512
23,21, 0.741
25,21,-0.568
23,22, 0.104
57,22, 0.702
25,23, 0.227
31,23, 1.438
58,23,-1.695
25,24,-0.595
27,24, 1.641
28,24,-1.487
42,24, 0.599
27,25, 0.427
31,25,-0.200
27,26, 0.011
28,27,-0.813
35,27, 2.075
40,27,-0.978
30,29,-0.256
34,29,-0.427
36,29,-0.790
41,29, 0.107
31,30,-1.295
33,30, 1.341
34,30, 0.271
32,31, 0.196
33,31, 0.556
34,31,-0.706
35,31,-0.984
33,32,-0.520
35,34, 0.794
37,34, 0.063
40,35,-0.438
37,36,-0.090
38,36, 0.215
41,36, 1.699
38,37,-0.015
40,37,-1.097
39,38, 0.386
40,38,-0.768
43,42, 0.134
45,43, 0.705
45,44, 1.055
46,44,-1.467
47,44, 2.429
50,44,-0.004
49,46,-1.556
49,47, 1.888
49,48,-1.205
51,50, 0.108
61,51, 2.331
60,52, 0.489
55,53, 1.548
56,53, 0.742
55,54, 2.122
56,55, 1.329
59,56,-0.651
58,57,-1.690
59,57,-0.925
60,57, 1.250
61,60, 2.338
62,61, 2.173
 0, 0, 3.354
 1, 1, 3.837
 2, 2, 0.134
 3, 3,-0.373
 4, 4, 0.729
 5, 5, 0.113
 6, 6, 0.538
 7, 7,-0.978
 8, 8, 2.183
 9, 9, 2.987
10,10,-0.048
11,11, 2.377
12,12,-0.496
13,13, 4.579
14,14, 1.812
15,15,-1.531
16,16,-1.240
17,17, 1.762
18,18, 1.123
19,19, 3.540
20,20, 4.756
21,21, 2.583
22,22, 0.420
23,23, 2.859
24,24, 3.248
25,25, 1.631
26,26, 0.637
27,27, 4.390
28,28,-0.924
29,29, 1.351
30,30, 3.484
31,31, 3.499
32,32, 0.241
33,33, 1.078
34,34, 1.800
35,35, 1.647
36,36, 2.083
37,37, 0.777
38,38, 3.315
39,39, 0.042
40,40,-0.219
41,41, 5.000
42,42, 2.819
43,43, 4.064
44,44, 4.092
45,45, 0.872
46,46,-1.439
47,47, 3.207
48,48,-1.271
49,49, 3.981
50,50, 0.391
51,51, 3.862
52,52, 0.212
53,53, 5.000
54,54, 3.389
55,55, 3.887
56,56, 3.331
57,57, 3.162
58,58,-1.692
59,59, 0.188
60,60, 2.881
61,61, 3.876
62,62, 2.663
