from,to,weight
 0, 1,-0.708
 0,39,-1.076
 0,41,-0.953
 1, 3,-0.182
 1,39, 2.188
 1,41,-0.856
 2, 3, 0.264
 2, 4, 1.727
 2,38,-1.232
 3,39,-1.122
 4, 5,-0.108
 4,10, 3.383
 4,17,-0.822
 4,38,-0.428
 5,18,-1.009
 5,21, 0.681
 5,37,-1.519
 5,40, 1.696
 7, 8,-0.955
 7,10,-1.261
 7,11,-0.916
 7,16,-0.115
 8, 9,-1.038
 8,11,-1.532
 9,10,-1.379
 9,11,-0.531
10,11, 0.014
10,17, 1.227
13,14, 0.091
13,15,-1.385
13,31,-0.312
14,16, 0.050
14,24,-1.124
15,16,-1.323
16,17, 0.621
16,18,-1.051
16,19,-1.623
16,20, 1.460
16,24, 1.719
17,18, 0.469
17,19,-1.641
18,21, 0.356
20,21,-0.024
20,24,-1.508
20,25,-0.511
20,34, 0.012
21,35, 0.966
21,37,-0.740
22,23,-1.251
22,24,-0.200
22,30, 0.198
22,33,-0.155
23,24,-1.228
24,25,-1.134
26,30, 1.657
26,33, 0.856
28,29,-0.686
29,30, 2.210
29,31,-0.699
29,32,-0.415
30,31,-0.398
30,33,-0.896
34,35, 1.673
35,36,-0.792
35,40,-1.633
35,42, 0.231
35,44, 2.743
36,37,-1.621
36,40,-0.749
36,42,-1.482
37,40,-0.905
38,39,-0.760
38,40,-0.643
39,40, 2.068
39,41, 0.909
40,42, 0.094
41,42,-0.597
41,43, 1.531
42,44,-1.183
43,44, 3.204
43,45, 0.386
44,45,-0.013
 1, 0,-0.708
39, 0,-1.076
41, 0,-0.953
 3, 1,-0.182
39, 1, 2.188
41, 1,-0.856
 3, 2, 0.264
 4, 2, 1.727
38, 2,-1.232
39, 3,-1.122
 5, 4,-0.108
10, 4, 3.383
17, 4,-0.822
38, 4,-0.428
18, 5,-1.009
21, 5, 0.681
37, 5,-1.519
40, 5, 1.696
 8, 7,-0.955
10, 7,-1.261
11, 7,-0.916
16, 7,-0.115
 9, 8,-1.038
11, 8,-1.532
10, 9,-1.379
11, 9,-0.531
11,10, 0.014
17,10, 1.227
14,13, 0.091
15,13,-1.385
31,13,-0.312
16,14, 0.050
24,14,-1.124
16,15,-1.323
17,16, 0.621
18,16,-1.051
19,16,-1.623
20,16, 1.460
24,16, 1.719
18,17, 0.469
19,17,-1.641
21,18, 0.356
21,20,-0.024
24,20,-1.508
25,20,-0.511
34,20, 0.012
35,21, 0.966
37,21,-0.740
23,22,-1.251
24,22,-0.200
30,22, 0.198
33,22,-0.155
24,23,-1.228
25,24,-1.134
30,26, 1.657
33,26, 0.856
29,28,-0.686
30,29, 2.210
31,29,-0.699
32,29,-0.415
31,30,-0.398
33,30,-0.896
35,34, 1.673
36,35,-0.792
40,35,-1.633
42,35, 0.231
44,35, 2.743
37,36,-1.621
40,36,-0.749
42,36,-1.482
40,37,-0.905
39,38,-0.760
40,38,-0.643
40,39, 2.068
41,39, 0.909
42,40, 0.094
42,41,-0.597
43,41, 1.531
44,42,-1.183
44,43, 3.204
45,43, 0.386
45,44,-0.013
 0, 0,-0.764
 1, 1, 5.000
 2, 2, 2.395
 3, 3,-0.091
 4, 4, 1.926
 5, 5, 1.484
 6, 6,-0.670
 7, 7, 0.294
 8, 8,-1.078
 9, 9, 0.694
10,10, 5.000
11,11,-0.122
12,12, 1.278
13,13, 0.903
14,14,-0.483
15,15,-1.460
16,16, 5.000
17,17, 2.124
18,18, 0.322
19,19,-1.660
20,20, 2.052
21,21, 2.883
22,22, 1.772
23,23,-0.974
24,24, 2.155
25,25, 0.058
26,26, 2.404
27,27, 0.610
28,28,-0.998
29,29, 4.582
30,30, 2.757
31,31, 0.609
32,32, 1.724
33,33, 2.952
34,34, 3.732
35,35, 4.302
36,36,-1.139
37,37,-0.577
38,38,-0.262
39,39, 2.982
40,40, 3.582
41,41, 1.855
42,42, 0.711
43,43, 4.864
44,44, 3.801
45,45, 2.167
