from,to,weight
 0, 1,-1.132
 0, 6, 1.085
 0,19,-0.484
 1, 3,-0.582
 2, 3, 0.474
 2, 4, 1.293
 3, 5,-0.013
 3, 9,-0.782
 4, 5,-0.227
 4, 8, 0.860
 4,25, 0.121
 4,64,-0.954
 5, 9,-0.175
 6, 7, 0.817
 6, 9, 1.573
 6,19, 0.620
 7, 8, 1.212
 7, 9,-1.310
 7,10, 0.101
 7,15, 0.288
 7,20,-0.548
 7,63,-1.225
 7,67, 0.012
 8, 9, 0.760
 8,64, 1.140
10,15,-0.621
10,67,-1.163
11,12,-0.666
11,13, 0.666
11,14, 1.589
11,26, 0.824
11,44, 0.887
11,69, 0.249
12,13,-1.089
12,66,-0.758
12,70,-0.789
13,14, 1.449
13,15, 1.961
13,20,-0.835
13,67, 0.283
14,17,-0.979
14,22,-0.734
15,20,-0.559
15,67,-0.260
16,18,-0.694
17,22,-1.037
18,19, 2.294
18,21, 0.550
18,23, 1.644
18,24,-1.265
19,20, 0.280
19,21, 0.901
20,21,-0.708
20,22,-1.193
21,22, 0.014
23,24, 0.143
26,27,-1.174
26,29, 0.648
26,41,-0.101
26,44,-0.048
27,29,-0.535
27,41,-0.569
28,38,-0.059
29,31, 0.544
29,41, 0.956
30,31,-0.627
30,32,-0.831
31,33, 1.488
31,42,-0.437
32,33,-0.206
32,35, 0.342
33,34, 2.152
33,35, 0.182
33,42,-0.324
34,35,-0.729
34,36,-0.277
34,37,-0.507
34,43,-0.294
34,49,-1.533
35,36, 0.987
35,38, 0.242
35,39,-1.244
36,38, 1.047
36,39,-1.239
38,39,-1.688
40,41, 0.504
40,42, 0.185
40,43, 0.675
40,71, 1.444
40,77,-1.552
41,42,-0.152
41,44, 0.049
41,69,-1.679
41,72, 1.935
42,43,-0.795
43,49,-0.712
43,74,-1.053
43,79,-1.388
44,69, 0.467
45,46, 2.026
46,47, 0.092
46,48, 1.367
47,48,-1.095
47,54,-0.009
48,61, 0.822
48,64, 0.585
49,50, 0.312
49,79, 0.114
51,52, 1.304
51,81, 0.761
51,82,-0.380
51,83,-1.373
51,84, 0.562
52,53, 1.281
52,68, 0.439
52,81,-0.476
52,84,-0.796
53,59, 1.320
53,62,-1.319
53,65,-0.108
53,66,-1.205
53,68,-0.911
53,81, 0.275
54,55,-0.272
54,56,-0.007
54,58, 0.204
54,60, 1.258
54,61,-0.670
55,56,-0.412
56,57,-0.276
56,58,-0.462
57,58,-0.845
57,59,-0.341
58,59, 0.537
58,60,-0.698
59,60, 0.201
59,62,-0.027
59,81, 0.561
60,61,-0.323
60,63,-0.821
61,64,-0.002
62,63, 0.485
62,65,-0.183
62,66,-0.682
63,64, 0.646
63,67,-1.469
65,66, 0.246
65,68,-1.085
66,67, 1.327
66,68, 0.603
66,70,-0.361
68,70, 0.152
68,73,-0.974
69,70, 0.095
69,72, 2.465
70,73, 0.872
71,72, 1.299
71,73,-0.361
71,75, 2.057
71,77, 0.217
72,73,-1.308
73,76, 0.984
73,84,-0.358
74,79,-0.931
75,76, 0.562
75,77, 0.583
76,78,-0.293
76,80, 0.691
76,82,-1.278
76,83,-1.137
76,84,-0.375
77,79, 0.922
78,80, 0.027
78,81,-1.615
78,82,-0.274
80,81, 2.765
81,82,-1.453
82,83,-0.871
83,84,-0.877
 1, 0,-1.132
 6, 0, 1.085
19, 0,-0.484
 3, 1,-0.582
 3, 2, 0.474
 4, 2, 1.293
 5, 3,-0.013
 9, 3,-0.782
 5, 4,-0.227
 8, 4, 0.860
25, 4, 0.121
64, 4,-0.954
 9, 5,-0.175
 7, 6, 0.817
 9, 6, 1.573
19, 6, 0.620
 8, 7, 1.212
 9, 7,-1.310
10, 7, 0.101
15, 7, 0.288
20, 7,-0.548
63, 7,-1.225
67, 7, 0.012
 9, 8, 0.760
64, 8, 1.140
15,10,-0.621
67,10,-1.163
12,11,-0.666
13,11, 0.666
14,11, 1.589
26,11, 0.824
44,11, 0.887
69,11, 0.249
13,12,-1.089
66,12,-0.758
70,12,-0.789
14,13, 1.449
15,13, 1.961
20,13,-0.835
67,13, 0.283
17,14,-0.979
22,14,-0.734
20,15,-0.559
67,15,-0.260
18,16,-0.694
22,17,-1.037
19,18, 2.294
21,18, 0.550
23,18, 1.644
24,18,-1.265
20,19, 0.280
21,19, 0.901
21,20,-0.708
22,20,-1.193
22,21, 0.014
24,23, 0.143
27,26,-1.174
29,26, 0.648
41,26,-0.101
44,26,-0.048
29,27,-0.535
41,27,-0.569
38,28,-0.059
31,29, 0.544
41,29, 0.956
31,30,-0.627
32,30,-0.831
33,31, 1.488
42,31,-0.437
33,32,-0.206
35,32, 0.342
34,33, 2.152
35,33, 0.182
42,33,-0.324
35,34,-0.729
36,34,-0.277
37,34,-0.507
43,34,-0.294
49,34,-1.533
36,35, 0.987
38,35, 0.242
39,35,-1.244
38,36, 1.047
39,36,-1.239
39,38,-1.688
41,40, 0.504
42,40, 0.185
43,40, 0.675
71,40, 1.444
77,40,-1.552
42,41,-0.152
44,41, 0.049
69,41,-1.679
72,41, 1.935
43,42,-0.795
49,43,-0.712
74,43,-1.053
79,43,-1.388
69,44, 0.467
46,45, 2.026
47,46, 0.092
48,46, 1.367
48,47,-1.095
54,47,-0.009
61,48, 0.822
64,48, 0.585
50,49, 0.312
79,49, 0.114
52,51, 1.304
81,51, 0.761
82,51,-0.380
83,51,-1.373
84,51, 0.562
53,52, 1.281
68,52, 0.439
81,52,-0.476
84,52,-0.796
59,53, 1.320
62,53,-1.319
65,53,-0.108
66,53,-1.205
68,53,-0.911
81,53, 0.275
55,54,-0.272
56,54,-0.007
58,54, 0.204
60,54, 1.258
61,54,-0.670
56,55,-0.412
57,56,-0.276
58,56,-0.462
58,57,-0.845
59,57,-0.341
59,58, 0.537
60,58,-0.698
60,59, 0.201
62,59,-0.027
81,59, 0.561
61,60,-0.323
63,60,-0.821
64,61,-0.002
63,62, 0.485
65,62,-0.183
66,62,-0.682
64,63, 0.646
67,63,-1.469
66,65, 0.246
68,65,-1.085
67,66, 1.327
68,66, 0.603
70,66,-0.361
70,68, 0.152
73,68,-0.974
70,69, 0.095
72,69, 2.465
73,70, 0.872
72,71, 1.299
73,71,-0.361
75,71, 2.057
77,71, 0.217
73,72,-1.308
76,73, 0.984
84,73,-0.358
79,74,-0.931
76,75, 0.562
77,75, 0.583
78,76,-0.293
80,76, 0.691
82,76,-1.278
83,76,-1.137
84,76,-0.375
79,77, 0.922
80,78, 0.027
81,78,-1.615
82,78,-0.274
81,80, 2.765
82,81,-1.453
83,82,-0.871
84,83,-0.877
 0, 0, 2.754
 1, 1,-0.089
 2, 2, 2.537
 3, 3, 3.013
 4, 4, 3.819
 5, 5, 0.210
 6, 6, 3.327
 7, 7, 3.227
 8, 8, 2.947
 9, 9, 1.846
10,10,-0.324
11,11, 4.431
12,12,-0.184
13,13, 3.182
14,14, 4.133
15,15, 2.305
16,16,-0.977
17,17,-0.685
18,18, 4.887
19,19, 4.222
20,20, 1.443
21,21, 2.755
22,22,-0.173
23,23, 3.729
24,24,-0.096
25,25, 0.493
26,26, 2.221
27,27,-0.592
28,28, 1.774
29,29, 2.349
30,30, 0.340
31,31, 2.063
32,32, 0.444
33,33, 3.273
34,34, 3.967
35,35, 3.989
36,36, 3.330
37,37,-0.598
38,38, 2.743
39,39,-1.601
40,40, 2.793
41,41, 4.824
42,42, 1.489
43,43, 1.922
44,44, 1.999
45,45, 3.621
46,46, 3.639
47,47, 0.284
48,48, 5.000
49,49, 1.834
50,50, 3.273
51,51, 2.374
52,52, 2.913
53,53, 3.072
54,54, 4.629
55,55, 0.300
56,56, 1.576
57,57,-0.036
58,58, 1.292
59,59, 3.951
60,60, 1.930
61,61, 0.800
62,62, 1.270
63,63, 0.280
64,64, 2.757
65,65,-0.090
66,66, 3.111
67,67, 2.103
68,68, 2.332
69,69, 1.970
70,70, 1.924
71,71, 2.939
72,72, 2.541
73,73, 2.557
74,74,-1.123
75,75, 3.436
76,76, 2.942
77,77, 1.721
78,78,-0.043
79,79, 3.748
80,80, 2.515
81,81, 2.673
82,82, 0.205
83,83,-0.672
84,84, 1.269
