from,to,weight
 0, 1, 0.391
 0, 2,-0.947
 0, 4, 0.972
 0, 6,-1.006
 0,26, 0.222
 1,28, 0.517
 2, 4,-1.397
 4, 5, 1.384
 4, 6,-0.156
 5, 6, 1.471
 6, 8, 0.415
 6,26, 0.906
 8, 9,-1.437
 8,10, 0.098
 8,27,-0.423
 9,10,-0.842
 9,16,-1.413
 9,28,-0.437
10,17, 0.644
11,15,-0.559
11,21,-0.430
11,44,-1.098
12,13,-0.532
12,14, 1.769
12,43, 0.832
12,55, 0.486
12,69, 0.470
12,71, 0.483
13,14,-0.879
13,70,-0.805
14,15, 0.441
14,17, 1.851
14,20,-0.407
15,21,-0.933
15,44,-0.260
16,17,-1.201
16,18,-1.548
16,28,-1.174
17,20,-0.100
18,19,-0.912
18,20,-0.783
18,28,-0.779
19,20, 0.636
19,21,-0.032
19,22, 0.743
19,29, 1.287
20,21,-1.292
21,22,-0.195
22,23,-0.129
22,24,-1.245
22,25,-0.036
22,30,-1.104
22,33, 0.166
23,24,-0.121
23,25,-1.469
24,25,-0.181
24,35, 1.176
24,41, 1.228
24,42,-1.170
25,36,-1.308
26,27,-0.782
26,28, 1.704
27,28,-0.144
28,29, 1.076
28,31, 0.966
29,30,-1.038
29,31, 0.530
29,32,-0.719
30,33,-1.363
31,34, 0.493
31,38, 0.266
32,33,-1.221
32,34,-0.807
33,34,-0.297
33,36,-0.590
34,38, 1.866
35,36, 0.167
37,38,-0.363
37,39,-0.048
38,39, 1.099
38,40, 1.099
39,40,-0.564
43,46,-0.590
43,53,-1.195
44,47,-0.497
45,46, 1.527
45,47,-0.433
45,48, 0.276
45,49, 2.559
45,52,-0.591
46,53, 0.233
47,48,-1.587
48,51,-0.668
49,50,-1.313
49,51, 0.795
49,52,-0.329
50,54, 0.070
50,62,-0.955
52,53,-0.655
52,54, 0.286
53,54, 1.133
53,72, 0.316
54,62, 0.038
54,73, 2.851
55,71,-0.554
56,57,-0.398
56,58,-0.055
56,61,-1.621
56,63,-1.464
56,66, 0.777
56,77,-0.738
57,58,-1.301
58,61,-1.670
58,66,-0.450
59,60,-1.319
60,64, 1.600
61,66,-1.596
62,73,-0.940
62,75, 0.746
63,66,-1.514
63,77,-1.493
64,65, 1.326
64,67, 2.365
65,66, 0.271
65,67,-0.863
65,68, 0.215
66,67, 2.962
66,77, 0.646
68,70,-0.783
69,70, 0.281
69,71, 0.243
71,72, 2.553
72,73, 0.223
73,74, 0.594
73,75, 1.526
74,75,-0.351
76,77, 0.979
 1, 0, 0.391
 2, 0,-0.947
 4, 0, 0.972
 6, 0,-1.006
26, 0, 0.222
28, 1, 0.517
 4, 2,-1.397
 5, 4, 1.384
 6, 4,-0.156
 6, 5, 1.471
 8, 6, 0.415
26, 6, 0.906
 9, 8,-1.437
10, 8, 0.098
27, 8,-0.423
10, 9,-0.842
16, 9,-1.413
28, 9,-0.437
17,10, 0.644
15,11,-0.559
21,11,-0.430
44,11,-1.098
13,12,-0.532
14,12, 1.769
43,12, 0.832
55,12, 0.486
69,12, 0.470
71,12, 0.483
14,13,-0.879
70,13,-0.805
15,14, 0.441
17,14, 1.851
20,14,-0.407
21,15,-0.933
44,15,-0.260
17,16,-1.201
18,16,-1.548
28,16,-1.174
20,17,-0.100
19,18,-0.912
20,18,-0.783
28,18,-0.779
20,19, 0.636
21,19,-0.032
22,19, 0.743
29,19, 1.287
21,20,-1.292
22,21,-0.195
23,22,-0.129
24,22,-1.245
25,22,-0.036
30,22,-1.104
33,22, 0.166
24,23,-0.121
25,23,-1.469
25,24,-0.181
35,24, 1.176
41,24, 1.228
42,24,-1.170
36,25,-1.308
27,26,-0.782
28,26, 1.704
28,27,-0.144
29,28, 1.076
31,28, 0.966
30,29,-1.038
31,29, 0.530
32,29,-0.719
33,30,-1.363
34,31, 0.493
38,31, 0.266
33,32,-1.221
34,32,-0.807
34,33,-0.297
36,33,-0.590
38,34, 1.866
36,35, 0.167
38,37,-0.363
39,37,-0.048
39,38, 1.099
40,38, 1.099
40,39,-0.564
46,43,-0.590
53,43,-1.195
47,44,-0.497
46,45, 1.527
47,45,-0.433
48,45, 0.276
49,45, 2.559
52,45,-0.591
53,46, 0.233
48,47,-1.587
51,48,-0.668
50,49,-1.313
51,49, 0.795
52,49,-0.329
54,50, 0.070
62,50,-0.955
53,52,-0.655
54,52, 0.286
54,53, 1.133
72,53, 0.316
62,54, 0.038
73,54, 2.851
71,55,-0.554
57,56,-0.398
58,56,-0.055
61,56,-1.621
63,56,-1.464
66,56, 0.777
77,56,-0.738
58,57,-1.301
61,58,-1.670
66,58,-0.450
60,59,-1.319
64,60, 1.600
66,61,-1.596
73,62,-0.940
75,62, 0.746
66,63,-1.514
77,63,-1.493
65,64, 1.326
67,64, 2.365
66,65, 0.271
67,65,-0.863
68,65, 0.215
67,66, 2.962
77,66, 0.646
70,68,-0.783
70,69, 0.281
71,69, 0.243
72,71, 2.553
73,72, 0.223
74,73, 0.594
75,73, 1.526
75,74,-0.351
77,76, 0.979
 0, 0, 2.311
 1, 1, 1.775
 2, 2,-1.049
 3, 3,-0.090
 4, 4, 3.729
 5, 5, 2.246
 6, 6, 4.325
 7, 7,-0.459
 8, 8, 1.250
 9, 9,-0.799
10,10, 1.033
11,11,-0.310
12,12, 5.000
13,13,-0.208
14,14, 3.741
15,15, 1.623
16,16,-1.055
17,17, 1.924
18,18,-0.521
19,19, 2.955
20,20, 0.813
21,21, 1.231
22,22, 4.379
23,23,-0.339
24,24, 5.000
25,25,-0.247
26,26, 2.389
27,27,-0.140
28,28, 4.945
29,29, 2.135
30,30,-1.089
31,31, 2.323
32,32,-0.881
33,33, 1.271
34,34, 3.595
35,35, 1.903
36,36, 1.653
37,37, 0.342
38,38, 4.359
39,39, 3.198
40,40, 2.854
41,41, 2.525
42,42, 1.103
43,43, 0.139
44,44, 2.146
45,45, 3.192
46,46, 1.748
47,47, 0.772
48,48, 1.704
49,49, 4.451
50,50, 1.888
51,51, 1.371
52,52, 0.776
53,53, 3.131
54,54, 4.334
55,55, 0.647
56,56, 2.271
57,57,-0.186
58,58, 0.370
59,59, 0.511
60,60, 1.934
61,61,-1.644
62,62, 3.440
63,63,-1.439
64,64, 3.608
65,65, 3.114
66,66, 5.000
67,67, 2.934
68,68, 0.216
69,69, 1.917
70,70, 1.451
71,71, 2.611
72,72, 2.537
73,73, 2.913
74,74, 2.125
75,75, 4.428
76,76, 2.243
77,77, 2.607
