from,to,weight
 0,19,-1.477
 1,22,-1.162
 2, 3,-0.420
 2,39,-0.143
 2,65,-1.001
 2,72,-0.191
 3, 4,-1.004
 3, 7, 2.161
 3,24, 0.357
 3,30,-0.159
 3,40,-0.705
 3,74,-1.520
 4,32,-1.181
 4,43,-0.946
 5, 6,-0.998
 5, 7,-0.762
 5,72,-0.927
 6, 7, 2.115
 6, 9, 0.194
 6,12, 0.326
 6,13, 0.482
 6,73, 0.609
 7, 8,-0.569
 7,10,-0.796
 7,24,-0.521
 7,74,-1.475
 8,11,-0.800
 8,25,-0.835
 9,10,-1.545
 9,11,-0.251
 9,12, 0.028
10,11,-0.773
11,16, 1.615
11,25,-1.262
12,13, 0.843
12,14, 0.295
13,14,-0.134
13,73, 2.048
13,78,-0.303
14,78, 0.920
15,17, 0.051
15,20,-1.698
15,23, 0.147
16,17, 2.583
16,25, 0.103
17,18,-0.912
17,21,-0.209
17,26,-1.470
19,20,-0.635
19,22,-0.871
20,21, 0.071
20,23, 1.768
22,23, 1.434
22,28, 1.305
23,24, 0.012
23,26, 0.367
23,27,-1.336
23,29,-0.611
24,25,-0.344
24,26,-0.695
24,27,-1.473
24,30,-0.644
25,26,-0.490
27,31,-1.354
28,29,-1.509
28,33, 0.849
28,58,-0.796
29,31,-0.992
29,34,-1.453
30,31,-1.402
30,32, 0.309
30,35,-1.593
31,36,-0.397
32,38, 0.184
32,43,-0.642
33,34,-1.555
33,36, 1.360
33,37, 0.251
33,58, 1.643
34,36,-1.491
35,36,-1.665
35,38,-1.612
36,37, 0.120
36,38, 1.575
37,38,-0.701
37,41,-0.254
37,59, 0.596
38,43, 1.422
39,40,-0.915
39,43, 1.380
39,44,-1.079
39,61, 1.433
39,65, 1.153
40,43,-0.794
41,42,-0.599
41,43,-0.960
41,59,-0.532
42,43, 0.627
42,44,-1.578
42,45, 0.168
42,48,-0.934
42,60,-1.081
43,44,-0.390
44,46,-1.286
44,62,-0.785
45,46,-0.144
45,48, 0.750
46,62,-0.336
47,48,-0.612
47,50,-1.495
47,51, 0.605
47,59, 0.047
48,49, 1.864
48,50,-0.036
48,60, 1.470
49,50,-0.956
49,51, 1.950
49,53,-0.934
49,54,-0.751
50,51,-0.434
52,53,-1.172
52,54,-1.578
53,54,-0.287
53,55, 2.324
55,56, 0.167
57,58, 0.484
59,60, 0.620
61,62, 0.966
61,65, 0.064
61,68, 1.618
62,63,-0.600
62,69,-1.093
64,70,-0.580
65,68, 0.502
65,72, 0.098
66,67,-1.327
66,68,-1.279
66,69,-1.506
67,68, 2.195
67,69, 0.153
67,70, 1.488
67,71,-0.984
67,75, 1.171
68,69, 0.973
68,72, 0.611
69,70, 0.752
71,72,-0.156
71,73, 0.234
71,75, 0.051
72,73, 0.786
72,74,-1.445
73,76, 1.560
73,78, 0.271
75,76,-1.112
76,77,-1.314
76,78,-0.330
77,78,-1.126
19, 0,-1.477
22, 1,-1.162
 3, 2,-0.420
39, 2,-0.143
65, 2,-1.001
72, 2,-0.191
 4, 3,-1.004
 7, 3, 2.161
24, 3, 0.357
30, 3,-0.159
40, 3,-0.705
74, 3,-1.520
32, 4,-1.181
43, 4,-0.946
 6, 5,-0.998
 7, 5,-0.762
72, 5,-0.927
 7, 6, 2.115
 9, 6, 0.194
12, 6, 0.326
13, 6, 0.482
73, 6, 0.609
 8, 7,-0.569
10, 7,-0.796
24, 7,-0.521
74, 7,-1.475
11, 8,-0.800
25, 8,-0.835
10, 9,-1.545
11, 9,-0.251
12, 9, 0.028
11,10,-0.773
16,11, 1.615
25,11,-1.262
13,12, 0.843
14,12, 0.295
14,13,-0.134
73,13, 2.048
78,13,-0.303
78,14, 0.920
17,15, 0.051
20,15,-1.698
23,15, 0.147
17,16, 2.583
25,16, 0.103
18,17,-0.912
21,17,-0.209
26,17,-1.470
20,19,-0.635
22,19,-0.871
21,20, 0.071
23,20, 1.768
23,22, 1.434
28,22, 1.305
24,23, 0.012
26,23, 0.367
27,23,-1.336
29,23,-0.611
25,24,-0.344
26,24,-0.695
27,24,-1.473
30,24,-0.644
26,25,-0.490
31,27,-1.354
29,28,-1.509
33,28, 0.849
58,28,-0.796
31,29,-0.992
34,29,-1.453
31,30,-1.402
32,30, 0.309
35,30,-1.593
36,31,-0.397
38,32, 0.184
43,32,-0.642
34,33,-1.555
36,33, 1.360
37,33, 0.251
58,33, 1.643
36,34,-1.491
36,35,-1.665
38,35,-1.612
37,36, 0.120
38,36, 1.575
38,37,-0.701
41,37,-0.254
59,37, 0.596
43,38, 1.422
40,39,-0.915
43,39, 1.380
44,39,-1.079
61,39, 1.433
65,39, 1.153
43,40,-0.794
42,41,-0.599
43,41,-0.960
59,41,-0.532
43,42, 0.627
44,42,-1.578
45,42, 0.168
48,42,-0.934
60,42,-1.081
44,43,-0.390
46,44,-1.286
62,44,-0.785
46,45,-0.144
48,45, 0.750
62,46,-0.336
48,47,-0.612
50,47,-1.495
51,47, 0.605
59,47, 0.047
49,48, 1.864
50,48,-0.036
60,48, 1.470
50,49,-0.956
51,49, 1.950
53,49,-0.934
54,49,-0.751
51,50,-0.434
53,52,-1.172
54,52,-1.578
54,53,-0.287
55,53, 2.324
56,55, 0.167
58,57, 0.484
60,59, 0.620
62,61, 0.966
65,61, 0.064
68,61, 1.618
63,62,-0.600
69,62,-1.093
70,64,-0.580
68,65, 0.502
72,65, 0.098
67,66,-1.327
68,66,-1.279
69,66,-1.506
68,67, 2.195
69,67, 0.153
70,67, 1.488
71,67,-0.984
75,67, 1.171
69,68, 0.973
72,68, 0.611
70,69, 0.752
72,71,-0.156
73,71, 0.234
75,71, 0.051
73,72, 0.786
74,72,-1.445
76,73, 1.560
78,73, 0.271
76,75,-1.112
77,76,-1.314
78,76,-0.330
78,77,-1.126
 0, 0,-0.375
 1, 1,-0.591
 2, 2, 0.407
 3, 3, 3.403
 4, 4,-0.958
 5, 5,-0.780
 6, 6, 3.539
 7, 7, 3.381
 8, 8,-0.597
 9, 9, 1.874
10,10,-1.126
11,11, 3.369
12,12, 3.363
13,13, 2.995
14,14, 2.296
15,15,-0.740
16,16, 3.840
17,17, 3.830
18,18,-1.273
19,19, 0.047
20,20, 2.540
21,21, 0.118
22,22, 2.062
23,23, 4.601
24,24, 1.982
25,25, 0.684
26,26,-0.179
27,27,-1.352
28,28, 1.280
29,29,-0.848
30,30,-0.077
31,31,-0.702
32,32, 0.407
33,33, 2.427
34,34,-1.481
35,35,-1.624
36,36, 2.532
37,37, 2.170
38,38, 1.920
39,39, 3.853
40,40,-0.686
41,41, 0.321
42,42, 1.021
43,43, 4.365
44,44,-0.184
45,45, 0.862
46,46,-0.493
47,47, 1.999
48,48, 4.114
49,49, 4.856
50,50,-0.294
51,51, 4.671
52,52,-1.093
53,53, 2.757
54,54,-0.422
55,55, 3.991
56,56, 0.545
57,57, 0.454
58,58, 4.016
59,59, 2.159
60,60, 0.919
61,61, 3.459
62,62, 2.900
63,63,-0.089
64,64, 1.301
65,65, 2.069
66,66,-1.360
67,67, 4.349
68,68, 4.741
69,69, 2.520
70,70, 3.499
71,71, 0.868
72,72, 2.865
73,73, 4.517
74,74,-1.427
75,75, 2.943
76,76, 2.860
77,77,-1.146
78,78, 3.038
