from,to,weight
 0, 1, 1.056
 0,26,-1.172
 0,35, 1.152
 1, 2, 0.548
 1, 3,-0.181
 1,10, 1.627
 1,27,-0.184
 2, 3,-0.321
 2, 4, 0.499
 2, 5,-0.973
 3, 7, 0.177
 3,14,-1.626
 4, 5, 0.566
 5, 7, 0.857
 6, 7, 0.611
 6, 8, 1.026
 7, 9, 0.834
 7,14,-0.269
 8, 9, 0.730
 8,13, 1.585
 8,36, 1.523
 8,55, 0.119
 8,75,-0.011
 9,14,-0.229
10,12,-1.061
10,14, 2.403
10,27, 2.225
11,12,-1.048
11,15,-1.373
11,73,-1.111
12,13, 1.442
12,14,-1.097
12,16, 1.656
12,22, 0.011
12,28,-0.191
12,74,-1.492
13,14, 1.455
13,75, 0.576
15,16,-1.362
15,73,-1.350
15,77,-1.016
16,22, 0.226
16,78,-0.531
17,21,-1.271
17,25,-1.344
18,19, 0.164
18,20, 1.013
18,21, 1.313
18,38, 1.629
18,54, 0.701
18,81,-0.095
19,20,-0.948
19,77,-0.136
19,82,-0.563
20,21, 0.578
20,22, 2.269
20,78,-0.068
21,23,-0.418
21,25, 0.028
22,23,-1.632
22,28,-0.714
22,78,-0.023
23,25,-0.983
23,33,-0.726
24,25,-0.951
24,31,-0.836
25,33, 0.081
26,27, 1.384
26,31, 0.584
26,34, 1.094
26,35,-0.382
27,28,-1.417
27,29, 0.031
27,30,-0.992
27,31,-0.085
28,29,-0.169
28,31,-0.457
28,33,-0.296
29,30,-1.442
29,31,-0.960
30,31,-0.887
31,32,-1.169
31,33, 0.604
34,35, 2.043
36,37,-0.365
36,55,-0.632
38,39,-1.302
38,40, 1.147
38,51, 0.097
38,54,-0.184
39,40,-0.902
39,51,-1.027
40,41, 1.218
40,51, 1.201
41,42,-0.486
41,43, 1.046
41,52,-0.485
42,45, 0.160
43,44, 1.474
43,45, 0.716
44,45,-0.748
44,46, 0.293
44,48, 2.400
45,46, 0.930
45,49,-0.452
46,47,-0.393
46,48,-1.337
46,49,-0.004
47,48,-0.548
50,51, 1.014
50,52,-0.558
50,53, 0.406
50,83, 1.102
51,52,-1.321
51,54,-0.784
51,84, 0.196
54,81,-0.796
55,60, 0.635
55,75,-1.228
56,57,-1.286
56,58, 1.520
58,59, 1.026
58,60, 1.748
59,60,-0.252
59,64, 1.036
60,72,-0.614
60,75, 0.960
61,62, 1.469
61,88, 0.075
61,89,-1.426
61,90,-1.423
61,91, 1.267
61,93,-1.294
62,63, 1.177
62,76,-1.619
62,79, 0.702
62,89,-0.867
62,93, 0.401
63,70, 1.042
63,73,-1.328
63,76, 0.548
63,77,-1.297
63,89, 0.021
64,65,-0.227
64,66,-0.145
64,67,-0.168
64,69,-0.035
64,71, 0.911
64,72,-1.383
65,66,-1.174
66,67,-0.007
67,68, 0.309
67,69,-0.571
68,69,-0.550
68,70,-0.075
69,70, 0.715
69,71,-1.545
70,71,-0.658
70,73, 0.212
70,89,-0.877
71,72,-1.277
71,74,-0.164
72,75,-0.650
73,74, 0.853
73,76, 0.051
73,77,-0.708
74,75, 1.034
76,77, 0.452
76,79,-0.500
77,78, 1.129
77,79, 0.826
77,82,-0.533
79,82, 1.504
79,93,-0.609
80,81,-0.895
80,82,-1.026
80,83,-0.530
81,82,-0.255
81,84, 0.410
82,85, 1.802
82,92,-1.003
82,93,-1.471
83,84,-0.084
83,85,-0.320
83,86, 1.567
85,87, 1.954
85,91,-0.505
85,92, 0.127
86,87,-1.161
87,88, 0.837
87,90,-1.419
87,91,-0.338
88,89, 0.156
90,91,-1.240
91,92,-0.431
91,93,-0.057
92,93,-0.616
 1, 0, 1.056
26, 0,-1.172
35, 0, 1.152
 2, 1, 0.548
 3, 1,-0.181
10, 1, 1.627
27, 1,-0.184
 3, 2,-0.321
 4, 2, 0.499
 5, 2,-0.973
 7, 3, 0.177
14, 3,-1.626
 5, 4, 0.566
 7, 5, 0.857
 7, 6, 0.611
 8, 6, 1.026
 9, 7, 0.834
14, 7,-0.269
 9, 8, 0.730
13, 8, 1.585
36, 8, 1.523
55, 8, 0.119
75, 8,-0.011
14, 9,-0.229
12,10,-1.061
14,10, 2.403
27,10, 2.225
12,11,-1.048
15,11,-1.373
73,11,-1.111
13,12, 1.442
14,12,-1.097
16,12, 1.656
22,12, 0.011
28,12,-0.191
74,12,-1.492
14,13, 1.455
75,13, 0.576
16,15,-1.362
73,15,-1.350
77,15,-1.016
22,16, 0.226
78,16,-0.531
21,17,-1.271
25,17,-1.344
19,18, 0.164
20,18, 1.013
21,18, 1.313
38,18, 1.629
54,18, 0.701
81,18,-0.095
20,19,-0.948
77,19,-0.136
82,19,-0.563
21,20, 0.578
22,20, 2.269
78,20,-0.068
23,21,-0.418
25,21, 0.028
23,22,-1.632
28,22,-0.714
78,22,-0.023
25,23,-0.983
33,23,-0.726
25,24,-0.951
31,24,-0.836
33,25, 0.081
27,26, 1.384
31,26, 0.584
34,26, 1.094
35,26,-0.382
28,27,-1.417
29,27, 0.031
30,27,-0.992
31,27,-0.085
29,28,-0.169
31,28,-0.457
33,28,-0.296
30,29,-1.442
31,29,-0.960
31,30,-0.887
32,31,-1.169
33,31, 0.604
35,34, 2.043
37,36,-0.365
55,36,-0.632
39,38,-1.302
40,38, 1.147
51,38, 0.097
54,38,-0.184
40,39,-0.902
51,39,-1.027
41,40, 1.218
51,40, 1.201
42,41,-0.486
43,41, 1.046
52,41,-0.485
45,42, 0.160
44,43, 1.474
45,43, 0.716
45,44,-0.748
46,44, 0.293
48,44, 2.400
46,45, 0.930
49,45,-0.452
47,46,-0.393
48,46,-1.337
49,46,-0.004
48,47,-0.548
51,50, 1.014
52,50,-0.558
53,50, 0.406
83,50, 1.102
52,51,-1.321
54,51,-0.784
84,51, 0.196
81,54,-0.796
60,55, 0.635
75,55,-1.228
57,56,-1.286
58,56, 1.520
59,58, 1.026
60,58, 1.748
60,59,-0.252
64,59, 1.036
72,60,-0.614
75,60, 0.960
62,61, 1.469
88,61, 0.075
89,61,-1.426
90,61,-1.423
91,61, 1.267
93,61,-1.294
63,62, 1.177
76,62,-1.619
79,62, 0.702
89,62,-0.867
93,62, 0.401
70,63, 1.042
73,63,-1.328
76,63, 0.548
77,63,-1.297
89,63, 0.021
65,64,-0.227
66,64,-0.145
67,64,-0.168
69,64,-0.035
71,64, 0.911
72,64,-1.383
66,65,-1.174
67,66,-0.007
68,67, 0.309
69,67,-0.571
69,68,-0.550
70,68,-0.075
70,69, 0.715
71,69,-1.545
71,70,-0.658
73,70, 0.212
89,70,-0.877
72,71,-1.277
74,71,-0.164
75,72,-0.650
74,73, 0.853
76,73, 0.051
77,73,-0.708
75,74, 1.034
77,76, 0.452
79,76,-0.500
78,77, 1.129
79,77, 0.826
82,77,-0.533
82,79, 1.504
93,79,-0.609
81,80,-0.895
82,80,-1.026
83,80,-0.530
82,81,-0.255
84,81, 0.410
85,82, 1.802
92,82,-1.003
93,82,-1.471
84,83,-0.084
85,83,-0.320
86,83, 1.567
87,85, 1.954
91,85,-0.505
92,85, 0.127
87,86,-1.161
88,87, 0.837
90,87,-1.419
91,87,-0.338
89,88, 0.156
91,90,-1.240
92,91,-0.431
93,91,-0.057
93,92,-0.616
 0, 0, 2.346
 1, 1, 3.925
 2, 2, 1.719
 3, 3, 0.440
 4, 4, 2.553
 5, 5, 0.953
 6, 6, 3.044
 7, 7, 4.055
 8, 8, 4.655
 9, 9, 1.142
10,10, 3.749
11,11,-1.101
12,12, 2.636
13,13, 3.343
14,14, 2.390
15,15,-0.926
16,16, 0.775
17,17,-1.435
18,18, 5.000
19,19, 0.609
20,20, 2.781
21,21, 2.870
22,22, 2.884
23,23,-0.749
24,24,-0.909
25,25, 2.097
26,26, 3.361
27,27, 4.070
28,28, 1.462
29,29, 0.007
30,30,-1.071
31,31, 3.354
32,32,-1.462
33,33, 1.028
34,34, 3.154
35,35, 5.000
36,36, 2.740
37,37, 0.139
38,38, 3.035
39,39,-1.022
40,40, 2.870
41,41, 2.506
42,42, 1.295
43,43, 1.941
44,44, 4.515
45,45, 3.144
46,46, 2.692
47,47,-0.732
48,48, 2.843
49,49, 1.408
50,50, 3.300
51,51, 3.880
52,52,-0.631
53,53, 1.054
54,54, 1.578
55,55, 0.596
56,56, 2.240
57,57,-0.315
58,58, 4.702
59,59, 1.830
60,60, 5.000
61,61, 2.224
62,62, 2.994
63,63, 2.946
64,64, 3.951
65,65,-0.288
66,66, 1.236
67,67, 1.590
68,68, 1.501
69,69, 0.873
70,70, 3.519
71,71, 0.639
72,72,-0.789
73,73, 1.855
74,74, 0.746
75,75, 2.887
76,76, 0.004
77,77, 3.717
78,78, 1.242
79,79, 2.841
80,80,-0.640
81,81, 1.286
82,82, 2.542
83,83, 2.887
84,84, 0.830
85,85, 3.121
86,86, 2.353
87,87, 2.414
88,88, 1.132
89,89, 0.651
90,90,-1.198
91,91, 2.305
92,92, 0.116
93,93, 1.038
