from,to,weight
 0, 1, 1.145
 0, 2, 0.579
 0,22, 0.192
 1, 3,-1.441
 1, 4, 0.738
 1,10,-0.291
 2, 3,-0.354
 3, 4, 0.173
 4, 5, 0.832
 4, 6, 0.156
 4, 7,-0.062
 4,10,-0.235
 5, 6, 1.235
 6, 9, 1.336
 7, 9,-0.126
 7,10, 0.285
 8, 9, 2.821
 8,13, 1.226
 8,27, 0.986
 8,33, 0.351
 8,76,-0.022
 9,14,-1.070
10,12, 0.269
10,14,-0.375
10,23, 0.399
11,12,-1.153
11,15,-1.289
11,74,-1.392
11,78,-1.545
12,13, 0.887
12,14,-1.173
12,16, 0.331
12,21,-0.355
12,24, 1.331
12,75,-0.980
12,79,-0.430
13,14,-0.363
13,76,-0.257
15,74,-1.076
15,78,-0.895
16,21,-0.611
16,79,-1.019
17,18, 0.568
17,19, 0.915
17,20,-0.061
17,29, 0.149
17,32,-1.166
17,82,-0.464
18,19,-1.312
18,78, 0.534
18,83,-0.385
19,20,-1.082
19,21, 1.114
19,79,-0.846
21,24,-0.878
21,79,-0.342
22,25,-0.576
23,24,-1.376
23,25,-0.651
24,25,-1.165
24,26, 0.885
25,26, 0.888
27,28, 0.395
27,33, 0.222
27,60, 0.262
27,61,-1.363
28,58,-1.267
28,61,-0.062
29,30,-1.013
30,32, 0.090
33,34, 0.271
33,58,-0.241
33,60, 0.904
33,76,-1.323
34,58,-0.451
34,73,-1.368
34,76, 0.095
35,36,-0.105
35,48,-0.360
35,57,-0.300
35,65, 0.713
36,42, 0.280
36,49,-0.650
36,66,-0.490
38,40, 0.340
38,90,-0.949
39,40, 0.823
39,41, 0.754
39,45, 2.462
41,46,-1.366
42,43, 0.271
42,45, 0.844
42,49,-0.304
43,44, 0.188
43,45,-1.180
43,50,-0.229
44,45, 0.891
44,46,-1.410
44,51,-0.338
45,46,-1.622
47,48,-0.624
47,50, 0.671
47,52, 1.543
47,54, 2.009
47,56, 0.865
48,49,-0.829
48,50,-1.160
48,57,-0.410
49,50, 0.361
50,51,-0.789
50,52, 0.532
51,52,-0.796
52,53,-0.981
54,56, 1.476
55,56,-1.563
55,59,-1.531
56,57, 0.656
56,59, 2.564
57,58, 1.559
57,59,-1.638
57,65, 0.233
58,59, 4.121
58,60, 2.027
58,61,-1.571
58,73, 0.348
60,61, 0.082
62,63, 0.914
62,87,-1.115
62,88,-0.048
62,89,-1.473
62,91, 0.782
63,64, 1.059
63,80, 0.786
63,89,-0.909
63,91,-0.608
63,93,-0.792
64,71, 1.113
64,74,-1.323
64,77, 0.061
64,80,-0.597
64,89, 0.006
65,66, 0.262
65,67,-0.124
65,68, 0.418
65,70, 0.036
65,72, 0.892
65,73,-1.682
66,67, 0.235
67,68,-0.099
68,69,-1.073
68,70,-0.459
69,70,-1.600
69,71,-1.076
70,71, 0.639
70,72,-1.579
71,72,-1.217
71,74,-0.024
71,89,-0.447
72,73,-0.957
72,75, 0.193
73,76, 0.076
74,75, 1.125
74,77, 0.343
74,78,-0.774
75,76, 0.823
77,78, 0.947
77,80,-1.280
78,79, 1.217
78,80, 0.985
78,83,-0.477
80,83, 1.699
80,92,-1.694
80,93,-1.156
81,82,-0.560
81,83,-0.652
81,84,-0.041
82,83,-0.832
83,85, 1.887
83,92,-1.207
84,85,-0.273
84,86, 0.517
85,87, 1.885
85,91, 0.173
85,92,-0.648
86,87,-0.576
87,88, 1.111
87,91,-0.265
88,89, 0.571
91,92,-1.236
91,93,-1.126
92,93,-1.292
 1, 0, 1.145
 2, 0, 0.579
22, 0, 0.192
 3, 1,-1.441
 4, 1, 0.738
10, 1,-0.291
 3, 2,-0.354
 4, 3, 0.173
 5, 4, 0.832
 6, 4, 0.156
 7, 4,-0.062
10, 4,-0.235
 6, 5, 1.235
 9, 6, 1.336
 9, 7,-0.126
10, 7, 0.285
 9, 8, 2.821
13, 8, 1.226
27, 8, 0.986
33, 8, 0.351
76, 8,-0.022
14, 9,-1.070
12,10, 0.269
14,10,-0.375
23,10, 0.399
12,11,-1.153
15,11,-1.289
74,11,-1.392
78,11,-1.545
13,12, 0.887
14,12,-1.173
16,12, 0.331
21,12,-0.355
24,12, 1.331
75,12,-0.980
79,12,-0.430
14,13,-0.363
76,13,-0.257
74,15,-1.076
78,15,-0.895
21,16,-0.611
79,16,-1.019
18,17, 0.568
19,17, 0.915
20,17,-0.061
29,17, 0.149
32,17,-1.166
82,17,-0.464
19,18,-1.312
78,18, 0.534
83,18,-0.385
20,19,-1.082
21,19, 1.114
79,19,-0.846
24,21,-0.878
79,21,-0.342
25,22,-0.576
24,23,-1.376
25,23,-0.651
25,24,-1.165
26,24, 0.885
26,25, 0.888
28,27, 0.395
33,27, 0.222
60,27, 0.262
61,27,-1.363
58,28,-1.267
61,28,-0.062
30,29,-1.013
32,30, 0.090
34,33, 0.271
58,33,-0.241
60,33, 0.904
76,33,-1.323
58,34,-0.451
73,34,-1.368
76,34, 0.095
36,35,-0.105
48,35,-0.360
57,35,-0.300
65,35, 0.713
42,36, 0.280
49,36,-0.650
66,36,-0.490
40,38, 0.340
90,38,-0.949
40,39, 0.823
41,39, 0.754
45,39, 2.462
46,41,-1.366
43,42, 0.271
45,42, 0.844
49,42,-0.304
44,43, 0.188
45,43,-1.180
50,43,-0.229
45,44, 0.891
46,44,-1.410
51,44,-0.338
46,45,-1.622
48,47,-0.624
50,47, 0.671
52,47, 1.543
54,47, 2.009
56,47, 0.865
49,48,-0.829
50,48,-1.160
57,48,-0.410
50,49, 0.361
51,50,-0.789
52,50, 0.532
52,51,-0.796
53,52,-0.981
56,54, 1.476
56,55,-1.563
59,55,-1.531
57,56, 0.656
59,56, 2.564
58,57, 1.559
59,57,-1.638
65,57, 0.233
59,58, 4.121
60,58, 2.027
61,58,-1.571
73,58, 0.348
61,60, 0.082
63,62, 0.914
87,62,-1.115
88,62,-0.048
89,62,-1.473
91,62, 0.782
64,63, 1.059
80,63, 0.786
89,63,-0.909
91,63,-0.608
93,63,-0.792
71,64, 1.113
74,64,-1.323
77,64, 0.061
80,64,-0.597
89,64, 0.006
66,65, 0.262
67,65,-0.124
68,65, 0.418
70,65, 0.036
72,65, 0.892
73,65,-1.682
67,66, 0.235
68,67,-0.099
69,68,-1.073
70,68,-0.459
70,69,-1.600
71,69,-1.076
71,70, 0.639
72,70,-1.579
72,71,-1.217
74,71,-0.024
89,71,-0.447
73,72,-0.957
75,72, 0.193
76,73, 0.076
75,74, 1.125
77,74, 0.343
78,74,-0.774
76,75, 0.823
78,77, 0.947
80,77,-1.280
79,78, 1.217
80,78, 0.985
83,78,-0.477
83,80, 1.699
92,80,-1.694
93,80,-1.156
82,81,-0.560
83,81,-0.652
84,81,-0.041
83,82,-0.832
85,83, 1.887
92,83,-1.207
85,84,-0.273
86,84, 0.517
87,85, 1.885
91,85, 0.173
92,85,-0.648
87,86,-0.576
88,87, 1.111
91,87,-0.265
89,88, 0.571
92,91,-1.236
93,91,-1.126
93,92,-1.292
 0, 0, 3.376
 1, 1, 1.395
 2, 2, 1.362
 3, 3, 0.115
 4, 4, 3.628
 5, 5, 2.585
 6, 6, 2.928
 7, 7, 0.439
 8, 8, 3.568
 9, 9, 2.559
10,10, 3.116
11,11,-1.107
12,12, 4.129
13,13, 1.970
14,14,-0.104
15,15,-0.954
16,16,-0.085
17,17, 5.000
18,18, 0.797
19,19, 1.460
20,20, 0.566
21,21, 1.630
22,22, 1.615
23,23, 0.283
24,24, 1.520
25,25, 1.423
26,26, 3.197
27,27, 2.996
28,28, 1.540
29,29,-0.254
30,30, 2.502
31,31, 0.312
32,32, 2.314
33,33, 3.076
34,34, 0.444
35,35, 1.358
36,36, 1.140
37,37, 2.785
38,38, 1.503
39,39, 3.067
40,40, 0.529
41,41, 1.757
42,42, 2.768
43,43, 0.308
44,44, 2.836
45,45, 2.403
46,46,-1.374
47,47, 3.341
48,48, 0.535
49,49, 0.545
50,50, 2.519
51,51,-0.312
52,52, 2.780
53,53,-0.900
54,54, 1.694
55,55,-1.599
56,56, 5.000
57,57, 2.819
58,58, 5.000
59,59, 2.919
60,60, 2.471
61,61,-0.695
62,62, 1.374
63,63, 2.784
64,64, 2.928
65,65, 4.297
66,66, 1.374
67,67, 2.468
68,68, 2.257
69,69,-1.335
70,70, 0.437
71,71, 2.551
72,72, 0.661
73,73, 0.226
74,74, 1.861
75,75, 1.403
76,76, 2.668
77,77, 0.241
78,78, 4.207
79,79, 1.362
80,80, 2.830
81,81,-0.009
82,82, 0.120
83,83, 2.450
84,84, 2.347
85,85, 3.116
86,86, 2.416
87,87, 2.768
88,88, 1.538
89,89, 1.123
90,90, 0.210
91,91, 1.723
92,92,-0.604
93,93,-0.610
