from,to,weight
 0, 6,-1.279
 0,19, 0.623
 1, 3, 0.345
 2, 3, 0.111
 2, 4, 1.053
 3, 5, 0.513
 3,10,-0.906
 4, 5, 0.668
 4, 9, 1.657
 4,20, 1.406
 4,31, 0.246
 4,73,-0.115
 5,10,-0.197
 6, 8,-0.661
 6,10, 1.851
 6,19, 1.376
 7, 8,-0.552
 7, 9,-1.651
 7,11,-0.857
 7,71,-0.842
 7,75,-1.431
 8, 9, 1.761
 8,10,-1.690
 8,12, 0.037
 8,17,-0.012
 8,76,-1.562
 9,10, 1.071
 9,73, 0.804
11,71,-1.453
11,75,-0.671
12,17,-0.469
12,76,-1.188
13,14, 0.107
13,15, 0.791
13,22, 0.838
13,30,-0.594
13,79,-0.442
14,15,-0.297
14,75, 0.977
14,80, 0.623
15,16,-0.106
15,17, 1.772
15,76,-0.782
17,76,-0.387
18,19, 1.462
20,21,-0.143
20,31,-0.023
20,58,-0.185
22,23, 0.137
22,29,-0.730
23,24, 1.050
23,29, 1.425
24,25,-0.556
24,29,-1.395
25,26, 0.318
28,29, 0.323
28,81, 1.194
28,86,-1.702
29,82, 0.197
31,32,-0.816
31,56, 1.001
31,58,-1.558
31,73,-1.047
32,56,-0.865
32,70,-1.634
32,73,-0.477
33,34,-0.395
33,47,-0.929
33,55,-0.391
33,63, 0.545
34,41, 0.292
34,48,-0.587
34,64,-0.125
36,37,-0.593
36,38,-0.310
37,39, 1.077
37,95, 0.429
38,39, 1.330
38,40, 0.374
38,44, 2.409
39,95,-0.760
40,45,-0.636
41,42, 0.252
41,44, 0.849
41,48,-0.277
42,43, 0.161
42,44,-1.202
42,49,-0.397
43,44, 0.782
43,45,-0.572
43,50, 0.060
44,45,-1.002
46,47,-1.357
46,49, 0.455
46,51, 1.268
46,53, 0.514
46,54, 1.544
47,48,-0.879
47,49,-1.206
47,55,-0.569
48,49, 0.458
49,50,-0.745
49,51, 0.398
50,51,-0.711
51,52, 0.040
53,54, 0.116
54,55, 0.714
54,56,-0.089
54,57, 1.414
55,56, 0.187
55,63, 0.264
56,57, 2.389
56,58,-0.264
56,70, 0.974
60,61, 1.181
60,94, 0.273
60,97,-1.600
60,98, 0.622
61,62, 1.279
61,77, 0.833
61,94,-0.764
61,98,-0.388
62,68, 1.445
62,71,-1.335
62,74,-1.039
62,75,-0.872
62,77,-0.543
62,94, 0.016
63,64, 0.938
63,65,-0.223
63,66, 0.590
63,67,-0.286
63,68,-1.435
63,69, 0.805
63,70,-0.947
64,65, 0.586
65,66,-0.008
65,88, 0.406
66,67,-0.861
66,68,-1.588
67,68, 0.126
68,69,-0.839
68,71,-0.361
68,94, 0.164
69,70,-1.175
69,72,-0.025
70,73, 1.047
71,72, 0.236
71,73,-1.432
71,74,-0.135
71,75,-0.656
72,73, 0.714
74,75, 0.065
74,77,-1.533
75,76, 0.473
75,77, 1.581
75,80,-1.511
77,80, 1.712
78,79,-1.182
78,80,-1.109
78,81,-0.771
79,80,-0.034
79,82, 0.071
80,83, 1.654
81,82, 0.527
81,83,-0.162
81,84, 2.134
81,86,-0.121
83,85, 1.062
83,98, 0.129
84,85,-0.199
84,86, 1.305
84,90,-0.026
85,91, 1.236
85,97,-1.535
85,98,-0.285
86,87, 1.263
86,90,-1.399
89,90,-1.163
91,94, 2.310
93,95,-0.713
97,98,-1.060
 6, 0,-1.279
19, 0, 0.623
 3, 1, 0.345
 3, 2, 0.111
 4, 2, 1.053
 5, 3, 0.513
10, 3,-0.906
 5, 4, 0.668
 9, 4, 1.657
20, 4, 1.406
31, 4, 0.246
73, 4,-0.115
10, 5,-0.197
 8, 6,-0.661
10, 6, 1.851
19, 6, 1.376
 8, 7,-0.552
 9, 7,-1.651
11, 7,-0.857
71, 7,-0.842
75, 7,-1.431
 9, 8, 1.761
10, 8,-1.690
12, 8, 0.037
17, 8,-0.012
76, 8,-1.562
10, 9, 1.071
73, 9, 0.804
71,11,-1.453
75,11,-0.671
17,12,-0.469
76,12,-1.188
14,13, 0.107
15,13, 0.791
22,13, 0.838
30,13,-0.594
79,13,-0.442
15,14,-0.297
75,14, 0.977
80,14, 0.623
16,15,-0.106
17,15, 1.772
76,15,-0.782
76,17,-0.387
19,18, 1.462
21,20,-0.143
31,20,-0.023
58,20,-0.185
23,22, 0.137
29,22,-0.730
24,23, 1.050
29,23, 1.425
25,24,-0.556
29,24,-1.395
26,25, 0.318
29,28, 0.323
81,28, 1.194
86,28,-1.702
82,29, 0.197
32,31,-0.816
56,31, 1.001
58,31,-1.558
73,31,-1.047
56,32,-0.865
70,32,-1.634
73,32,-0.477
34,33,-0.395
47,33,-0.929
55,33,-0.391
63,33, 0.545
41,34, 0.292
48,34,-0.587
64,34,-0.125
37,36,-0.593
38,36,-0.310
39,37, 1.077
95,37, 0.429
39,38, 1.330
40,38, 0.374
44,38, 2.409
95,39,-0.760
45,40,-0.636
42,41, 0.252
44,41, 0.849
48,41,-0.277
43,42, 0.161
44,42,-1.202
49,42,-0.397
44,43, 0.782
45,43,-0.572
50,43, 0.060
45,44,-1.002
47,46,-1.357
49,46, 0.455
51,46, 1.268
53,46, 0.514
54,46, 1.544
48,47,-0.879
49,47,-1.206
55,47,-0.569
49,48, 0.458
50,49,-0.745
51,49, 0.398
51,50,-0.711
52,51, 0.040
54,53, 0.116
55,54, 0.714
56,54,-0.089
57,54, 1.414
56,55, 0.187
63,55, 0.264
57,56, 2.389
58,56,-0.264
70,56, 0.974
61,60, 1.181
94,60, 0.273
97,60,-1.600
98,60, 0.622
62,61, 1.279
77,61, 0.833
94,61,-0.764
98,61,-0.388
68,62, 1.445
71,62,-1.335
74,62,-1.039
75,62,-0.872
77,62,-0.543
94,62, 0.016
64,63, 0.938
65,63,-0.223
66,63, 0.590
67,63,-0.286
68,63,-1.435
69,63, 0.805
70,63,-0.947
65,64, 0.586
66,65,-0.008
88,65, 0.406
67,66,-0.861
68,66,-1.588
68,67, 0.126
69,68,-0.839
71,68,-0.361
94,68, 0.164
70,69,-1.175
72,69,-0.025
73,70, 1.047
72,71, 0.236
73,71,-1.432
74,71,-0.135
75,71,-0.656
73,72, 0.714
75,74, 0.065
77,74,-1.533
76,75, 0.473
77,75, 1.581
80,75,-1.511
80,77, 1.712
79,78,-1.182
80,78,-1.109
81,78,-0.771
80,79,-0.034
82,79, 0.071
83,80, 1.654
82,81, 0.527
83,81,-0.162
84,81, 2.134
86,81,-0.121
85,83, 1.062
98,83, 0.129
85,84,-0.199
86,84, 1.305
90,84,-0.026
91,85, 1.236
97,85,-1.535
98,85,-0.285
87,86, 1.263
90,86,-1.399
90,89,-1.163
94,91, 2.310
95,93,-0.713
98,97,-1.060
 0, 0, 1.526
 1, 1, 0.212
 2, 2, 1.565
 3, 3, 3.618
 4, 4, 4.830
 5, 5, 0.945
 6, 6, 2.506
 7, 7,-0.359
 8, 8, 2.630
 9, 9, 3.525
10,10, 1.403
11,11,-0.901
12,12,-0.568
13,13, 4.423
14,14, 1.141
15,15, 3.469
16,16, 0.888
17,17, 1.901
18,18, 2.613
19,19, 3.185
20,20, 2.925
21,21, 0.246
22,22, 0.959
23,23, 3.143
24,24, 1.020
25,25, 1.073
26,26, 2.609
27,27, 0.451
28,28, 1.797
29,29, 4.256
30,30,-0.992
31,31, 1.606
32,32,-0.537
33,33, 0.825
34,34, 1.362
35,35, 0.770
36,36,-0.024
37,37, 2.039
38,38, 3.195
39,39, 1.918
40,40, 1.626
41,41, 2.444
42,42, 0.326
43,43, 3.027
44,44, 2.274
45,45,-0.264
46,46, 2.957
47,47,-0.060
48,48, 0.665
49,49, 2.189
50,50,-0.044
51,51, 2.634
52,52, 0.428
53,53, 0.179
54,54, 5.000
55,55, 1.968
56,56, 5.000
57,57, 1.458
58,58,-0.384
59,59,-1.387
60,60, 1.985
61,61, 2.486
62,62, 3.058
63,63, 4.756
64,64, 1.832
65,65, 2.361
66,66, 1.847
67,67,-0.187
68,68, 2.341
69,69, 0.660
70,70, 0.133
71,71, 1.454
72,72, 0.690
73,73, 3.289
74,74,-0.555
75,75, 4.172
76,76, 0.303
77,77, 2.732
78,78,-1.001
79,79, 0.819
80,80, 2.843
81,81, 3.155
82,82, 0.925
83,83, 2.791
84,84, 3.459
85,85, 2.404
86,86, 1.420
87,87, 4.260
88,88, 2.219
89,89,-1.141
90,90, 0.244
91,91, 2.170
92,92,-0.920
93,93, 0.543
94,94, 1.972
95,95, 2.866
96,96,-1.625
97,97,-1.129
98,98, 1.649
