from,to,weight
 0, 2,-1.063
 0, 3,-0.599
 0,11,-1.524
 0,31,-0.350
 0,37,-0.681
 1,13,-1.237
 1,41,-0.972
 2, 3,-1.118
 2,38,-1.075
 2,42,-1.010
 3,14, 1.080
 3,43, 0.112
 4, 6,-1.582
 4,11,-1.506
 4,31,-1.421
 5, 6,-0.742
 5, 7,-0.988
 5, 8,-0.464
 5, 9,-0.595
 5,15, 0.213
 6, 7,-1.033
 6,10,-0.733
 6,16,-0.005
 6,33,-1.151
 7, 8,-0.197
 7,10,-1.286
 7,25, 0.103
 8, 9, 0.185
 8,26, 0.333
 9,17,-1.071
 9,20, 0.583
 9,23,-1.252
 9,27,-1.016
10,35, 0.340
11,14,-0.360
11,15,-1.439
11,16,-0.492
11,31,-0.083
12,13,-0.481
12,14,-0.142
12,15, 0.501
12,18, 0.314
13,14,-0.139
13,41,-1.009
14,15, 1.456
14,43,-1.651
15,16, 0.133
15,17,-0.939
15,19, 1.181
17,20,-1.378
18,19,-1.048
19,20, 1.429
20,21, 2.953
20,23,-1.252
21,22, 1.303
21,24,-0.817
22,24, 1.698
22,71,-0.916
23,24, 1.071
23,27, 0.394
24,78, 0.507
25,26, 1.369
25,34,-0.631
26,27, 0.740
28,35,-1.592
29,36, 1.576
30,35, 0.399
31,32, 0.782
31,33,-1.161
31,35, 3.156
31,37, 2.563
31,59, 0.961
32,38,-0.377
33,35,-1.262
34,35,-0.181
35,36, 1.880
35,62,-0.919
37,38, 0.443
37,59,-0.918
38,42, 0.286
38,58, 2.300
39,41,-0.295
39,44,-0.372
39,55,-0.782
40,41,-1.577
40,42,-1.457
40,56,-1.365
41,42, 0.500
41,43,-0.009
41,45,-1.353
41,57, 0.689
42,43,-0.282
42,58,-1.354
44,45,-1.395
44,47,-0.175
44,48,-0.283
47,48, 1.806
48,49, 2.544
48,53,-1.129
49,50, 0.612
49,51, 1.612
49,53,-1.097
50,51, 1.376
51,52,-0.420
51,54, 1.619
52,54,-0.308
53,54,-1.446
54,56, 2.828
55,56, 0.142
55,57,-0.981
56,57, 0.801
56,58, 1.134
59,60,-1.098
59,61,-1.006
60,61,-0.215
61,62, 0.325
65,68,-0.883
65,76,-1.409
66,69, 2.136
67,68, 0.586
67,69, 1.558
67,70, 0.604
67,73, 0.993
67,75,-1.650
68,69, 0.238
68,76,-0.335
70,73, 0.529
71,72, 2.007
71,78,-0.850
72,73, 2.277
72,74, 0.619
73,75, 0.091
74,75,-0.359
74,77, 0.034
75,76, 1.205
75,77,-1.503
76,77, 1.327
 2, 0,-1.063
 3, 0,-0.599
11, 0,-1.524
31, 0,-0.350
37, 0,-0.681
13, 1,-1.237
41, 1,-0.972
 3, 2,-1.118
38, 2,-1.075
42, 2,-1.010
14, 3, 1.080
43, 3, 0.112
 6, 4,-1.582
11, 4,-1.506
31, 4,-1.421
 6, 5,-0.742
 7, 5,-0.988
 8, 5,-0.464
 9, 5,-0.595
15, 5, 0.213
 7, 6,-1.033
10, 6,-0.733
16, 6,-0.005
33, 6,-1.151
 8, 7,-0.197
10, 7,-1.286
25, 7, 0.103
 9, 8, 0.185
26, 8, 0.333
17, 9,-1.071
20, 9, 0.583
23, 9,-1.252
27, 9,-1.016
35,10, 0.340
14,11,-0.360
15,11,-1.439
16,11,-0.492
31,11,-0.083
13,12,-0.481
14,12,-0.142
15,12, 0.501
18,12, 0.314
14,13,-0.139
41,13,-1.009
15,14, 1.456
43,14,-1.651
16,15, 0.133
17,15,-0.939
19,15, 1.181
20,17,-1.378
19,18,-1.048
20,19, 1.429
21,20, 2.953
23,20,-1.252
22,21, 1.303
24,21,-0.817
24,22, 1.698
71,22,-0.916
24,23, 1.071
27,23, 0.394
78,24, 0.507
26,25, 1.369
34,25,-0.631
27,26, 0.740
35,28,-1.592
36,29, 1.576
35,30, 0.399
32,31, 0.782
33,31,-1.161
35,31, 3.156
37,31, 2.563
59,31, 0.961
38,32,-0.377
35,33,-1.262
35,34,-0.181
36,35, 1.880
62,35,-0.919
38,37, 0.443
59,37,-0.918
42,38, 0.286
58,38, 2.300
41,39,-0.295
44,39,-0.372
55,39,-0.782
41,40,-1.577
42,40,-1.457
56,40,-1.365
42,41, 0.500
43,41,-0.009
45,41,-1.353
57,41, 0.689
43,42,-0.282
58,42,-1.354
45,44,-1.395
47,44,-0.175
48,44,-0.283
48,47, 1.806
49,48, 2.544
53,48,-1.129
50,49, 0.612
51,49, 1.612
53,49,-1.097
51,50, 1.376
52,51,-0.420
54,51, 1.619
54,52,-0.308
54,53,-1.446
56,54, 2.828
56,55, 0.142
57,55,-0.981
57,56, 0.801
58,56, 1.134
60,59,-1.098
61,59,-1.006
61,60,-0.215
62,61, 0.325
68,65,-0.883
76,65,-1.409
69,66, 2.136
68,67, 0.586
69,67, 1.558
70,67, 0.604
73,67, 0.993
75,67,-1.650
69,68, 0.238
76,68,-0.335
73,70, 0.529
72,71, 2.007
78,71,-0.850
73,72, 2.277
74,72, 0.619
75,73, 0.091
75,74,-0.359
77,74, 0.034
76,75, 1.205
77,75,-1.503
77,76, 1.327
 0, 0, 0.080
 1, 1,-1.146
 2, 2,-0.597
 3, 3, 1.145
 4, 4,-1.527
 5, 5, 0.921
 6, 6, 0.605
 7, 7, 0.882
 8, 8, 1.295
 9, 9, 1.491
10,10, 0.195
11,11, 0.257
12,12, 1.735
13,13, 0.465
14,14, 2.564
15,15, 3.751
16,16, 0.366
17,17,-1.048
18,18, 1.130
19,19, 1.364
20,20, 2.936
21,21, 2.503
22,22, 2.578
23,23, 0.328
24,24, 4.044
25,25, 3.234
26,26, 3.808
27,27, 0.592
28,28,-1.639
29,29, 3.504
30,30,-0.058
31,31, 5.000
32,32,-0.139
33,33,-1.168
34,34,-0.309
35,35, 5.000
36,36, 1.371
37,37, 1.039
38,38, 4.372
39,39,-0.081
40,40,-1.477
41,41, 3.871
42,42, 1.301
43,43, 0.157
44,44, 1.462
45,45,-1.033
46,46, 0.791
47,47, 2.669
48,48, 2.414
49,49, 3.762
50,50, 4.140
51,51, 4.924
52,52,-0.108
53,53,-0.661
54,54, 4.132
55,55, 0.872
56,56, 5.000
57,57, 0.299
58,58, 1.364
59,59, 1.342
60,60, 2.474
61,61, 1.453
62,62, 1.860
63,63,-1.242
64,64,-0.025
65,65,-0.968
66,66, 3.433
67,67, 4.735
68,68, 2.149
69,69, 1.788
70,70, 0.129
71,71, 2.644
72,72, 2.674
73,73, 4.753
74,74, 1.992
75,75,-0.335
76,76, 5.000
77,77, 2.071
78,78, 0.954
