from,to,weight
 0, 1,-0.611
 0, 2, 0.068
 0, 6,-0.191
 0,45,-0.462
 1, 7,-0.677
 1,34,-0.319
 1,46,-1.249
 2, 6, 0.439
 2,45, 1.197
 3, 4, 1.384
 3, 8, 0.743
 3,11,-1.093
 3,24, 0.071
 4, 5,-0.169
 4, 7, 2.020
 4, 8,-0.042
 4,25, 0.644
 4,33,-0.429
 5, 6,-0.909
 5, 7, 0.604
 5, 8,-0.516
 5, 9, 0.155
 5,12, 0.201
 6, 7, 1.627
 7,34, 0.806
 8,13, 0.692
 9,12,-0.035
10,11,-0.680
11,13, 1.119
11,24, 1.260
12,13, 0.192
12,14,-0.712
13,14, 1.827
15,16,-1.355
15,17, 0.418
15,19, 0.450
16,17,-1.563
16,20,-1.378
17,21,-0.059
17,24,-0.463
18,28,-1.190
19,20, 0.500
20,21,-1.083
20,23, 0.010
20,29,-0.063
21,24, 0.011
22,23,-1.333
22,25,-0.841
22,28,-0.907
23,24, 0.429
23,25,-0.984
23,29, 0.060
24,25, 0.414
25,30, 0.479
25,33,-1.205
26,27,-0.517
26,28,-1.228
26,31,-0.157
26,55, 0.014
26,56,-1.280
27,28,-0.618
27,30,-0.996
27,32,-0.415
28,29, 0.719
28,30,-0.018
28,57, 0.146
30,33, 0.802
31,32,-0.503
31,36,-0.073
31,55,-1.275
32,33, 0.908
32,34, 0.981
32,35, 1.196
32,37,-0.875
32,43, 0.053
33,34,-0.226
34,46, 0.262
35,37, 0.899
35,43, 0.185
36,37, 1.159
36,39,-0.042
36,55, 1.156
37,38,-0.930
37,39, 0.645
37,43, 0.020
38,39,-1.296
38,40,-0.925
38,44,-1.154
39,40, 0.510
40,42,-0.961
41,44,-0.573
41,49,-1.192
43,44, 0.270
43,45,-1.653
43,46, 0.343
44,45,-0.036
44,46,-1.387
44,49, 1.120
44,51,-1.397
45,46, 1.985
45,52, 2.862
47,49,-0.576
48,49, 0.009
48,50,-1.018
48,53, 0.361
49,51, 0.569
49,54,-1.421
50,51, 0.355
50,52,-0.564
50,53, 1.069
51,52, 0.273
53,54,-1.406
55,56,-0.714
 1, 0,-0.611
 2, 0, 0.068
 6, 0,-0.191
45, 0,-0.462
 7, 1,-0.677
34, 1,-0.319
46, 1,-1.249
 6, 2, 0.439
45, 2, 1.197
 4, 3, 1.384
 8, 3, 0.743
11, 3,-1.093
24, 3, 0.071
 5, 4,-0.169
 7, 4, 2.020
 8, 4,-0.042
25, 4, 0.644
33, 4,-0.429
 6, 5,-0.909
 7, 5, 0.604
 8, 5,-0.516
 9, 5, 0.155
12, 5, 0.201
 7, 6, 1.627
34, 7, 0.806
13, 8, 0.692
12, 9,-0.035
11,10,-0.680
13,11, 1.119
24,11, 1.260
13,12, 0.192
14,12,-0.712
14,13, 1.827
16,15,-1.355
17,15, 0.418
19,15, 0.450
17,16,-1.563
20,16,-1.378
21,17,-0.059
24,17,-0.463
28,18,-1.190
20,19, 0.500
21,20,-1.083
23,20, 0.010
29,20,-0.063
24,21, 0.011
23,22,-1.333
25,22,-0.841
28,22,-0.907
24,23, 0.429
25,23,-0.984
29,23, 0.060
25,24, 0.414
30,25, 0.479
33,25,-1.205
27,26,-0.517
28,26,-1.228
31,26,-0.157
55,26, 0.014
56,26,-1.280
28,27,-0.618
30,27,-0.996
32,27,-0.415
29,28, 0.719
30,28,-0.018
57,28, 0.146
33,30, 0.802
32,31,-0.503
36,31,-0.073
55,31,-1.275
33,32, 0.908
34,32, 0.981
35,32, 1.196
37,32,-0.875
43,32, 0.053
34,33,-0.226
46,34, 0.262
37,35, 0.899
43,35, 0.185
37,36, 1.159
39,36,-0.042
55,36, 1.156
38,37,-0.930
39,37, 0.645
43,37, 0.020
39,38,-1.296
40,38,-0.925
44,38,-1.154
40,39, 0.510
42,40,-0.961
44,41,-0.573
49,41,-1.192
44,43, 0.270
45,43,-1.653
46,43, 0.343
45,44,-0.036
46,44,-1.387
49,44, 1.120
51,44,-1.397
46,45, 1.985
52,45, 2.862
49,47,-0.576
49,48, 0.009
50,48,-1.018
53,48, 0.361
51,49, 0.569
54,49,-1.421
51,50, 0.355
52,50,-0.564
53,50, 1.069
52,51, 0.273
54,53,-1.406
56,55,-0.714
 0, 0, 0.770
 1, 1, 0.090
 2, 2, 4.652
 3, 3, 1.672
 4, 4, 3.646
 5, 5, 3.449
 6, 6, 3.186
 7, 7, 4.300
 8, 8, 1.727
 9, 9, 0.478
10,10,-0.738
11,11, 2.709
12,12, 2.970
13,13, 3.583
14,14, 3.022
15,15, 2.525
16,16,-1.435
17,17, 1.445
18,18,-1.031
19,19,-0.226
20,20, 3.097
21,21,-0.440
22,22,-0.941
23,23, 1.147
24,24, 3.907
25,25, 2.246
26,26, 2.523
27,27, 0.111
28,28, 3.677
29,29, 0.901
30,30, 1.004
31,31, 0.425
32,32, 3.975
33,33, 1.810
34,34, 2.814
35,35, 1.545
36,36, 4.874
37,37, 3.073
38,38,-0.321
39,39, 1.909
40,40, 0.915
41,41,-0.637
42,42,-0.849
43,43, 2.602
44,44, 2.730
45,45, 4.058
46,46, 0.666
47,47, 0.429
48,48,-0.377
49,49, 3.630
50,50, 1.888
51,51, 1.035
52,52, 2.941
53,53, 5.000
54,54,-1.575
55,55, 1.548
56,56,-0.490
57,57, 0.846
