from,to,weight
 0,25, 1.065
 1, 2,-1.058
 4, 6,-0.400
 4, 9,-1.524
 6, 9, 0.579
 7, 9, 1.685
 7,10, 0.346
 7,15, 0.273
 7,66, 0.388
 7,68,-0.386
 8,23,-1.447
 9,24, 0.646
10,15,-0.209
10,68,-1.279
11,13,-0.407
11,17,-0.832
11,31,-1.372
12,13, 2.564
12,14,-1.172
12,15, 2.057
12,68, 0.957
12,69,-0.772
13,14,-0.507
13,17, 0.610
13,31, 1.594
14,16,-1.065
14,19,-1.324
15,68,-0.369
16,19,-0.903
17,18,-0.253
17,19,-0.321
18,19,-1.272
18,20, 0.184
18,22,-0.126
18,28, 0.209
19,20, 0.099
19,23,-1.347
20,26, 1.057
21,26,-0.547
21,27,-0.843
22,26,-0.626
22,28,-1.054
23,24,-0.008
23,26, 0.582
24,25, 1.015
24,26,-0.169
25,26, 0.239
26,29, 0.897
27,28, 0.160
27,29, 0.252
27,30, 0.508
28,29,-1.316
31,32,-0.531
31,33,-0.410
32,36,-0.500
33,34,-1.438
33,36, 0.365
34,36, 0.924
34,42, 0.815
35,36, 0.862
35,39,-0.726
36,40, 2.008
37,40,-1.430
38,39, 1.144
38,40, 1.568
39,40, 0.113
43,44,-0.283
43,45,-0.067
43,56,-1.178
43,62, 0.373
44,45,-1.076
44,54, 0.138
44,58,-1.406
45,46, 0.475
45,51,-0.010
45,55,-1.238
45,63,-1.556
45,74,-0.660
46,47, 0.189
46,48,-0.591
46,51,-0.521
46,74,-0.741
47,48, 2.685
47,74, 1.899
47,75, 1.534
48,49, 1.167
48,51, 1.827
49,52,-0.323
50,51,-0.600
50,52, 0.701
50,54, 1.768
51,52, 1.925
51,55,-1.152
53,54, 1.294
53,57, 0.567
54,55,-1.048
54,58, 0.354
56,57, 0.941
56,58, 0.743
56,62, 1.056
56,67,-1.640
57,58,-0.937
59,60, 0.166
59,61,-0.680
59,66,-0.489
59,68,-0.893
60,61,-0.252
60,65,-0.821
61,62,-1.468
61,64, 0.931
61,65,-0.685
62,63,-0.981
62,64, 1.278
62,65,-0.085
62,67,-1.493
66,68,-0.259
68,69,-0.876
73,74, 0.188
25, 0, 1.065
 2, 1,-1.058
 6, 4,-0.400
 9, 4,-1.524
 9, 6, 0.579
 9, 7, 1.685
10, 7, 0.346
15, 7, 0.273
66, 7, 0.388
68, 7,-0.386
23, 8,-1.447
24, 9, 0.646
15,10,-0.209
68,10,-1.279
13,11,-0.407
17,11,-0.832
31,11,-1.372
13,12, 2.564
14,12,-1.172
15,12, 2.057
68,12, 0.957
69,12,-0.772
14,13,-0.507
17,13, 0.610
31,13, 1.594
16,14,-1.065
19,14,-1.324
68,15,-0.369
19,16,-0.903
18,17,-0.253
19,17,-0.321
19,18,-1.272
20,18, 0.184
22,18,-0.126
28,18, 0.209
20,19, 0.099
23,19,-1.347
26,20, 1.057
26,21,-0.547
27,21,-0.843
26,22,-0.626
28,22,-1.054
24,23,-0.008
26,23, 0.582
25,24, 1.015
26,24,-0.169
26,25, 0.239
29,26, 0.897
28,27, 0.160
29,27, 0.252
30,27, 0.508
29,28,-1.316
32,31,-0.531
33,31,-0.410
36,32,-0.500
34,33,-1.438
36,33, 0.365
36,34, 0.924
42,34, 0.815
36,35, 0.862
39,35,-0.726
40,36, 2.008
40,37,-1.430
39,38, 1.144
40,38, 1.568
40,39, 0.113
44,43,-0.283
45,43,-0.067
56,43,-1.178
62,43, 0.373
45,44,-1.076
54,44, 0.138
58,44,-1.406
46,45, 0.475
51,45,-0.010
55,45,-1.238
63,45,-1.556
74,45,-0.660
47,46, 0.189
48,46,-0.591
51,46,-0.521
74,46,-0.741
48,47, 2.685
74,47, 1.899
75,47, 1.534
49,48, 1.167
51,48, 1.827
52,49,-0.323
51,50,-0.600
52,50, 0.701
54,50, 1.768
52,51, 1.925
55,51,-1.152
54,53, 1.294
57,53, 0.567
55,54,-1.048
58,54, 0.354
57,56, 0.941
58,56, 0.743
62,56, 1.056
67,56,-1.640
58,57,-0.937
60,59, 0.166
61,59,-0.680
66,59,-0.489
68,59,-0.893
61,60,-0.252
65,60,-0.821
62,61,-1.468
64,61, 0.931
65,61,-0.685
63,62,-0.981
64,62, 1.278
65,62,-0.085
67,62,-1.493
68,66,-0.259
69,68,-0.876
74,73, 0.188
 0, 0, 1.572
 1, 1,-0.621
 2, 2, 0.501
 3, 3, 0.878
 4, 4, 1.730
 5, 5, 0.217
 6, 6, 0.724
 7, 7, 4.576
 8, 8,-1.345
 9, 9, 3.136
10,10,-0.180
11,11,-0.441
12,12, 3.713
13,13, 5.000
14,14,-0.325
15,15, 2.281
16,16,-0.774
17,17, 1.492
18,18, 4.882
19,19, 0.658
20,20, 0.878
21,21,-0.462
22,22,-0.260
23,23, 1.116
24,24, 2.690
25,25, 2.089
26,26, 4.551
27,27, 5.000
28,28, 0.537
29,29, 0.506
30,30, 1.118
31,31, 1.676
32,32,-0.487
33,33,-0.235
34,34, 0.564
35,35, 1.336
36,36, 3.882
37,37,-1.604
38,38, 2.964
39,39, 3.284
40,40, 3.019
41,41,-0.094
42,42, 3.094
43,43, 0.240
44,44, 0.071
45,45, 2.053
46,46, 1.168
47,47, 4.929
48,48, 4.088
49,49, 2.611
50,50, 2.356
51,51, 3.049
52,52, 2.200
53,53, 2.024
54,54, 3.646
55,55,-1.026
56,56, 4.416
57,57, 2.184
58,58, 0.435
59,59, 2.460
60,60, 0.302
61,61, 3.883
62,62, 4.939
63,63,-1.193
64,64, 1.110
65,65, 0.025
66,66, 1.303
67,67,-1.551
68,68, 3.116
69,69,-0.369
70,70, 0.263
71,71,-0.123
72,72,-1.349
73,73, 1.897
74,74, 2.079
75,75, 1.906
