from,to,weight
  0,  1, 1.513
  0, 18, 0.840
  0,226,-0.545
  0,235, 1.677
  0,247,-0.521
  0,262, 1.864
  1,  2, 1.055
  1, 19, 0.856
  1,213,-0.894
  1,227,-1.666
  2,  3, 0.389
  2,  4,-1.675
  2,  8, 0.560
  2, 20,-1.134
  2,214, 1.256
  3,  4, 1.277
  3,  5,-0.917
  3, 11, 0.833
  4,  5,-1.465
  4,  6, 1.655
  4,219, 0.800
  5,  6,-0.070
  5,248,-0.716
  5,257, 0.174
  6,220,-1.312
  6,228,-0.346
  6,237, 0.101
  6,251, 0.107
  7, 10,-0.194
  7, 13,-1.097
  7, 14,-0.022
  7,263, 1.664
  8,  9, 0.803
  8, 11,-0.135
  8, 15,-0.118
  8, 20,-1.206
  9, 10, 1.300
  9, 11, 0.317
  9, 16, 0.057
 10, 11,-1.491
 10, 14, 0.138
 10, 17,-1.049
 11, 14,-0.678
 12,257,-0.262
 13, 14,-1.401
 13,268,-1.086
 15, 16, 0.253
 15, 20, 0.496
 16, 17,-1.166
 18, 19,-1.254
 18, 22, 0.724
 19, 20, 0.732
 19, 23, 1.846
 20, 24,-1.575
 21, 22, 0.222
 21, 23,-1.686
 21, 27,-0.286
 21, 29,-0.767
 22, 23, 0.947
 22, 28, 0.153
 23, 24, 0.417
 23, 31, 2.351
 23,207, 1.789
 24, 25,-0.276
 24,208,-1.472
 25,209, 1.307
 26, 27, 0.840
 26, 28, 0.096
 26,101, 0.361
 27, 28,-0.111
 27, 29, 0.923
 27,102,-0.275
 29, 30, 0.634
 29, 31,-1.676
 29, 32,-0.585
 29, 34,-1.370
 29, 35, 1.221
 29,102, 0.863
 29,225,-0.996
 30, 31, 0.399
 30,226,-1.354
 31, 36, 0.915
 31,227,-0.940
 32, 33,-1.325
 32, 34,-0.775
 32,102,-0.963
 33, 34,-1.319
 33,102,-1.099
 34, 35,-0.289
 35, 41, 0.536
 35,225, 0.373
 36,207, 0.685
 36,227,-0.360
 37, 38, 1.035
 37, 44,-0.319
 37,230, 0.116
 38, 39, 0.877
 38, 40,-0.077
 38, 44, 0.074
 38, 63, 0.939
 38,210,-0.187
 38,230,-1.023
 39, 40,-1.389
 39,142, 0.908
 39,212, 1.399
 40, 64,-1.698
 40,145, 0.021
 41,225,-0.090
 41,234,-0.171
 41,242, 1.230
 42, 43,-1.496
 42, 54,-1.151
 42,228,-1.410
 42,237,-1.434
 43, 44, 0.155
 43, 57,-0.543
 43, 59,-0.228
 43,229,-0.230
 44, 60, 0.380
 44, 63,-1.634
 44,230, 1.199
 45, 46,-0.338
 45, 47, 0.051
 45,238, 0.160
 46, 49,-0.360
 46, 51, 0.285
 46, 53,-0.347
 46,243, 1.261
 47, 48,-0.632
 47, 49, 0.459
 48, 49, 0.576
 48, 50,-0.167
 48, 98,-0.084
 49, 51, 1.125
 50, 51,-1.001
 50, 95, 0.199
 50, 98,-1.054
 51, 52, 0.230
 51, 53, 0.702
 51, 96,-1.535
 52, 55, 1.052
 52, 81,-1.104
 52, 97, 0.980
 53, 54, 0.644
 53, 55,-1.027
 53,236,-1.089
 54, 55, 0.342
 54, 57, 0.112
 54,237,-0.684
 55, 56,-0.247
 55, 57,-0.851
 55, 81,-0.492
 56, 57,-1.244
 56, 58, 0.008
 56, 82,-0.777
 57, 59, 0.064
 58, 59, 0.490
 58, 61, 0.243
 58, 78,-0.313
 58, 82,-0.844
 59, 60,-0.554
 59, 62,-1.108
 60, 63,-0.193
 61, 62,-0.048
 61, 65,-0.130
 61, 78,-0.108
 62, 63, 0.656
 62, 65,-1.066
 63, 64,-0.182
 63, 65,-0.877
 64, 65, 0.440
 64, 66,-0.864
 64,145, 0.247
 65, 67,-1.064
 65, 79,-0.078
 66, 67,-0.129
 66,145, 0.868
 66,151, 0.561
 67, 79, 0.011
 67,152,-1.241
 68, 69,-0.300
 68, 70, 0.120
 68, 74,-1.147
 68, 80, 0.380
 68,139,-0.460
 68,156, 3.092
 69, 71, 0.014
 70, 71,-0.162
 71, 72, 0.059
 71, 76, 2.172
 72, 73, 0.738
 72, 76,-1.253
 73, 77, 0.119
 73,141, 0.758
 75, 76, 1.288
 75, 77, 2.062
 75,140, 0.479
 76, 77,-1.044
 77,109, 0.210
 77,141, 1.236
 78, 79,-0.019
 78, 82,-0.024
 79, 83, 0.965
 79,134, 1.294
 79,152,-1.546
 80,139, 0.186
 80,156,-1.353
 81, 82,-0.238
 81, 86,-1.029
 81, 97,-0.468
 82, 83, 0.361
 82, 84,-1.466
 82, 87, 0.662
 83, 84,-0.334
 83, 85,-1.333
 83,128,-0.853
 83,134,-0.632
 84, 88,-0.305
 84,129,-1.524
 85,132,-1.489
 85,135,-1.425
 86, 87,-0.115
 86, 88,-0.272
 86, 91, 0.212
 86, 97, 0.189
 87, 88,-0.265
 88, 89, 0.751
 88, 92,-1.478
 88,129,-1.231
 89, 93, 0.116
 89,130, 0.595
 90, 91, 0.490
 90, 95, 1.015
 91, 92,-0.127
 91, 97, 0.363
 92, 93,-0.240
 93, 94, 0.635
 93,130, 0.742
 94,116,-0.685
 94,131,-1.108
 95, 96,-1.361
 95, 97,-0.325
 95, 98,-0.205
 96, 97,-1.366
 99,102,-0.473
 99,242,-0.306
100,101,-0.705
100,103,-0.559
100,107,-1.063
100,240,-0.412
101,102, 0.966
101,104, 1.504
101,241,-1.385
102,242, 1.464
103,104, 1.834
103,107, 0.545
103,108, 0.718
105,106,-0.516
106,107, 0.845
106,239, 0.951
107,108, 1.443
107,240, 0.611
109,141, 0.040
110,126, 0.097
110,137, 0.792
111,113, 0.744
112,113,-0.244
112,118,-1.037
113,114, 1.157
113,119, 1.343
114,116, 2.047
114,122,-0.315
115,116,-0.349
115,121,-1.305
115,125,-1.006
115,127,-1.025
116,117, 3.083
116,122, 0.414
116,131, 2.825
118,119, 0.377
119,120, 1.312
119,121,-1.175
119,122, 1.118
120,121,-0.238
120,123, 1.419
121,122, 0.147
121,125, 0.223
123,124, 0.619
123,125, 0.335
124,125,-0.451
124,126, 0.590
125,126,-1.036
125,127, 1.069
125,133,-0.740
126,137,-0.671
127,130,-0.379
127,131,-0.883
127,132,-0.546
127,133,-1.359
128,129,-1.683
128,130,-0.933
128,132,-1.587
129,130,-1.015
130,131, 2.663
130,132, 0.798
132,135, 0.997
133,135,-0.451
134,135, 1.545
134,136,-1.270
135,136,-1.264
135,137, 2.787
138,139, 0.570
138,140, 0.384
139,140,-1.180
142,143,-1.167
142,144,-1.669
142,145, 1.724
143,144,-0.669
143,146,-1.175
144,145,-0.658
144,147,-1.687
145,148, 2.442
145,151,-1.371
146,147, 0.822
147,148, 0.920
147,150, 0.504
147,164, 0.177
148,149,-1.636
148,151, 3.000
149,153,-1.640
150,151,-0.879
150,158,-0.163
150,164,-0.363
151,152,-1.343
151,153, 1.674
151,159, 0.502
152,153,-0.965
153,154, 0.571
153,155,-0.592
153,161, 1.415
154,155, 0.292
154,156, 1.720
155,156, 0.325
155,157,-0.761
155,163, 1.617
155,167,-1.114
156,157,-0.784
158,159,-1.369
158,160,-0.227
158,164,-1.062
159,160, 1.451
159,161, 0.183
160,161, 0.727
160,162, 0.391
160,165, 0.047
160,168, 0.229
161,162, 2.723
161,163,-0.282
162,163, 0.654
162,166, 0.191
162,169, 1.422
163,167, 1.339
164,165,-1.003
165,168,-0.715
166,169, 0.420
168,169,-1.011
168,171, 1.012
169,173, 2.173
170,172, 0.467
170,176, 0.089
171,173,-0.774
171,178, 1.650
172,173, 2.009
172,174,-1.015
172,179,-0.843
173,174,-0.666
175,176, 2.023
175,177,-1.082
175,178,-0.347
175,180, 1.023
175,181,-1.160
175,188, 0.395
176,178, 0.267
176,179,-0.951
177,178,-0.437
177,189,-0.740
178,191,-0.691
180,181, 0.753
180,185,-1.411
180,188, 0.177
181,182, 2.283
181,185, 1.631
182,183, 2.053
184,185, 1.184
184,187,-0.182
184,194,-0.851
185,188, 0.674
186,187,-0.344
186,188,-1.604
186,193,-1.241
186,200,-0.310
187,188, 0.509
187,194,-0.017
188,189, 1.188
188,202,-0.990
189,190, 0.681
189,191,-0.540
189,196, 1.412
189,206,-0.609
190,197, 0.059
192,193, 1.115
192,199, 0.769
193,194, 1.708
193,200, 1.443
195,196,-1.515
195,205,-1.512
196,197, 0.805
196,206, 1.918
198,199,-0.409
198,200,-0.969
198,208,-0.181
198,214,-0.988
199,200,-0.353
199,209, 0.402
200,201,-1.363
200,202,-1.636
200,203, 0.925
200,215,-0.051
201,202,-1.413
201,203,-1.440
202,203, 0.196
202,204,-1.579
202,206,-0.042
203,204, 0.840
203,216,-0.213
204,205, 0.031
204,206, 0.722
204,211,-0.992
204,222, 0.260
205,206, 1.751
205,212, 2.295
207,208,-0.023
207,213,-0.120
207,227,-1.535
208,209, 0.763
208,214, 1.902
210,211, 0.032
210,212,-1.296
210,221, 0.360
210,230,-1.339
211,212, 0.401
211,222,-0.083
213,214, 0.769
213,227, 1.179
214,215, 2.092
214,218,-0.764
214,219,-0.113
215,216, 0.115
215,217,-0.732
216,217,-0.892
216,222,-0.835
216,224, 0.962
218,219,-0.913
218,224,-1.456
219,220,-1.091
219,223,-0.165
219,224, 1.377
220,223,-1.290
220,228,-1.047
221,222, 0.221
221,223,-0.483
221,230, 1.229
222,223,-1.021
222,224, 0.926
223,224,-0.524
223,231,-0.324
225,226,-0.707
225,234, 0.159
226,227, 0.894
226,235, 0.169
228,229,-0.154
228,231,-0.339
228,237, 0.922
229,230,-0.137
229,231,-0.525
230,231,-1.251
232,233,-1.653
232,235,-0.117
232,239,-0.332
232,246,-1.347
233,234,-1.471
233,235,-0.865
233,241,-0.918
234,235, 1.566
234,242, 1.827
235,247,-1.416
236,237,-0.934
236,243,-0.852
237,244, 0.079
237,251,-0.618
238,239, 1.431
238,243,-1.565
238,245, 0.666
239,240,-0.203
239,241, 0.617
239,246, 1.264
240,241, 0.661
241,242, 1.351
243,244,-0.706
243,250, 0.065
244,251,-0.195
245,246,-0.468
245,249,-0.133
245,250,-0.394
245,255, 1.149
246,247,-0.491
246,256,-0.277
246,261, 0.372
247,262,-1.353
248,249,-0.026
248,251, 0.047
248,257, 0.529
249,250,-0.558
249,251,-1.050
249,258,-1.548
250,251, 0.295
252,253, 1.090
252,265,-1.476
253,254, 2.190
253,255, 0.007
253,266, 0.158
254,255, 2.187
254,256,-0.470
254,260, 0.737
254,267,-0.904
255,256,-1.533
255,257,-0.308
255,258,-1.373
256,261,-1.438
257,258,-1.362
257,259,-0.982
260,261, 0.226
260,267, 1.554
261,262, 1.654
263,264, 1.415
263,268,-0.304
264,265, 0.871
264,266,-1.310
265,266, 0.749
266,267, 0.924
  1,  0, 1.513
 18,  0, 0.840
226,  0,-0.545
235,  0, 1.677
247,  0,-0.521
262,  0, 1.864
  2,  1, 1.055
 19,  1, 0.856
213,  1,-0.894
227,  1,-1.666
  3,  2, 0.389
  4,  2,-1.675
  8,  2, 0.560
 20,  2,-1.134
214,  2, 1.256
  4,  3, 1.277
  5,  3,-0.917
 11,  3, 0.833
  5,  4,-1.465
  6,  4, 1.655
219,  4, 0.800
  6,  5,-0.070
248,  5,-0.716
257,  5, 0.174
220,  6,-1.312
228,  6,-0.346
237,  6, 0.101
251,  6, 0.107
 10,  7,-0.194
 13,  7,-1.097
 14,  7,-0.022
263,  7, 1.664
  9,  8, 0.803
 11,  8,-0.135
 15,  8,-0.118
 20,  8,-1.206
 10,  9, 1.300
 11,  9, 0.317
 16,  9, 0.057
 11, 10,-1.491
 14, 10, 0.138
 17, 10,-1.049
 14, 11,-0.678
257, 12,-0.262
 14, 13,-1.401
268, 13,-1.086
 16, 15, 0.253
 20, 15, 0.496
 17, 16,-1.166
 19, 18,-1.254
 22, 18, 0.724
 20, 19, 0.732
 23, 19, 1.846
 24, 20,-1.575
 22, 21, 0.222
 23, 21,-1.686
 27, 21,-0.286
 29, 21,-0.767
 23, 22, 0.947
 28, 22, 0.153
 24, 23, 0.417
 31, 23, 2.351
207, 23, 1.789
 25, 24,-0.276
208, 24,-1.472
209, 25, 1.307
 27, 26, 0.840
 28, 26, 0.096
101, 26, 0.361
 28, 27,-0.111
 29, 27, 0.923
102, 27,-0.275
 30, 29, 0.634
 31, 29,-1.676
 32, 29,-0.585
 34, 29,-1.370
 35, 29, 1.221
102, 29, 0.863
225, 29,-0.996
 31, 30, 0.399
226, 30,-1.354
 36, 31, 0.915
227, 31,-0.940
 33, 32,-1.325
 34, 32,-0.775
102, 32,-0.963
 34, 33,-1.319
102, 33,-1.099
 35, 34,-0.289
 41, 35, 0.536
225, 35, 0.373
207, 36, 0.685
227, 36,-0.360
 38, 37, 1.035
 44, 37,-0.319
230, 37, 0.116
 39, 38, 0.877
 40, 38,-0.077
 44, 38, 0.074
 63, 38, 0.939
210, 38,-0.187
230, 38,-1.023
 40, 39,-1.389
142, 39, 0.908
212, 39, 1.399
 64, 40,-1.698
145, 40, 0.021
225, 41,-0.090
234, 41,-0.171
242, 41, 1.230
 43, 42,-1.496
 54, 42,-1.151
228, 42,-1.410
237, 42,-1.434
 44, 43, 0.155
 57, 43,-0.543
 59, 43,-0.228
229, 43,-0.230
 60, 44, 0.380
 63, 44,-1.634
230, 44, 1.199
 46, 45,-0.338
 47, 45, 0.051
238, 45, 0.160
 49, 46,-0.360
 51, 46, 0.285
 53, 46,-0.347
243, 46, 1.261
 48, 47,-0.632
 49, 47, 0.459
 49, 48, 0.576
 50, 48,-0.167
 98, 48,-0.084
 51, 49, 1.125
 51, 50,-1.001
 95, 50, 0.199
 98, 50,-1.054
 52, 51, 0.230
 53, 51, 0.702
 96, 51,-1.535
 55, 52, 1.052
 81, 52,-1.104
 97, 52, 0.980
 54, 53, 0.644
 55, 53,-1.027
236, 53,-1.089
 55, 54, 0.342
 57, 54, 0.112
237, 54,-0.684
 56, 55,-0.247
 57, 55,-0.851
 81, 55,-0.492
 57, 56,-1.244
 58, 56, 0.008
 82, 56,-0.777
 59, 57, 0.064
 59, 58, 0.490
 61, 58, 0.243
 78, 58,-0.313
 82, 58,-0.844
 60, 59,-0.554
 62, 59,-1.108
 63, 60,-0.193
 62, 61,-0.048
 65, 61,-0.130
 78, 61,-0.108
 63, 62, 0.656
 65, 62,-1.066
 64, 63,-0.182
 65, 63,-0.877
 65, 64, 0.440
 66, 64,-0.864
145, 64, 0.247
 67, 65,-1.064
 79, 65,-0.078
 67, 66,-0.129
145, 66, 0.868
151, 66, 0.561
 79, 67, 0.011
152, 67,-1.241
 69, 68,-0.300
 70, 68, 0.120
 74, 68,-1.147
 80, 68, 0.380
139, 68,-0.460
156, 68, 3.092
 71, 69, 0.014
 71, 70,-0.162
 72, 71, 0.059
 76, 71, 2.172
 73, 72, 0.738
 76, 72,-1.253
 77, 73, 0.119
141, 73, 0.758
 76, 75, 1.288
 77, 75, 2.062
140, 75, 0.479
 77, 76,-1.044
109, 77, 0.210
141, 77, 1.236
 79, 78,-0.019
 82, 78,-0.024
 83, 79, 0.965
134, 79, 1.294
152, 79,-1.546
139, 80, 0.186
156, 80,-1.353
 82, 81,-0.238
 86, 81,-1.029
 97, 81,-0.468
 83, 82, 0.361
 84, 82,-1.466
 87, 82, 0.662
 84, 83,-0.334
 85, 83,-1.333
128, 83,-0.853
134, 83,-0.632
 88, 84,-0.305
129, 84,-1.524
132, 85,-1.489
135, 85,-1.425
 87, 86,-0.115
 88, 86,-0.272
 91, 86, 0.212
 97, 86, 0.189
 88, 87,-0.265
 89, 88, 0.751
 92, 88,-1.478
129, 88,-1.231
 93, 89, 0.116
130, 89, 0.595
 91, 90, 0.490
 95, 90, 1.015
 92, 91,-0.127
 97, 91, 0.363
 93, 92,-0.240
 94, 93, 0.635
130, 93, 0.742
116, 94,-0.685
131, 94,-1.108
 96, 95,-1.361
 97, 95,-0.325
 98, 95,-0.205
 97, 96,-1.366
102, 99,-0.473
242, 99,-0.306
101,100,-0.705
103,100,-0.559
107,100,-1.063
240,100,-0.412
102,101, 0.966
104,101, 1.504
241,101,-1.385
242,102, 1.464
104,103, 1.834
107,103, 0.545
108,103, 0.718
106,105,-0.516
107,106, 0.845
239,106, 0.951
108,107, 1.443
240,107, 0.611
141,109, 0.040
126,110, 0.097
137,110, 0.792
113,111, 0.744
113,112,-0.244
118,112,-1.037
114,113, 1.157
119,113, 1.343
116,114, 2.047
122,114,-0.315
116,115,-0.349
121,115,-1.305
125,115,-1.006
127,115,-1.025
117,116, 3.083
122,116, 0.414
131,116, 2.825
119,118, 0.377
120,119, 1.312
121,119,-1.175
122,119, 1.118
121,120,-0.238
123,120, 1.419
122,121, 0.147
125,121, 0.223
124,123, 0.619
125,123, 0.335
125,124,-0.451
126,124, 0.590
126,125,-1.036
127,125, 1.069
133,125,-0.740
137,126,-0.671
130,127,-0.379
131,127,-0.883
132,127,-0.546
133,127,-1.359
129,128,-1.683
130,128,-0.933
132,128,-1.587
130,129,-1.015
131,130, 2.663
132,130, 0.798
135,132, 0.997
135,133,-0.451
135,134, 1.545
136,134,-1.270
136,135,-1.264
137,135, 2.787
139,138, 0.570
140,138, 0.384
140,139,-1.180
143,142,-1.167
144,142,-1.669
145,142, 1.724
144,143,-0.669
146,143,-1.175
145,144,-0.658
147,144,-1.687
148,145, 2.442
151,145,-1.371
147,146, 0.822
148,147, 0.920
150,147, 0.504
164,147, 0.177
149,148,-1.636
151,148, 3.000
153,149,-1.640
151,150,-0.879
158,150,-0.163
164,150,-0.363
152,151,-1.343
153,151, 1.674
159,151, 0.502
153,152,-0.965
154,153, 0.571
155,153,-0.592
161,153, 1.415
155,154, 0.292
156,154, 1.720
156,155, 0.325
157,155,-0.761
163,155, 1.617
167,155,-1.114
157,156,-0.784
159,158,-1.369
160,158,-0.227
164,158,-1.062
160,159, 1.451
161,159, 0.183
161,160, 0.727
162,160, 0.391
165,160, 0.047
168,160, 0.229
162,161, 2.723
163,161,-0.282
163,162, 0.654
166,162, 0.191
169,162, 1.422
167,163, 1.339
165,164,-1.003
168,165,-0.715
169,166, 0.420
169,168,-1.011
171,168, 1.012
173,169, 2.173
172,170, 0.467
176,170, 0.089
173,171,-0.774
178,171, 1.650
173,172, 2.009
174,172,-1.015
179,172,-0.843
174,173,-0.666
176,175, 2.023
177,175,-1.082
178,175,-0.347
180,175, 1.023
181,175,-1.160
188,175, 0.395
178,176, 0.267
179,176,-0.951
178,177,-0.437
189,177,-0.740
191,178,-0.691
181,180, 0.753
185,180,-1.411
188,180, 0.177
182,181, 2.283
185,181, 1.631
183,182, 2.053
185,184, 1.184
187,184,-0.182
194,184,-0.851
188,185, 0.674
187,186,-0.344
188,186,-1.604
193,186,-1.241
200,186,-0.310
188,187, 0.509
194,187,-0.017
189,188, 1.188
202,188,-0.990
190,189, 0.681
191,189,-0.540
196,189, 1.412
206,189,-0.609
197,190, 0.059
193,192, 1.115
199,192, 0.769
194,193, 1.708
200,193, 1.443
196,195,-1.515
205,195,-1.512
197,196, 0.805
206,196, 1.918
199,198,-0.409
200,198,-0.969
208,198,-0.181
214,198,-0.988
200,199,-0.353
209,199, 0.402
201,200,-1.363
202,200,-1.636
203,200, 0.925
215,200,-0.051
202,201,-1.413
203,201,-1.440
203,202, 0.196
204,202,-1.579
206,202,-0.042
204,203, 0.840
216,203,-0.213
205,204, 0.031
206,204, 0.722
211,204,-0.992
222,204, 0.260
206,205, 1.751
212,205, 2.295
208,207,-0.023
213,207,-0.120
227,207,-1.535
209,208, 0.763
214,208, 1.902
211,210, 0.032
212,210,-1.296
221,210, 0.360
230,210,-1.339
212,211, 0.401
222,211,-0.083
214,213, 0.769
227,213, 1.179
215,214, 2.092
218,214,-0.764
219,214,-0.113
216,215, 0.115
217,215,-0.732
217,216,-0.892
222,216,-0.835
224,216, 0.962
219,218,-0.913
224,218,-1.456
220,219,-1.091
223,219,-0.165
224,219, 1.377
223,220,-1.290
228,220,-1.047
222,221, 0.221
223,221,-0.483
230,221, 1.229
223,222,-1.021
224,222, 0.926
224,223,-0.524
231,223,-0.324
226,225,-0.707
234,225, 0.159
227,226, 0.894
235,226, 0.169
229,228,-0.154
231,228,-0.339
237,228, 0.922
230,229,-0.137
231,229,-0.525
231,230,-1.251
233,232,-1.653
235,232,-0.117
239,232,-0.332
246,232,-1.347
234,233,-1.471
235,233,-0.865
241,233,-0.918
235,234, 1.566
242,234, 1.827
247,235,-1.416
237,236,-0.934
243,236,-0.852
244,237, 0.079
251,237,-0.618
239,238, 1.431
243,238,-1.565
245,238, 0.666
240,239,-0.203
241,239, 0.617
246,239, 1.264
241,240, 0.661
242,241, 1.351
244,243,-0.706
250,243, 0.065
251,244,-0.195
246,245,-0.468
249,245,-0.133
250,245,-0.394
255,245, 1.149
247,246,-0.491
256,246,-0.277
261,246, 0.372
262,247,-1.353
249,248,-0.026
251,248, 0.047
257,248, 0.529
250,249,-0.558
251,249,-1.050
258,249,-1.548
251,250, 0.295
253,252, 1.090
265,252,-1.476
254,253, 2.190
255,253, 0.007
266,253, 0.158
255,254, 2.187
256,254,-0.470
260,254, 0.737
267,254,-0.904
256,255,-1.533
257,255,-0.308
258,255,-1.373
261,256,-1.438
258,257,-1.362
259,257,-0.982
261,260, 0.226
267,260, 1.554
262,261, 1.654
264,263, 1.415
268,263,-0.304
265,264, 0.871
266,264,-1.310
266,265, 0.749
267,266, 0.924
  0,  0, 4.376
  1,  1, 2.263
  2,  2, 2.855
  3,  3, 1.725
  4,  4, 1.474
  5,  5, 0.822
  6,  6, 3.038
  7,  7, 2.524
  8,  8, 1.922
  9,  9, 1.720
 10, 10, 3.352
 11, 11, 2.636
 12, 12,-0.375
 13, 13, 0.526
 14, 14, 1.440
 15, 15, 1.585
 16, 16, 2.703
 17, 17,-1.247
 18, 18, 1.964
 19, 19, 2.053
 20, 20, 0.980
 21, 21,-0.096
 22, 22, 2.049
 23, 23, 5.000
 24, 24, 0.144
 25, 25, 3.844
 26, 26, 4.339
 27, 27, 2.070
 28, 28, 1.761
 29, 29, 4.263
 30, 30,-0.065
 31, 31, 3.261
 32, 32,-0.343
 33, 33,-0.743
 34, 34,-0.682
 35, 35, 3.112
 36, 36, 0.764
 37, 37, 0.740
 38, 38, 4.087
 39, 39, 3.729
 40, 40,-0.481
 41, 41, 2.402
 42, 42,-1.243
 43, 43, 0.972
 44, 44, 2.697
 45, 45, 2.766
 46, 46, 2.237
 47, 47, 1.140
 48, 48, 2.134
 49, 49, 2.203
 50, 50, 0.229
 51, 51, 2.230
 52, 52, 1.545
 53, 53, 1.427
 54, 54, 1.700
 55, 55, 2.282
 56, 56,-0.020
 57, 57, 0.388
 58, 58, 1.791
 59, 59, 1.363
 60, 60, 0.335
 61, 61, 1.235
 62, 62, 0.331
 63, 63, 2.148
 64, 64, 0.815
 65, 65, 1.760
 66, 66, 1.487
 67, 67,-0.006
 68, 68, 4.610
 69, 69,-0.383
 70, 70,-0.631
 71, 71, 5.000
 72, 72, 0.903
 73, 73, 3.977
 74, 74,-1.413
 75, 75, 4.414
 76, 76, 1.624
 77, 77, 2.999
 78, 78, 1.003
 79, 79, 4.005
 80, 80, 0.488
 81, 81, 0.635
 82, 82, 2.218
 83, 83, 2.035
 84, 84,-0.723
 85, 85,-1.383
 86, 86, 1.425
 87, 87, 0.727
 88, 88, 1.443
 89, 89, 0.768
 90, 90, 3.362
 91, 91, 2.748
 92, 92,-0.850
 93, 93, 2.209
 94, 94, 0.928
 95, 95, 1.909
 96, 96,-1.408
 97, 97, 2.611
 98, 98, 1.299
 99, 99, 0.626
100,100, 0.016
101,101, 2.836
102,102, 3.909
103,103, 2.557
104,104, 3.524
105,105,-0.506
106,106, 1.913
107,107, 3.310
108,108, 3.639
109,109, 1.802
110,110, 2.302
111,111, 0.192
112,112, 0.032
113,113, 4.921
114,114, 2.210
115,115,-0.416
116,116, 5.000
117,117, 3.286
118,118, 0.647
119,119, 3.441
120,120, 3.345
121,121, 0.778
122,122, 1.523
123,123, 2.898
124,124, 2.281
125,125, 3.105
126,126, 1.120
127,127, 1.536
128,128,-1.339
129,129,-1.187
130,130, 4.142
131,131, 2.278
132,132, 0.654
133,133,-0.730
134,134, 0.880
135,135, 4.124
136,136,-1.085
137,137, 3.756
138,138, 3.743
139,139, 2.484
140,140, 1.123
141,141, 4.252
142,142, 1.767
143,143,-0.130
144,144,-1.484
145,145, 4.542
146,146, 0.534
147,147, 3.800
148,148, 3.385
149,149,-1.674
150,150, 0.845
151,151, 1.717
152,152,-0.789
153,153, 3.717
154,154, 0.897
155,155, 4.293
156,156, 4.687
157,157,-0.543
158,158,-0.290
159,159, 1.588
160,160, 3.712
161,161, 3.489
162,162, 4.173
163,163, 2.688
164,164, 4.648
165,165, 0.539
166,166, 0.943
167,167, 1.509
168,168, 1.990
169,169, 3.193
170,170,-0.070
171,171, 0.388
172,172, 3.969
173,173, 3.083
174,174,-0.435
175,175, 3.916
176,176, 2.328
177,177,-0.722
178,178, 3.830
179,179,-1.101
180,180, 1.415
181,181, 2.495
182,182, 0.298
183,183, 4.024
184,184, 3.178
185,185, 2.286
186,186,-0.393
187,187, 1.067
188,188, 3.541
189,189, 3.263
190,190, 3.229
191,191,-0.712
192,192, 4.213
193,193, 2.437
194,194, 1.910
195,195,-1.544
196,196, 2.295
197,197, 1.942
198,198,-0.179
199,199, 1.735
200,200, 3.304
201,201,-1.364
202,202,-0.039
203,203, 2.230
204,204, 2.611
205,205, 1.768
206,206, 3.103
207,207, 2.369
208,208, 1.685
209,209, 2.567
210,210, 0.833
211,211, 0.869
212,212, 4.479
213,213, 1.540
214,214, 5.000
215,215, 2.035
216,216, 1.813
217,217,-0.728
218,218,-0.583
219,219, 2.128
220,220,-0.815
221,221, 1.490
222,222, 2.395
223,223, 1.299
224,224, 3.036
225,225, 1.550
226,226, 1.439
227,227, 0.470
228,228, 1.704
229,229, 0.810
230,230, 2.941
231,231, 0.218
232,232,-0.795
233,233,-0.968
234,234, 2.583
235,235, 3.038
236,236,-0.783
237,237, 2.300
238,238, 2.024
239,239, 4.159
240,240, 1.613
241,241, 1.731
242,242, 4.340
243,243, 0.082
244,244, 0.038
245,245, 1.760
246,246, 2.312
247,247,-0.740
248,248, 1.015
249,249, 0.559
250,250, 0.958
251,251, 2.279
252,252, 1.025
253,253, 2.934
254,254, 3.567
255,255, 4.444
256,256,-0.655
257,257, 3.767
258,258,-1.419
259,259,-0.581
260,260, 2.860
261,261, 2.808
262,262, 3.384
263,263, 3.470
264,264, 2.645
265,265, 0.547
266,266, 1.602
267,267, 3.041
268,268, 0.264
