from,to,weight
 0, 1,-0.149
 0, 4, 1.833
 1, 2, 0.315
 1, 4,-0.970
 2, 3, 0.446
 2, 5,-1.323
 3, 6, 0.049
 3,34, 1.277
 4, 5, 0.216
 5, 6, 0.476
 5, 7,-1.627
 6, 7, 0.934
 6,34, 1.263
 7, 8, 1.158
 7, 9,-1.155
 7,35,-1.313
 8,10, 0.876
 8,11,-0.154
 8,32, 1.568
 9,10, 1.365
 9,35, 1.393
10,11, 0.300
11,12,-0.224
11,32, 0.963
13,14,-0.231
13,25,-0.170
13,30, 1.696
13,33, 0.878
14,16,-0.911
14,26, 0.317
16,17,-0.298
16,26,-0.945
17,18, 0.829
17,20, 1.143
17,26, 1.344
18,19, 0.265
18,20,-1.479
19,20, 1.269
20,21, 0.583
20,22,-0.686
20,27,-0.219
21,22, 0.280
22,23, 1.840
22,27, 0.011
23,24, 1.683
23,28,-1.359
24,29, 1.214
25,26,-0.372
25,29,-0.712
25,30,-1.008
26,27,-0.983
26,28,-1.273
26,29, 1.482
27,28,-1.327
28,29,-1.255
29,31, 0.775
30,31, 0.147
30,33,-1.507
34,35, 2.073
36,37,-0.084
36,38,-0.012
37,38, 0.048
37,40,-1.216
38,39, 1.295
38,40,-0.539
38,41, 0.473
39,40,-0.742
39,42, 1.647
41,42,-0.026
41,44,-0.543
41,45,-1.349
41,46, 0.967
42,43, 1.692
42,44,-0.734
43,44,-0.675
43,48, 0.020
43,51,-0.958
44,45,-0.436
45,47,-0.267
46,47,-0.656
47,49, 1.526
48,50,-0.701
48,51,-0.708
49,50, 0.899
50,52, 1.288
51,52, 1.467
51,53,-0.087
52,53,-0.816
52,54, 2.342
53,54,-0.589
54,55, 1.101
55,56, 1.618
56,57, 2.385
57,59, 2.867
58,61,-0.721
58,62,-1.628
59,60, 1.219
59,61,-0.078
61,62, 0.123
62,63,-0.981
63,64,-0.143
63,66, 0.420
64,65,-0.882
64,67,-0.539
65,67, 1.166
66,67, 0.243
67,68, 1.163
 1, 0,-0.149
 4, 0, 1.833
 2, 1, 0.315
 4, 1,-0.970
 3, 2, 0.446
 5, 2,-1.323
 6, 3, 0.049
34, 3, 1.277
 5, 4, 0.216
 6, 5, 0.476
 7, 5,-1.627
 7, 6, 0.934
34, 6, 1.263
 8, 7, 1.158
 9, 7,-1.155
35, 7,-1.313
10, 8, 0.876
11, 8,-0.154
32, 8, 1.568
10, 9, 1.365
35, 9, 1.393
11,10, 0.300
12,11,-0.224
32,11, 0.963
14,13,-0.231
25,13,-0.170
30,13, 1.696
33,13, 0.878
16,14,-0.911
26,14, 0.317
17,16,-0.298
26,16,-0.945
18,17, 0.829
20,17, 1.143
26,17, 1.344
19,18, 0.265
20,18,-1.479
20,19, 1.269
21,20, 0.583
22,20,-0.686
27,20,-0.219
22,21, 0.280
23,22, 1.840
27,22, 0.011
24,23, 1.683
28,23,-1.359
29,24, 1.214
26,25,-0.372
29,25,-0.712
30,25,-1.008
27,26,-0.983
28,26,-1.273
29,26, 1.482
28,27,-1.327
29,28,-1.255
31,29, 0.775
31,30, 0.147
33,30,-1.507
35,34, 2.073
37,36,-0.084
38,36,-0.012
38,37, 0.048
40,37,-1.216
39,38, 1.295
40,38,-0.539
41,38, 0.473
40,39,-0.742
42,39, 1.647
42,41,-0.026
44,41,-0.543
45,41,-1.349
46,41, 0.967
43,42, 1.692
44,42,-0.734
44,43,-0.675
48,43, 0.020
51,43,-0.958
45,44,-0.436
47,45,-0.267
47,46,-0.656
49,47, 1.526
50,48,-0.701
51,48,-0.708
50,49, 0.899
52,50, 1.288
52,51, 1.467
53,51,-0.087
53,52,-0.816
54,52, 2.342
54,53,-0.589
55,54, 1.101
56,55, 1.618
57,56, 2.385
59,57, 2.867
61,58,-0.721
62,58,-1.628
60,59, 1.219
61,59,-0.078
62,61, 0.123
63,62,-0.981
64,63,-0.143
66,63, 0.420
65,64,-0.882
67,64,-0.539
67,65, 1.166
67,66, 0.243
68,67, 1.163
 0, 0, 4.729
 1, 1, 0.922
 2, 2, 0.181
 3, 3, 3.706
 4, 4, 2.737
 5, 5, 0.612
 6, 6, 2.532
 7, 7, 0.900
 8, 8, 4.075
 9, 9, 3.812
10,10, 2.720
11,11, 4.426
12,12,-0.338
13,13, 3.942
14,14, 0.352
15,15, 1.185
16,16, 0.644
17,17, 4.571
18,18,-0.133
19,19, 1.640
20,20, 4.985
21,21, 1.199
22,22, 2.101
23,23, 4.135
24,24, 2.083
25,25, 0.305
26,26, 3.530
27,27, 0.144
28,28,-1.040
29,29, 3.425
30,30, 2.145
31,31, 2.928
32,32, 4.235
33,33, 1.758
34,34, 4.032
35,35, 3.030
36,36, 2.641
37,37,-0.002
38,38, 4.169
39,39, 1.936
40,40, 0.296
41,41, 1.973
42,42, 3.462
43,43, 3.172
44,44, 0.555
45,45,-0.817
46,46, 1.025
47,47, 3.428
48,48, 0.260
49,49, 1.257
50,50, 1.767
51,51, 3.437
52,52, 3.851
53,53,-0.180
54,54, 4.366
55,55, 1.079
56,56, 2.501
57,57, 2.992
58,58,-0.527
59,59, 5.000
60,60, 1.618
61,61, 0.941
62,62, 0.851
63,63, 1.537
64,64, 0.840
65,65, 1.258
66,66, 2.762
67,67, 3.511
68,68, 4.762
