from,to,weight
  0,  1, 0.997
  0, 20,-0.031
  0,220,-0.573
  0,229, 1.743
  0,242,-1.357
  0,258, 1.335
  1,  2, 0.279
  1, 21,-0.092
  1,207,-0.828
  1,221,-1.693
  2,  3, 0.387
  2,  4,-1.374
  2,  9,-0.420
  2, 22,-0.213
  2,208, 1.288
  3,  4, 1.478
  3, 12, 1.230
  4,  5,-0.568
  4,  6, 1.662
  4,  7,-1.702
  4, 13,-1.464
  4,213, 1.085
  5,  6, 0.359
  5, 14,-0.873
  5,243,-1.004
  5,252, 0.202
  6,  7,-1.697
  6,214,-1.171
  6,222,-0.327
  6,231, 0.973
  6,246, 0.275
  7,217,-1.696
  8, 11,-0.275
  8, 15,-0.682
  8, 16, 0.562
  8,255,-0.630
  8,259, 0.577
  9, 10,-0.411
  9, 12,-0.098
  9, 17,-0.611
  9, 22,-1.216
 10, 11, 0.156
 10, 12, 0.616
 10, 16,-1.626
 10, 18,-0.310
 11, 16, 0.379
 11, 19, 1.137
 12, 13,-0.130
 12, 15,-0.679
 12, 16, 0.378
 13, 14,-0.354
 13, 15,-1.339
 14, 15, 0.604
 14,252, 0.423
 14,264,-0.973
 15, 16, 0.365
 15,265, 0.393
 17, 18, 1.125
 17, 22, 1.109
 18, 19, 0.522
 20, 21,-1.443
 20, 23, 1.533
 21, 22, 0.431
 21, 24, 1.421
 22, 25,-0.958
 23, 24, 0.999
 23, 29, 1.989
 23, 31,-1.114
 24, 25, 0.929
 24, 32, 2.252
 24,201, 1.313
 25, 26, 0.319
 25,202,-1.013
 26,203, 0.043
 27, 28,-0.090
 27, 29, 0.584
 27, 93, 0.962
 28, 29, 0.794
 28, 30, 0.921
 28, 94,-0.702
 29, 31,-1.595
 30, 31, 1.590
 30, 33,-0.660
 30, 35,-1.460
 30, 37, 0.714
 30, 94, 1.128
 30,219,-0.465
 31, 32, 1.039
 31,220,-1.156
 32, 36,-0.455
 32, 38, 0.476
 32,221,-0.422
 33, 34,-1.321
 33, 35,-0.851
 33, 94,-1.077
 34, 35,-1.040
 34, 37,-1.134
 34, 94,-0.771
 35, 37,-0.353
 36, 38,-0.700
 37, 43, 1.099
 37,219, 0.157
 38,201, 0.703
 38,221,-0.144
 39, 40, 0.110
 39, 45,-0.756
 39,224,-0.498
 40, 41, 1.230
 40, 42,-1.120
 40, 45, 0.028
 40, 59,-1.653
 40, 62, 0.883
 40,204,-0.632
 40,224,-0.635
 41, 42,-1.226
 41,141, 1.932
 41,206, 1.269
 42, 63,-1.503
 42,144,-1.273
 43, 91,-1.153
 43,219,-0.083
 43,228,-0.106
 43,237, 1.580
 44, 45,-0.129
 44, 56,-0.203
 44, 58,-1.101
 44,223,-0.925
 44,232,-1.455
 45, 59, 1.146
 45,224, 1.783
 46, 47,-0.197
 46, 49,-0.200
 46, 52,-0.402
 46,238, 1.596
 47, 48,-0.611
 47, 49, 0.541
 48, 50,-0.270
 49, 50,-0.163
 49, 52,-0.143
 50, 51,-1.381
 50, 54, 1.253
 50, 89, 1.589
 51, 55,-1.629
 51, 78,-1.431
 51, 90,-1.602
 52, 53, 0.424
 52, 54,-1.542
 52,230,-1.633
 53, 54,-0.119
 53, 56,-0.026
 53,231,-0.675
 54, 55,-0.057
 54, 56,-0.662
 55, 56,-0.415
 55, 57, 0.084
 55, 78, 0.265
 56, 58,-0.302
 56,232,-1.444
 57, 58, 0.497
 57, 59,-1.641
 57, 60,-0.580
 57, 73,-0.504
 57, 78,-0.796
 58, 59, 0.528
 59, 62, 0.821
 60, 61,-1.233
 60, 62,-1.593
 60, 64,-0.930
 60, 73,-1.030
 61, 62,-1.176
 61, 64,-1.604
 62, 63, 0.530
 62, 64,-0.885
 63, 64,-0.015
 63, 65,-0.338
 63, 74,-0.489
 63,144, 0.417
 64, 75,-0.267
 65, 74, 0.152
 65,144, 0.354
 65,149, 0.806
 66, 67, 0.948
 66, 77, 0.505
 66,137,-0.546
 66,152, 1.734
 67, 68,-0.064
 67, 71, 0.311
 67,139,-1.338
 67,154,-1.076
 68, 71, 1.938
 69, 71,-1.158
 70, 71, 1.430
 70, 72, 0.657
 70,104, 0.481
 70,138, 0.694
 71, 72, 0.393
 71,139, 0.769
 72,102,-1.114
 72,105, 0.320
 72,140, 2.018
 73, 75,-0.528
 73, 78,-0.376
 74, 75, 0.531
 74, 76,-0.883
 74,149,-1.020
 75, 76,-0.668
 75, 79, 0.911
 75,129, 0.164
 76, 77,-1.018
 76,131,-0.736
 77,134, 0.319
 77,137, 0.487
 77,152,-0.845
 78, 79, 0.387
 78, 81, 0.640
 78, 90,-0.531
 79, 82, 0.262
 79,126,-0.683
 79,129,-0.419
 80, 81,-1.056
 80, 85,-1.065
 80, 89,-1.349
 81, 82, 0.021
 81, 83,-0.214
 81, 86,-1.459
 81, 90, 0.029
 82, 83, 0.009
 82, 84,-1.612
 82,126, 0.184
 83, 84,-0.708
 83, 87,-0.069
 84, 88,-1.617
 84,127,-0.645
 85, 86,-1.454
 85, 87,-0.190
 85, 88, 0.305
 85, 89, 0.851
 86, 87,-1.571
 87, 88, 0.489
 88,116,-0.459
 88,127, 1.349
 89, 90, 0.460
 91, 94,-0.076
 91,237, 0.157
 92, 93,-0.673
 92, 95,-0.663
 92, 99,-1.010
 92,235,-0.487
 93, 94, 1.693
 93, 96, 1.527
 93,101,-0.803
 93,236,-1.403
 94,237, 1.285
 95, 96, 2.215
 95, 99, 0.596
 95,100, 1.039
 96,101,-0.483
 97, 98,-1.155
 98, 99, 0.703
 98,234, 1.012
 99,100, 1.393
 99,235, 0.478
102,105, 0.545
102,140, 2.043
103,104, 0.636
103,106, 1.149
103,108,-1.374
103,109,-0.704
103,135,-0.881
103,136, 0.836
104,105, 0.716
104,138,-0.199
106,108, 0.439
106,109,-0.765
107,108, 0.908
107,125, 1.288
107,132, 0.442
108,109, 2.234
108,133, 1.697
108,135,-1.483
110,111,-0.116
111,112,-0.861
111,113,-0.426
111,114,-0.627
112,113,-0.533
112,119, 0.413
113,114,-0.126
113,115, 0.312
113,121,-0.191
114,117, 0.070
115,116,-0.840
115,117, 0.316
115,121, 0.912
115,123,-1.323
116,117, 3.008
116,118,-1.639
116,127, 2.598
118,128,-0.659
119,120, 1.752
119,121, 1.292
120,121,-1.161
120,122, 2.694
121,123,-0.788
122,123,-0.748
122,124,-1.080
122,125, 3.007
124,125, 0.595
124,128, 0.938
124,130,-1.275
125,132, 0.084
126,127,-1.473
126,128, 0.742
126,129,-1.064
127,128, 1.505
128,130, 0.800
129,130, 0.018
129,131,-0.118
130,131,-0.922
130,132, 1.344
131,132, 0.202
131,134,-0.239
132,133, 0.236
132,134, 0.656
133,134,-0.224
133,135, 0.141
133,136, 0.121
134,137,-0.432
135,136,-0.442
136,137, 1.332
136,138, 1.322
137,138, 0.312
137,139, 0.743
138,139,-0.859
141,142, 0.052
141,143,-1.012
141,144, 1.093
142,143,-0.691
142,145, 0.455
143,144,-0.579
143,146,-1.338
144,147, 1.244
144,149,-1.602
145,146, 1.714
146,147, 0.331
146,148, 2.097
147,149, 1.570
148,149,-1.243
148,155, 0.771
148,161,-0.309
149,150, 0.424
149,156, 0.820
150,151,-1.361
150,152, 0.778
150,158, 0.473
151,152, 1.210
151,153, 0.936
151,160, 1.627
152,153,-0.021
152,154,-0.482
155,156,-0.764
155,157, 1.036
155,161, 0.630
155,162,-1.019
156,157, 0.712
156,158, 1.214
157,158,-1.271
157,159, 0.539
157,163, 0.296
158,159, 1.126
158,160, 0.295
159,160, 0.365
159,164, 0.640
161,162, 0.526
162,163,-0.257
163,164,-1.320
163,165, 0.777
163,172,-1.485
164,167, 1.217
165,167, 0.435
165,172, 1.649
166,167, 1.287
166,168,-0.836
167,168, 0.988
167,173,-1.429
169,170,-0.561
169,171,-0.692
169,172,-0.115
169,174, 0.940
169,175,-1.323
169,182, 0.026
170,172,-0.705
171,172, 0.549
171,183, 0.426
172,173,-1.656
174,175, 0.653
174,179,-1.412
174,182, 0.073
175,176, 0.896
175,177,-0.466
175,179, 1.760
176,177, 0.768
178,179, 1.085
178,181,-0.371
178,187, 0.510
179,182, 0.871
180,181,-0.733
180,186,-1.564
180,193,-0.615
181,182, 0.574
181,187, 0.333
181,194,-1.672
182,183, 0.117
182,195, 0.067
183,184, 1.876
183,189, 1.695
183,199,-1.239
184,190,-1.638
185,186, 0.926
185,188,-1.691
185,192, 0.417
186,187, 2.201
186,188,-1.416
186,193, 0.530
187,188, 0.121
189,190, 1.493
189,199, 1.748
191,192,-0.844
191,193,-0.995
191,202,-0.429
191,208,-1.315
192,193, 0.933
192,203, 0.834
193,194,-1.054
193,196, 0.747
193,209,-0.166
194,195,-1.111
194,196,-1.265
195,196, 0.342
195,197,-0.940
195,199, 0.095
196,197, 0.665
196,210,-0.165
197,198, 0.330
197,199,-1.079
197,200,-0.933
197,205,-1.156
197,216, 0.331
198,199, 2.027
198,206, 2.079
199,200,-0.842
201,202, 0.089
201,207,-0.618
201,221,-0.750
202,203, 1.155
202,208, 2.099
204,205,-0.437
204,206,-1.171
204,215, 0.007
204,224,-1.484
205,206, 0.503
205,216, 0.132
207,208, 0.689
207,221, 1.015
208,209, 1.848
208,212,-1.295
208,213,-0.271
209,210, 0.258
209,211,-1.014
210,211,-1.025
210,216,-0.484
210,218, 1.218
212,213,-1.298
213,217,-0.117
213,218, 1.373
214,217,-1.159
214,222,-1.591
215,216, 0.682
215,217,-0.523
215,224, 1.496
216,217,-0.923
216,218, 1.101
217,218,-0.321
217,225,-0.251
219,220,-0.660
219,228, 0.021
220,221, 0.847
220,229, 0.210
222,223,-0.203
222,225,-0.430
222,231, 0.558
223,224, 0.608
223,225,-0.440
223,232,-1.104
224,225,-1.425
226,227,-1.536
226,229, 0.259
226,234, 0.058
226,241,-1.102
227,228,-1.693
227,229,-1.115
227,236,-1.212
228,229, 1.587
228,237, 1.986
229,242,-1.698
230,231,-1.134
230,238,-1.114
231,232,-1.467
231,239, 0.278
231,246,-0.293
233,234, 1.020
233,238,-1.189
233,240, 0.775
234,235,-0.166
234,236, 0.564
234,241, 0.942
235,236, 0.339
236,237, 1.183
238,239,-0.861
238,245, 1.303
239,246,-0.454
240,241,-0.457
240,244,-1.070
240,245,-0.245
240,250, 1.148
241,242,-1.356
241,251,-1.111
241,257, 0.964
242,258,-1.702
243,244,-0.815
243,246, 0.091
243,252, 0.283
244,245,-0.215
244,246,-1.120
244,253,-0.198
245,246, 0.892
247,248, 0.600
247,261, 0.269
248,249, 0.727
248,250,-0.261
248,262,-0.100
249,250, 1.676
249,251,-1.341
249,256, 1.048
249,263,-0.583
250,251,-1.411
250,253, 2.003
251,257,-1.591
252,253, 1.749
252,254,-0.423
252,264,-0.571
254,265, 0.340
255,259,-0.347
256,257, 0.972
256,263, 1.235
257,258, 1.670
259,260, 2.572
259,261,-1.538
259,265, 0.688
260,261, 3.117
261,262, 2.238
262,263, 2.255
264,265,-1.044
  1,  0, 0.997
 20,  0,-0.031
220,  0,-0.573
229,  0, 1.743
242,  0,-1.357
258,  0, 1.335
  2,  1, 0.279
 21,  1,-0.092
207,  1,-0.828
221,  1,-1.693
  3,  2, 0.387
  4,  2,-1.374
  9,  2,-0.420
 22,  2,-0.213
208,  2, 1.288
  4,  3, 1.478
 12,  3, 1.230
  5,  4,-0.568
  6,  4, 1.662
  7,  4,-1.702
 13,  4,-1.464
213,  4, 1.085
  6,  5, 0.359
 14,  5,-0.873
243,  5,-1.004
252,  5, 0.202
  7,  6,-1.697
214,  6,-1.171
222,  6,-0.327
231,  6, 0.973
246,  6, 0.275
217,  7,-1.696
 11,  8,-0.275
 15,  8,-0.682
 16,  8, 0.562
255,  8,-0.630
259,  8, 0.577
 10,  9,-0.411
 12,  9,-0.098
 17,  9,-0.611
 22,  9,-1.216
 11, 10, 0.156
 12, 10, 0.616
 16, 10,-1.626
 18, 10,-0.310
 16, 11, 0.379
 19, 11, 1.137
 13, 12,-0.130
 15, 12,-0.679
 16, 12, 0.378
 14, 13,-0.354
 15, 13,-1.339
 15, 14, 0.604
252, 14, 0.423
264, 14,-0.973
 16, 15, 0.365
265, 15, 0.393
 18, 17, 1.125
 22, 17, 1.109
 19, 18, 0.522
 21, 20,-1.443
 23, 20, 1.533
 22, 21, 0.431
 24, 21, 1.421
 25, 22,-0.958
 24, 23, 0.999
 29, 23, 1.989
 31, 23,-1.114
 25, 24, 0.929
 32, 24, 2.252
201, 24, 1.313
 26, 25, 0.319
202, 25,-1.013
203, 26, 0.043
 28, 27,-0.090
 29, 27, 0.584
 93, 27, 0.962
 29, 28, 0.794
 30, 28, 0.921
 94, 28,-0.702
 31, 29,-1.595
 31, 30, 1.590
 33, 30,-0.660
 35, 30,-1.460
 37, 30, 0.714
 94, 30, 1.128
219, 30,-0.465
 32, 31, 1.039
220, 31,-1.156
 36, 32,-0.455
 38, 32, 0.476
221, 32,-0.422
 34, 33,-1.321
 35, 33,-0.851
 94, 33,-1.077
 35, 34,-1.040
 37, 34,-1.134
 94, 34,-0.771
 37, 35,-0.353
 38, 36,-0.700
 43, 37, 1.099
219, 37, 0.157
201, 38, 0.703
221, 38,-0.144
 40, 39, 0.110
 45, 39,-0.756
224, 39,-0.498
 41, 40, 1.230
 42, 40,-1.120
 45, 40, 0.028
 59, 40,-1.653
 62, 40, 0.883
204, 40,-0.632
224, 40,-0.635
 42, 41,-1.226
141, 41, 1.932
206, 41, 1.269
 63, 42,-1.503
144, 42,-1.273
 91, 43,-1.153
219, 43,-0.083
228, 43,-0.106
237, 43, 1.580
 45, 44,-0.129
 56, 44,-0.203
 58, 44,-1.101
223, 44,-0.925
232, 44,-1.455
 59, 45, 1.146
224, 45, 1.783
 47, 46,-0.197
 49, 46,-0.200
 52, 46,-0.402
238, 46, 1.596
 48, 47,-0.611
 49, 47, 0.541
 50, 48,-0.270
 50, 49,-0.163
 52, 49,-0.143
 51, 50,-1.381
 54, 50, 1.253
 89, 50, 1.589
 55, 51,-1.629
 78, 51,-1.431
 90, 51,-1.602
 53, 52, 0.424
 54, 52,-1.542
230, 52,-1.633
 54, 53,-0.119
 56, 53,-0.026
231, 53,-0.675
 55, 54,-0.057
 56, 54,-0.662
 56, 55,-0.415
 57, 55, 0.084
 78, 55, 0.265
 58, 56,-0.302
232, 56,-1.444
 58, 57, 0.497
 59, 57,-1.641
 60, 57,-0.580
 73, 57,-0.504
 78, 57,-0.796
 59, 58, 0.528
 62, 59, 0.821
 61, 60,-1.233
 62, 60,-1.593
 64, 60,-0.930
 73, 60,-1.030
 62, 61,-1.176
 64, 61,-1.604
 63, 62, 0.530
 64, 62,-0.885
 64, 63,-0.015
 65, 63,-0.338
 74, 63,-0.489
144, 63, 0.417
 75, 64,-0.267
 74, 65, 0.152
144, 65, 0.354
149, 65, 0.806
 67, 66, 0.948
 77, 66, 0.505
137, 66,-0.546
152, 66, 1.734
 68, 67,-0.064
 71, 67, 0.311
139, 67,-1.338
154, 67,-1.076
 71, 68, 1.938
 71, 69,-1.158
 71, 70, 1.430
 72, 70, 0.657
104, 70, 0.481
138, 70, 0.694
 72, 71, 0.393
139, 71, 0.769
102, 72,-1.114
105, 72, 0.320
140, 72, 2.018
 75, 73,-0.528
 78, 73,-0.376
 75, 74, 0.531
 76, 74,-0.883
149, 74,-1.020
 76, 75,-0.668
 79, 75, 0.911
129, 75, 0.164
 77, 76,-1.018
131, 76,-0.736
134, 77, 0.319
137, 77, 0.487
152, 77,-0.845
 79, 78, 0.387
 81, 78, 0.640
 90, 78,-0.531
 82, 79, 0.262
126, 79,-0.683
129, 79,-0.419
 81, 80,-1.056
 85, 80,-1.065
 89, 80,-1.349
 82, 81, 0.021
 83, 81,-0.214
 86, 81,-1.459
 90, 81, 0.029
 83, 82, 0.009
 84, 82,-1.612
126, 82, 0.184
 84, 83,-0.708
 87, 83,-0.069
 88, 84,-1.617
127, 84,-0.645
 86, 85,-1.454
 87, 85,-0.190
 88, 85, 0.305
 89, 85, 0.851
 87, 86,-1.571
 88, 87, 0.489
116, 88,-0.459
127, 88, 1.349
 90, 89, 0.460
 94, 91,-0.076
237, 91, 0.157
 93, 92,-0.673
 95, 92,-0.663
 99, 92,-1.010
235, 92,-0.487
 94, 93, 1.693
 96, 93, 1.527
101, 93,-0.803
236, 93,-1.403
237, 94, 1.285
 96, 95, 2.215
 99, 95, 0.596
100, 95, 1.039
101, 96,-0.483
 98, 97,-1.155
 99, 98, 0.703
234, 98, 1.012
100, 99, 1.393
235, 99, 0.478
105,102, 0.545
140,102, 2.043
104,103, 0.636
106,103, 1.149
108,103,-1.374
109,103,-0.704
135,103,-0.881
136,103, 0.836
105,104, 0.716
138,104,-0.199
108,106, 0.439
109,106,-0.765
108,107, 0.908
125,107, 1.288
132,107, 0.442
109,108, 2.234
133,108, 1.697
135,108,-1.483
111,110,-0.116
112,111,-0.861
113,111,-0.426
114,111,-0.627
113,112,-0.533
119,112, 0.413
114,113,-0.126
115,113, 0.312
121,113,-0.191
117,114, 0.070
116,115,-0.840
117,115, 0.316
121,115, 0.912
123,115,-1.323
117,116, 3.008
118,116,-1.639
127,116, 2.598
128,118,-0.659
120,119, 1.752
121,119, 1.292
121,120,-1.161
122,120, 2.694
123,121,-0.788
123,122,-0.748
124,122,-1.080
125,122, 3.007
125,124, 0.595
128,124, 0.938
130,124,-1.275
132,125, 0.084
127,126,-1.473
128,126, 0.742
129,126,-1.064
128,127, 1.505
130,128, 0.800
130,129, 0.018
131,129,-0.118
131,130,-0.922
132,130, 1.344
132,131, 0.202
134,131,-0.239
133,132, 0.236
134,132, 0.656
134,133,-0.224
135,133, 0.141
136,133, 0.121
137,134,-0.432
136,135,-0.442
137,136, 1.332
138,136, 1.322
138,137, 0.312
139,137, 0.743
139,138,-0.859
142,141, 0.052
143,141,-1.012
144,141, 1.093
143,142,-0.691
145,142, 0.455
144,143,-0.579
146,143,-1.338
147,144, 1.244
149,144,-1.602
146,145, 1.714
147,146, 0.331
148,146, 2.097
149,147, 1.570
149,148,-1.243
155,148, 0.771
161,148,-0.309
150,149, 0.424
156,149, 0.820
151,150,-1.361
152,150, 0.778
158,150, 0.473
152,151, 1.210
153,151, 0.936
160,151, 1.627
153,152,-0.021
154,152,-0.482
156,155,-0.764
157,155, 1.036
161,155, 0.630
162,155,-1.019
157,156, 0.712
158,156, 1.214
158,157,-1.271
159,157, 0.539
163,157, 0.296
159,158, 1.126
160,158, 0.295
160,159, 0.365
164,159, 0.640
162,161, 0.526
163,162,-0.257
164,163,-1.320
165,163, 0.777
172,163,-1.485
167,164, 1.217
167,165, 0.435
172,165, 1.649
167,166, 1.287
168,166,-0.836
168,167, 0.988
173,167,-1.429
170,169,-0.561
171,169,-0.692
172,169,-0.115
174,169, 0.940
175,169,-1.323
182,169, 0.026
172,170,-0.705
172,171, 0.549
183,171, 0.426
173,172,-1.656
175,174, 0.653
179,174,-1.412
182,174, 0.073
176,175, 0.896
177,175,-0.466
179,175, 1.760
177,176, 0.768
179,178, 1.085
181,178,-0.371
187,178, 0.510
182,179, 0.871
181,180,-0.733
186,180,-1.564
193,180,-0.615
182,181, 0.574
187,181, 0.333
194,181,-1.672
183,182, 0.117
195,182, 0.067
184,183, 1.876
189,183, 1.695
199,183,-1.239
190,184,-1.638
186,185, 0.926
188,185,-1.691
192,185, 0.417
187,186, 2.201
188,186,-1.416
193,186, 0.530
188,187, 0.121
190,189, 1.493
199,189, 1.748
192,191,-0.844
193,191,-0.995
202,191,-0.429
208,191,-1.315
193,192, 0.933
203,192, 0.834
194,193,-1.054
196,193, 0.747
209,193,-0.166
195,194,-1.111
196,194,-1.265
196,195, 0.342
197,195,-0.940
199,195, 0.095
197,196, 0.665
210,196,-0.165
198,197, 0.330
199,197,-1.079
200,197,-0.933
205,197,-1.156
216,197, 0.331
199,198, 2.027
206,198, 2.079
200,199,-0.842
202,201, 0.089
207,201,-0.618
221,201,-0.750
203,202, 1.155
208,202, 2.099
205,204,-0.437
206,204,-1.171
215,204, 0.007
224,204,-1.484
206,205, 0.503
216,205, 0.132
208,207, 0.689
221,207, 1.015
209,208, 1.848
212,208,-1.295
213,208,-0.271
210,209, 0.258
211,209,-1.014
211,210,-1.025
216,210,-0.484
218,210, 1.218
213,212,-1.298
217,213,-0.117
218,213, 1.373
217,214,-1.159
222,214,-1.591
216,215, 0.682
217,215,-0.523
224,215, 1.496
217,216,-0.923
218,216, 1.101
218,217,-0.321
225,217,-0.251
220,219,-0.660
228,219, 0.021
221,220, 0.847
229,220, 0.210
223,222,-0.203
225,222,-0.430
231,222, 0.558
224,223, 0.608
225,223,-0.440
232,223,-1.104
225,224,-1.425
227,226,-1.536
229,226, 0.259
234,226, 0.058
241,226,-1.102
228,227,-1.693
229,227,-1.115
236,227,-1.212
229,228, 1.587
237,228, 1.986
242,229,-1.698
231,230,-1.134
238,230,-1.114
232,231,-1.467
239,231, 0.278
246,231,-0.293
234,233, 1.020
238,233,-1.189
240,233, 0.775
235,234,-0.166
236,234, 0.564
241,234, 0.942
236,235, 0.339
237,236, 1.183
239,238,-0.861
245,238, 1.303
246,239,-0.454
241,240,-0.457
244,240,-1.070
245,240,-0.245
250,240, 1.148
242,241,-1.356
251,241,-1.111
257,241, 0.964
258,242,-1.702
244,243,-0.815
246,243, 0.091
252,243, 0.283
245,244,-0.215
246,244,-1.120
253,244,-0.198
246,245, 0.892
248,247, 0.600
261,247, 0.269
249,248, 0.727
250,248,-0.261
262,248,-0.100
250,249, 1.676
251,249,-1.341
256,249, 1.048
263,249,-0.583
251,250,-1.411
253,250, 2.003
257,251,-1.591
253,252, 1.749
254,252,-0.423
264,252,-0.571
265,254, 0.340
259,255,-0.347
257,256, 0.972
263,256, 1.235
258,257, 1.670
260,259, 2.572
261,259,-1.538
265,259, 0.688
261,260, 3.117
262,261, 2.238
263,262, 2.255
265,264,-1.044
  0,  0, 3.669
  1,  1, 1.365
  2,  2, 2.840
  3,  3, 1.138
  4,  4, 2.554
  5,  5, 0.930
  6,  6, 3.606
  7,  7,-1.700
  8,  8, 3.229
  9,  9, 0.933
 10, 10, 1.027
 11, 11, 2.255
 12, 12, 3.517
 13, 13,-0.751
 14, 14, 1.507
 15, 15, 2.196
 16, 16, 2.374
 17, 17, 1.532
 18, 18, 3.213
 19, 19, 1.770
 20, 20, 1.592
 21, 21, 1.270
 22, 22, 1.844
 23, 23, 2.576
 24, 24, 5.000
 25, 25, 1.085
 26, 26, 1.669
 27, 27, 3.926
 28, 28, 1.366
 29, 29, 3.455
 30, 30, 4.208
 31, 31, 0.894
 32, 32, 3.654
 33, 33,-0.468
 34, 34, 0.009
 35, 35,-0.703
 36, 36,-0.362
 37, 37, 3.105
 38, 38, 1.557
 39, 39,-0.152
 40, 40, 3.478
 41, 41, 4.029
 42, 42,-0.998
 43, 43, 2.752
 44, 44, 0.214
 45, 45, 2.977
 46, 46, 2.240
 47, 47, 2.834
 48, 48,-0.127
 49, 49, 1.126
 50, 50, 2.193
 51, 51,-1.425
 52, 52, 0.686
 53, 53, 0.979
 54, 54, 1.472
 55, 55, 1.152
 56, 56, 1.442
 57, 57, 1.488
 58, 58, 0.624
 59, 59, 1.505
 60, 60,-0.399
 61, 61,-1.424
 62, 62, 2.082
 63, 63, 2.180
 64, 64, 0.485
 65, 65, 1.607
 66, 66, 2.216
 67, 67, 1.747
 68, 68, 3.479
 69, 69,-1.358
 70, 70, 2.335
 71, 71, 5.000
 72, 72, 2.889
 73, 73, 0.172
 74, 74, 1.681
 75, 75, 2.869
 76, 76,-0.058
 77, 77, 1.842
 78, 78, 2.229
 79, 79, 2.322
 80, 80,-1.122
 81, 81, 1.994
 82, 82, 1.342
 83, 83, 0.757
 84, 84,-1.187
 85, 85, 3.054
 86, 86,-1.480
 87, 87, 0.388
 88, 88, 3.009
 89, 89, 2.583
 90, 90, 0.095
 91, 91, 1.298
 92, 92, 0.010
 93, 93, 3.757
 94, 94, 4.054
 95, 95, 3.380
 96, 96, 3.717
 97, 97,-1.177
 98, 98, 1.874
 99, 99, 2.962
100,100, 3.692
101,101,-0.414
102,102, 4.521
103,103, 2.990
104,104, 3.028
105,105, 3.505
106,106, 0.504
107,107, 2.662
108,108, 4.644
109,109, 3.403
110,110, 0.139
111,111, 3.466
112,112, 1.912
113,113, 1.857
114,114, 1.038
115,115, 2.426
116,116, 2.258
117,117, 4.810
118,118,-0.898
119,119, 3.829
120,120, 3.045
121,121, 1.994
122,122, 2.926
123,123,-0.636
124,124, 0.040
125,125, 4.063
126,126, 0.994
127,127, 3.417
128,128, 3.955
129,129, 1.306
130,130, 2.055
131,131, 1.418
132,132, 4.053
133,133, 2.912
134,134, 2.134
135,135, 0.064
136,136, 3.527
137,137, 3.502
138,138, 2.841
139,139, 0.668
140,140, 3.477
141,141, 2.656
142,142, 1.021
143,143,-0.547
144,144, 3.022
145,145, 2.814
146,146, 2.821
147,147, 1.981
148,148, 1.516
149,149, 2.302
150,150, 1.265
151,151, 3.344
152,152, 3.747
153,153, 1.851
154,154,-0.178
155,155, 1.865
156,156, 2.191
157,157, 2.550
158,158, 2.546
159,159, 2.988
160,160, 3.715
161,161, 4.430
162,162, 1.277
163,163, 1.474
164,164, 1.220
165,165, 0.651
166,166, 1.461
167,167, 4.626
168,168, 1.490
169,169, 3.348
170,170,-0.177
171,171, 0.550
172,172, 3.977
173,173,-1.502
174,174, 1.230
175,175, 2.313
176,176, 0.237
177,177, 4.000
178,178, 2.728
179,179, 2.865
180,180,-0.904
181,181, 0.932
182,182, 3.557
183,183, 3.384
184,184, 2.968
185,185, 5.000
186,186, 1.679
187,187, 4.052
188,188,-0.379
189,189, 2.630
190,190, 0.772
191,191,-0.456
192,192, 2.355
193,193, 3.658
194,194,-1.106
195,195, 1.482
196,196, 2.251
197,197, 2.877
198,198, 1.813
199,199, 2.673
200,200,-1.204
201,201, 2.571
202,202, 2.188
203,203, 2.304
204,204, 0.396
205,205, 0.619
206,206, 4.028
207,207, 1.181
208,208, 4.998
209,209, 1.870
210,210, 2.141
211,211,-0.996
212,212,-1.170
213,213, 1.509
214,214,-1.397
215,215, 1.683
216,216, 2.912
217,217, 1.569
218,218, 3.295
219,219, 1.743
220,220, 1.480
221,221, 1.402
222,222, 0.952
223,223, 1.128
224,224, 3.141
225,225, 0.140
226,226,-0.223
227,227,-1.253
228,228, 2.494
229,229, 3.041
230,230,-1.137
231,231, 2.597
232,232,-1.069
233,233, 2.314
234,234, 3.993
235,235, 1.376
236,236, 1.554
237,237, 4.464
238,238, 0.984
239,239,-0.308
240,240, 1.335
241,241, 1.824
242,242,-1.632
243,243, 0.207
244,244, 0.494
245,245, 2.031
246,246, 2.524
247,247, 1.244
248,248, 2.194
249,249, 2.352
250,250, 4.033
251,251,-1.219
252,252, 3.866
253,253, 2.114
254,254, 0.507
255,255,-0.414
256,256, 3.528
257,257, 2.962
258,258, 2.552
259,259, 3.629
260,260, 3.081
261,261, 2.591
262,262, 3.330
263,263, 3.129
264,264,-0.735
265,265, 2.079
