from,to,weight
 0, 1,-0.297
 0, 7, 0.492
 0,32,-0.129
 1, 3,-1.126
 1, 9, 0.336
 1,33, 1.587
 2, 3, 1.973
 2, 8, 0.449
 3, 9,-0.534
 3,33, 2.601
 4, 8,-1.218
 5, 7, 1.465
 5,10, 1.010
 5,14,-1.187
 5,17,-1.155
 5,31, 1.485
 6, 7, 0.922
 6, 8,-0.472
 6,11, 1.644
 6,18,-1.039
 7, 8, 0.728
 7, 9, 0.469
 7,19,-1.467
 7,32,-0.834
 8, 9,-0.050
10,14, 0.364
10,17,-0.519
11,15,-1.123
11,18, 0.950
12,13, 0.504
12,20, 0.557
12,27,-1.560
13,14, 1.933
13,21,-1.058
13,28, 0.969
13,29, 0.567
14,17, 2.228
14,24,-0.405
14,30, 1.829
14,31,-1.241
15,18,-1.184
16,17, 1.526
16,18, 0.815
16,23, 1.426
17,18, 0.122
17,19,-1.196
17,24,-0.508
18,19,-1.672
20,21, 0.210
20,22,-1.136
20,27,-1.332
21,22,-1.426
21,23,-0.790
21,24,-0.446
22,23,-0.952
23,24,-0.401
25,26, 1.580
26,28, 1.221
28,29,-1.318
30,31, 1.318
31,32, 0.456
34,39,-0.023
35,41,-0.570
35,43,-1.299
36,37,-0.752
37,38, 0.293
37,39,-0.001
38,39,-0.352
39,40,-0.030
39,41,-0.618
40,41,-0.044
41,42,-1.602
41,43, 1.869
42,44,-1.620
43,44, 1.793
43,48,-0.303
44,45, 1.317
44,49, 1.811
45,50,-0.270
46,47,-0.698
46,49, 0.983
46,51,-0.522
47,49, 1.553
48,49, 0.444
49,50, 0.222
49,52, 1.070
51,52,-0.267
51,53, 1.420
51,56,-1.597
52,54,-0.690
53,54,-1.167
53,56, 1.884
 1, 0,-0.297
 7, 0, 0.492
32, 0,-0.129
 3, 1,-1.126
 9, 1, 0.336
33, 1, 1.587
 3, 2, 1.973
 8, 2, 0.449
 9, 3,-0.534
33, 3, 2.601
 8, 4,-1.218
 7, 5, 1.465
10, 5, 1.010
14, 5,-1.187
17, 5,-1.155
31, 5, 1.485
 7, 6, 0.922
 8, 6,-0.472
11, 6, 1.644
18, 6,-1.039
 8, 7, 0.728
 9, 7, 0.469
19, 7,-1.467
32, 7,-0.834
 9, 8,-0.050
14,10, 0.364
17,10,-0.519
15,11,-1.123
18,11, 0.950
13,12, 0.504
20,12, 0.557
27,12,-1.560
14,13, 1.933
21,13,-1.058
28,13, 0.969
29,13, 0.567
17,14, 2.228
24,14,-0.405
30,14, 1.829
31,14,-1.241
18,15,-1.184
17,16, 1.526
18,16, 0.815
23,16, 1.426
18,17, 0.122
19,17,-1.196
24,17,-0.508
19,18,-1.672
21,20, 0.210
22,20,-1.136
27,20,-1.332
22,21,-1.426
23,21,-0.790
24,21,-0.446
23,22,-0.952
24,23,-0.401
26,25, 1.580
28,26, 1.221
29,28,-1.318
31,30, 1.318
32,31, 0.456
39,34,-0.023
41,35,-0.570
43,35,-1.299
37,36,-0.752
38,37, 0.293
39,37,-0.001
39,38,-0.352
40,39,-0.030
41,39,-0.618
41,40,-0.044
42,41,-1.602
43,41, 1.869
44,42,-1.620
44,43, 1.793
48,43,-0.303
45,44, 1.317
49,44, 1.811
50,45,-0.270
47,46,-0.698
49,46, 0.983
51,46,-0.522
49,47, 1.553
49,48, 0.444
50,49, 0.222
52,49, 1.070
52,51,-0.267
53,51, 1.420
56,51,-1.597
54,52,-0.690
54,53,-1.167
56,53, 1.884
 0, 0, 1.432
 1, 1, 3.587
 2, 2, 3.414
 3, 3, 4.205
 4, 4,-1.468
 5, 5, 1.871
 6, 6, 2.541
 7, 7, 4.622
 8, 8, 3.533
 9, 9, 1.420
10,10, 0.584
11,11, 3.319
12,12, 0.640
13,13, 3.536
14,14, 4.546
15,15,-1.409
16,16, 3.745
17,17, 4.127
18,18, 4.407
19,19,-1.407
20,20, 3.011
21,21, 0.351
22,22,-1.134
23,23, 3.697
24,24, 0.496
25,25, 2.655
26,26, 3.196
27,27,-1.337
28,28, 1.729
29,29, 1.064
30,30, 1.533
31,31, 4.841
32,32, 0.844
33,33, 3.562
34,34,-0.209
35,35,-0.202
36,36,-1.130
37,37, 5.000
38,38, 0.201
39,39, 4.794
40,40,-1.169
41,41, 2.264
42,42,-1.598
43,43, 2.212
44,44, 2.736
45,45, 2.098
46,46, 1.547
47,47, 2.508
48,48, 0.260
49,49, 5.000
50,50, 0.834
51,51, 1.916
52,52, 0.615
53,53, 1.672
54,54,-0.421
55,55, 3.301
56,56, 3.713
