from,to,weight
 0,53, 1.203
 0,57, 0.383
 0,61,-0.402
 0,64, 0.468
 1,10,-0.850
 2, 7,-0.998
 2,56,-1.079
 2,60,-1.647
 3, 8,-0.997
 3, 9, 0.385
 3,10,-0.745
 3,59, 1.147
 4, 6,-0.468
 4, 7,-0.468
 4,62,-0.892
 4,63,-1.384
 5, 6, 2.080
 6, 7, 1.926
 6,22, 1.894
 7, 8,-0.202
 7,22,-1.529
 7,60,-0.227
 8, 9, 0.360
 9,10, 1.013
 9,11,-1.076
10,11,-1.216
12,21,-1.416
13,14, 0.836
13,51, 2.162
14,22, 0.950
15,17,-0.752
16,17,-1.364
16,26,-1.248
17,18,-1.128
17,19,-0.750
17,20,-0.765
17,36, 0.412
18,19,-1.340
18,38,-0.998
19,20,-0.559
19,39,-1.012
19,46, 0.308
20,21, 1.227
20,48, 0.286
20,50,-0.551
21,22, 1.339
23,24, 1.725
23,25,-1.296
24,25, 1.434
25,29, 0.101
26,27,-0.658
28,30,-0.400
31,33,-0.409
32,33, 1.714
32,35,-1.006
33,34, 0.735
33,35,-0.939
34,35,-0.807
36,38, 1.351
37,38,-0.731
38,39, 0.853
38,44, 1.553
39,45, 0.623
39,46, 0.654
40,41, 0.340
40,42, 1.178
41,42, 0.504
41,44, 0.672
41,45, 3.034
42,43,-0.057
42,44,-0.523
43,44,-0.609
44,45,-0.524
45,46, 0.516
46,47, 2.340
46,48,-0.174
47,48,-0.303
47,49,-0.562
50,51,-0.381
52,54, 0.111
53,54, 1.989
53,57, 0.420
54,55,-1.428
54,58,-0.641
55,59,-1.555
56,57, 0.063
56,59, 0.076
56,60, 0.070
57,58,-1.188
57,59,-0.260
57,61,-0.692
58,59,-0.668
60,61,-0.374
60,62,-0.506
60,63,-1.091
61,64,-0.831
62,63,-0.545
63,64,-0.538
53, 0, 1.203
57, 0, 0.383
61, 0,-0.402
64, 0, 0.468
10, 1,-0.850
 7, 2,-0.998
56, 2,-1.079
60, 2,-1.647
 8, 3,-0.997
 9, 3, 0.385
10, 3,-0.745
59, 3, 1.147
 6, 4,-0.468
 7, 4,-0.468
62, 4,-0.892
63, 4,-1.384
 6, 5, 2.080
 7, 6, 1.926
22, 6, 1.894
 8, 7,-0.202
22, 7,-1.529
60, 7,-0.227
 9, 8, 0.360
10, 9, 1.013
11, 9,-1.076
11,10,-1.216
21,12,-1.416
14,13, 0.836
51,13, 2.162
22,14, 0.950
17,15,-0.752
17,16,-1.364
26,16,-1.248
18,17,-1.128
19,17,-0.750
20,17,-0.765
36,17, 0.412
19,18,-1.340
38,18,-0.998
20,19,-0.559
39,19,-1.012
46,19, 0.308
21,20, 1.227
48,20, 0.286
50,20,-0.551
22,21, 1.339
24,23, 1.725
25,23,-1.296
25,24, 1.434
29,25, 0.101
27,26,-0.658
30,28,-0.400
33,31,-0.409
33,32, 1.714
35,32,-1.006
34,33, 0.735
35,33,-0.939
35,34,-0.807
38,36, 1.351
38,37,-0.731
39,38, 0.853
44,38, 1.553
45,39, 0.623
46,39, 0.654
41,40, 0.340
42,40, 1.178
42,41, 0.504
44,41, 0.672
45,41, 3.034
43,42,-0.057
44,42,-0.523
44,43,-0.609
45,44,-0.524
46,45, 0.516
47,46, 2.340
48,46,-0.174
48,47,-0.303
49,47,-0.562
51,50,-0.381
54,52, 0.111
54,53, 1.989
57,53, 0.420
55,54,-1.428
58,54,-0.641
59,55,-1.555
57,56, 0.063
59,56, 0.076
60,56, 0.070
58,57,-1.188
59,57,-0.260
61,57,-0.692
59,58,-0.668
61,60,-0.374
62,60,-0.506
63,60,-1.091
64,61,-0.831
63,62,-0.545
64,63,-0.538
 0, 0, 4.429
 1, 1,-0.960
 2, 2,-1.086
 3, 3, 1.950
 4, 4, 0.649
 5, 5, 2.389
 6, 6, 2.920
 7, 7, 3.505
 8, 8, 0.345
 9, 9, 2.323
10,10, 2.675
11,11,-0.786
12,12,-1.588
13,13, 3.044
14,14, 0.635
15,15,-0.973
16,16, 1.451
17,17, 4.029
18,18,-1.004
19,19, 0.570
20,20, 5.000
21,21, 1.519
22,22, 2.741
23,23, 3.577
24,24, 1.607
25,25, 2.564
26,26, 1.944
27,27, 1.496
28,28, 0.824
29,29, 0.548
30,30, 3.230
31,31,-0.540
32,32, 3.016
33,33, 2.917
34,34, 1.988
35,35,-0.048
36,36, 1.234
37,37,-0.706
38,38, 3.831
39,39, 1.834
40,40, 1.171
41,41, 4.135
42,42, 4.241
43,43, 0.415
44,44, 2.702
45,45, 3.746
46,46, 4.036
47,47, 4.704
48,48, 0.359
49,49,-0.643
50,50,-0.146
51,51, 3.490
52,52,-0.049
53,53, 2.547
54,54, 4.889
55,55,-1.463
56,56, 1.023
57,57, 2.320
58,58,-0.689
59,59, 1.807
60,60, 1.347
61,61, 0.411
62,62,-0.265
63,63, 2.133
64,64, 1.003
65,65, 3.426
