from,to,weight
  0,  1, 1.567
  0, 19,-0.771
  0,231,-0.766
  0,240, 2.300
  0,254,-1.542
  0,271, 0.793
  1,  2, 0.766
  1, 20,-0.147
  1,220,-1.186
  1,232,-1.112
  2,  3, 0.279
  2,  4,-1.350
  2,  8,-0.497
  2, 21, 0.157
  2,221, 1.618
  3,  4, 1.343
  3, 11, 1.206
  4,  5, 0.240
  4,  6, 0.967
  4, 12,-1.423
  4,225, 0.691
  4,233,-1.512
  5,  6,-0.297
  5, 13,-1.666
  5,264,-0.057
  6,234,-0.925
  6,241, 1.578
  6,258, 0.728
  6,266,-1.286
  7, 10,-0.094
  7, 14,-1.114
  7, 15, 0.580
  7,268,-0.252
  7,272, 0.190
  8,  9,-0.388
  8, 11,-0.159
  8, 16,-0.880
  8, 21,-1.096
  9, 10, 0.076
  9, 11, 0.805
  9, 15,-1.475
  9, 17,-0.034
 10, 15, 0.498
 10, 18, 1.152
 11, 12, 0.002
 11, 14,-0.859
 11, 15, 0.602
 12, 13,-0.485
 12, 14,-0.982
 13, 14, 0.291
 13,264, 0.449
 13,277,-1.396
 14, 15, 0.665
 14,278, 0.589
 16, 17, 1.234
 16, 21, 1.238
 17, 18, 0.722
 19, 20,-1.523
 19, 22, 1.177
 20, 21, 0.241
 20, 23, 1.251
 21, 24,-0.384
 22, 23, 1.018
 22, 28, 2.066
 22, 30,-1.530
 23, 24, 0.863
 23, 31, 2.476
 23,213, 0.947
 24, 25, 0.661
 24,214,-1.004
 25,215, 1.804
 26, 27,-0.229
 26, 28, 0.617
 26, 94, 0.725
 27, 28, 0.670
 27, 29, 0.697
 27, 95,-0.605
 28, 30,-1.104
 29, 30, 1.748
 29, 32,-0.557
 29, 34,-1.497
 29, 36, 1.136
 29, 95, 1.129
 29,230,-1.437
 30, 31, 1.435
 30,231,-0.806
 31, 35,-0.295
 31, 37, 1.067
 31,232,-1.112
 32, 33,-1.225
 32, 34,-0.819
 32, 95,-0.963
 33, 34,-0.937
 33, 36,-0.910
 33, 92,-0.693
 33, 95,-0.409
 34, 36,-0.344
 35, 37,-0.597
 36, 42, 1.142
 36,230, 0.113
 37,213, 0.953
 37,232, 0.230
 38, 39, 0.100
 38, 44,-0.498
 38,236,-0.451
 39, 40, 1.387
 39, 41,-1.140
 39, 44, 0.097
 39, 62, 0.551
 39,217,-1.289
 39,236,-0.548
 40, 41,-0.931
 40,155, 2.249
 40,219, 1.446
 41, 63,-1.082
 41,158,-1.614
 42, 92,-1.069
 42,230,-0.214
 42,239,-0.305
 42,247, 1.496
 43, 44, 0.114
 43, 57,-0.021
 43, 59,-1.229
 43,235,-1.388
 43,242,-0.916
 44, 60, 1.379
 44, 62,-1.593
 44,236, 1.962
 45, 46,-1.200
 45, 47, 1.150
 45, 49,-0.119
 45, 53,-0.795
 45,249, 1.972
 46, 54,-1.245
 46,250,-1.440
 47, 48, 0.351
 47, 49,-0.002
 48, 51, 0.863
 49, 50,-1.354
 49, 51,-0.640
 49, 53,-0.899
 50, 51,-1.269
 50, 54,-1.474
 51, 52,-0.496
 51, 55, 0.772
 51, 89, 1.103
 52, 56,-0.666
 52, 78,-1.013
 52, 90,-0.694
 53, 54,-0.297
 54, 55,-0.204
 54, 57, 0.273
 54,241,-0.694
 55, 56,-0.472
 55, 57,-0.982
 56, 57, 0.184
 56, 58, 0.272
 56, 78, 0.292
 57, 59,-0.281
 57,242,-1.231
 58, 59, 0.539
 58, 61,-0.933
 58, 73,-0.493
 58, 78,-0.735
 59, 60, 0.906
 59, 61,-1.556
 60, 61,-1.623
 60, 62, 1.109
 61, 64,-0.878
 61, 75,-1.537
 62, 63, 0.573
 62, 64,-0.901
 63, 64,-0.005
 63, 65,-0.111
 63, 74,-0.063
 63,158, 0.484
 64, 75,-0.299
 65, 74, 0.476
 65,158, 0.486
 65,163, 0.904
 66, 67,-0.976
 66, 69,-1.188
 66, 77, 0.930
 66,150,-0.370
 66,166, 2.022
 67, 71,-1.102
 68, 71, 1.126
 69, 71,-1.218
 69,150,-1.446
 70, 71, 0.504
 70, 72, 0.594
 70,109, 0.412
 70,151, 0.258
 71, 72,-0.052
 71,152, 2.331
 71,153,-0.070
 72,107,-0.953
 72,110,-0.341
 72,154, 1.342
 73, 75,-0.873
 73, 78,-0.915
 74, 75, 0.474
 74, 76, 0.296
 74,163,-1.166
 75, 76,-0.101
 75, 79, 1.613
 75,141,-0.564
 76, 77,-0.166
 76,143,-0.009
 76,164,-1.446
 77,146, 1.184
 77,148,-1.601
 77,150, 1.076
 77,166,-1.024
 78, 79, 0.269
 78, 80,-0.143
 78, 90,-0.454
 79, 81, 1.002
 79,136,-0.736
 79,141,-0.309
 80, 81, 0.220
 80, 82,-0.301
 80, 90, 0.325
 81, 82,-0.144
 81, 83,-0.810
 81, 84,-1.341
 81,136,-0.625
 82, 83,-0.760
 82, 86, 0.015
 82, 91,-1.599
 83, 84,-0.919
 83, 87,-0.623
 83,137,-0.922
 84,139,-0.783
 85, 86,-0.126
 85, 87, 0.341
 85, 89, 0.820
 86, 87, 0.665
 86, 91,-1.424
 87, 88,-0.503
 87,124,-1.172
 87,137, 1.266
 88,125,-1.121
 89, 90, 0.424
 89, 91,-1.590
 90, 91,-1.412
 92, 95, 0.169
 92,247, 0.274
 93, 94,-0.696
 93, 96,-0.722
 93,100,-1.103
 93,245,-0.771
 94, 95, 2.166
 94, 97, 1.280
 94,105,-0.259
 94,246,-1.390
 95,247, 1.428
 96, 97, 2.569
 96,100, 0.597
 96,103, 1.276
 96,104,-1.444
 97,105, 0.263
 98, 99,-0.105
 98,243,-1.261
 99,100, 0.474
 99,102,-0.826
 99,244, 1.042
100,103, 0.826
100,245, 0.008
101,102,-0.476
101,103,-1.309
102,103, 0.105
103,104,-1.451
106,107, 0.095
107,110, 0.590
107,154, 2.005
108,109, 1.566
108,111, 2.129
108,115,-0.738
108,147,-0.913
108,149, 0.929
109,110, 1.096
109,151, 0.128
111,114, 0.995
111,115,-0.361
111,145,-1.664
111,147,-1.251
112,113,-1.016
113,114, 0.983
113,133, 1.957
113,144, 0.772
114,115, 2.311
114,145, 1.203
116,118, 0.793
117,118,-0.096
118,119, 1.236
118,120,-1.135
118,121, 0.617
119,120,-0.432
119,122,-1.686
119,126, 2.179
120,121,-0.773
120,123, 0.061
121,125, 0.734
122,123,-1.610
122,126,-1.603
123,125, 1.051
123,129, 0.456
123,131,-1.066
123,135, 1.790
124,125,-0.568
124,137,-1.079
125,138,-0.338
126,127, 0.128
126,128, 1.046
126,129, 0.169
127,128, 0.127
128,129,-1.194
128,130, 3.245
129,131,-1.034
130,131,-0.609
130,133, 3.024
130,134,-1.045
131,135,-0.781
132,133,-1.512
132,139,-1.520
132,142,-1.634
133,140, 0.289
133,144, 0.093
134,135,-1.190
134,139,-0.953
134,140,-1.594
135,137,-0.049
135,138,-1.693
135,139, 0.541
136,139, 0.254
136,141,-1.553
137,138,-0.405
137,139, 0.575
139,140, 0.051
139,142, 1.041
141,142,-0.397
141,143,-0.578
142,143,-0.649
142,144, 1.097
143,144, 1.038
143,146,-0.302
144,145, 0.287
144,146, 0.821
145,146, 0.475
145,147, 1.660
146,148,-1.523
147,148,-1.662
147,149, 0.771
148,150,-1.473
149,150, 1.081
149,151, 0.070
150,151, 0.329
150,152, 1.759
151,152,-0.011
153,154,-0.525
155,156, 0.441
155,157,-0.640
155,158, 0.735
156,157,-0.418
156,159, 0.804
157,158,-0.212
157,160,-1.126
158,161, 0.667
158,163,-1.607
159,160, 1.676
160,161, 0.454
160,162, 3.026
161,163, 0.858
162,163,-1.506
162,168, 1.896
162,175,-0.744
163,164, 0.760
163,169, 0.347
164,165,-0.637
164,166, 0.384
164,171,-0.086
165,166, 1.060
165,167, 1.312
165,173, 1.530
166,167,-0.325
168,169,-0.114
168,170, 0.833
168,175, 1.207
168,176,-0.056
169,170, 0.300
169,171, 0.803
169,172,-1.662
170,172, 1.393
170,177,-0.686
171,172, 0.561
171,173,-0.382
172,173, 0.590
172,178, 1.480
174,175, 1.059
175,176, 0.213
176,177,-0.794
177,178,-1.263
177,185, 0.052
178,180, 1.741
178,186,-1.607
179,180, 0.900
179,181,-0.133
180,181,-0.373
180,186, 0.080
182,183,-1.588
182,185, 0.757
182,187, 0.646
182,188,-1.636
182,194,-0.092
183,185,-0.133
183,195,-0.242
184,185,-0.947
184,196,-0.616
185,186,-0.386
185,197,-0.895
187,188, 0.360
187,192,-1.425
187,194,-0.175
188,189,-0.431
188,190,-0.276
188,192, 1.383
189,190,-0.532
191,192, 0.488
191,193, 0.101
191,200,-0.572
192,194, 0.395
193,194, 0.719
193,200, 0.416
193,206,-0.770
194,195, 0.058
194,207,-0.315
195,196, 1.041
195,197,-1.019
195,202, 1.295
195,211,-1.135
196,197,-1.264
196,203,-0.805
198,199, 0.890
198,201,-1.319
198,204, 0.468
199,200, 1.341
199,201,-1.407
199,205, 0.961
200,201,-0.305
200,206,-0.801
202,203, 0.975
202,211, 1.740
204,205, 0.115
204,215, 1.462
205,206, 0.944
205,208, 0.061
205,216,-1.164
205,222, 0.016
206,207,-0.279
206,208,-0.817
207,208, 0.378
207,209,-0.954
207,211, 0.335
207,212,-1.352
208,209, 0.335
208,223,-0.099
209,210,-0.202
209,211,-0.704
209,218,-1.019
209,227,-0.032
210,211, 2.045
210,219, 1.815
211,212,-1.235
213,214, 0.051
213,220,-0.916
213,232,-1.558
214,215, 1.830
214,216,-1.510
214,221, 2.168
215,216,-1.646
216,222,-1.350
217,218,-1.016
217,219,-1.211
217,226,-0.669
217,236,-1.478
218,219, 0.927
218,227, 0.800
220,221, 0.247
220,232, 0.322
221,222, 2.264
221,225,-0.544
222,223, 0.414
222,224,-0.690
223,224,-0.668
223,227, 0.053
223,229, 1.340
225,228,-0.178
225,229, 0.695
225,233,-1.456
226,227, 1.055
226,228,-0.987
226,236, 1.603
227,228,-0.951
227,229, 1.176
228,229,-0.323
228,237,-0.090
230,231,-0.680
230,239,-0.285
231,232,-0.328
231,240,-0.232
233,234,-1.468
233,237,-1.531
234,235,-0.891
234,237, 0.057
234,241, 0.341
235,236, 0.519
235,237,-0.259
235,242,-0.684
236,237,-0.994
238,240,-0.581
238,244,-0.654
238,253,-1.511
239,240, 0.880
239,247, 1.185
240,248, 0.134
240,254,-1.203
241,242,-0.815
241,250, 1.284
241,258,-0.321
243,244, 0.783
243,249,-0.395
243,252, 0.359
244,245,-0.573
244,246, 0.585
244,248,-0.774
244,253, 0.931
245,246,-0.046
246,247, 0.699
246,248,-1.140
247,248,-0.435
249,250,-0.446
249,257, 1.126
250,258, 0.167
251,253,-1.627
251,261,-1.648
251,269,-1.679
252,253,-0.489
252,256,-1.001
252,257,-1.105
252,262, 0.701
253,254,-1.469
253,263,-1.288
253,270, 1.023
254,271,-1.224
255,256,-0.909
255,258, 0.121
255,264,-0.986
256,257,-0.117
256,258,-1.199
256,265, 0.071
257,258, 0.868
258,266,-0.459
259,260, 0.262
259,274, 0.432
260,261, 0.767
260,262,-0.823
260,275,-0.238
261,262, 1.387
261,263,-1.386
261,269, 1.213
261,276,-1.042
262,263,-1.562
262,265, 2.254
264,265, 2.561
264,266,-0.519
264,267, 0.458
264,277,-0.638
267,278, 0.600
268,272, 0.439
269,270, 0.918
269,276, 1.069
270,271, 1.358
272,273, 2.729
272,274,-1.632
272,278, 1.212
273,274, 3.159
274,275, 2.450
275,276, 2.370
277,278,-0.865
  1,  0, 1.567
 19,  0,-0.771
231,  0,-0.766
240,  0, 2.300
254,  0,-1.542
271,  0, 0.793
  2,  1, 0.766
 20,  1,-0.147
220,  1,-1.186
232,  1,-1.112
  3,  2, 0.279
  4,  2,-1.350
  8,  2,-0.497
 21,  2, 0.157
221,  2, 1.618
  4,  3, 1.343
 11,  3, 1.206
  5,  4, 0.240
  6,  4, 0.967
 12,  4,-1.423
225,  4, 0.691
233,  4,-1.512
  6,  5,-0.297
 13,  5,-1.666
264,  5,-0.057
234,  6,-0.925
241,  6, 1.578
258,  6, 0.728
266,  6,-1.286
 10,  7,-0.094
 14,  7,-1.114
 15,  7, 0.580
268,  7,-0.252
272,  7, 0.190
  9,  8,-0.388
 11,  8,-0.159
 16,  8,-0.880
 21,  8,-1.096
 10,  9, 0.076
 11,  9, 0.805
 15,  9,-1.475
 17,  9,-0.034
 15, 10, 0.498
 18, 10, 1.152
 12, 11, 0.002
 14, 11,-0.859
 15, 11, 0.602
 13, 12,-0.485
 14, 12,-0.982
 14, 13, 0.291
264, 13, 0.449
277, 13,-1.396
 15, 14, 0.665
278, 14, 0.589
 17, 16, 1.234
 21, 16, 1.238
 18, 17, 0.722
 20, 19,-1.523
 22, 19, 1.177
 21, 20, 0.241
 23, 20, 1.251
 24, 21,-0.384
 23, 22, 1.018
 28, 22, 2.066
 30, 22,-1.530
 24, 23, 0.863
 31, 23, 2.476
213, 23, 0.947
 25, 24, 0.661
214, 24,-1.004
215, 25, 1.804
 27, 26,-0.229
 28, 26, 0.617
 94, 26, 0.725
 28, 27, 0.670
 29, 27, 0.697
 95, 27,-0.605
 30, 28,-1.104
 30, 29, 1.748
 32, 29,-0.557
 34, 29,-1.497
 36, 29, 1.136
 95, 29, 1.129
230, 29,-1.437
 31, 30, 1.435
231, 30,-0.806
 35, 31,-0.295
 37, 31, 1.067
232, 31,-1.112
 33, 32,-1.225
 34, 32,-0.819
 95, 32,-0.963
 34, 33,-0.937
 36, 33,-0.910
 92, 33,-0.693
 95, 33,-0.409
 36, 34,-0.344
 37, 35,-0.597
 42, 36, 1.142
230, 36, 0.113
213, 37, 0.953
232, 37, 0.230
 39, 38, 0.100
 44, 38,-0.498
236, 38,-0.451
 40, 39, 1.387
 41, 39,-1.140
 44, 39, 0.097
 62, 39, 0.551
217, 39,-1.289
236, 39,-0.548
 41, 40,-0.931
155, 40, 2.249
219, 40, 1.446
 63, 41,-1.082
158, 41,-1.614
 92, 42,-1.069
230, 42,-0.214
239, 42,-0.305
247, 42, 1.496
 44, 43, 0.114
 57, 43,-0.021
 59, 43,-1.229
235, 43,-1.388
242, 43,-0.916
 60, 44, 1.379
 62, 44,-1.593
236, 44, 1.962
 46, 45,-1.200
 47, 45, 1.150
 49, 45,-0.119
 53, 45,-0.795
249, 45, 1.972
 54, 46,-1.245
250, 46,-1.440
 48, 47, 0.351
 49, 47,-0.002
 51, 48, 0.863
 50, 49,-1.354
 51, 49,-0.640
 53, 49,-0.899
 51, 50,-1.269
 54, 50,-1.474
 52, 51,-0.496
 55, 51, 0.772
 89, 51, 1.103
 56, 52,-0.666
 78, 52,-1.013
 90, 52,-0.694
 54, 53,-0.297
 55, 54,-0.204
 57, 54, 0.273
241, 54,-0.694
 56, 55,-0.472
 57, 55,-0.982
 57, 56, 0.184
 58, 56, 0.272
 78, 56, 0.292
 59, 57,-0.281
242, 57,-1.231
 59, 58, 0.539
 61, 58,-0.933
 73, 58,-0.493
 78, 58,-0.735
 60, 59, 0.906
 61, 59,-1.556
 61, 60,-1.623
 62, 60, 1.109
 64, 61,-0.878
 75, 61,-1.537
 63, 62, 0.573
 64, 62,-0.901
 64, 63,-0.005
 65, 63,-0.111
 74, 63,-0.063
158, 63, 0.484
 75, 64,-0.299
 74, 65, 0.476
158, 65, 0.486
163, 65, 0.904
 67, 66,-0.976
 69, 66,-1.188
 77, 66, 0.930
150, 66,-0.370
166, 66, 2.022
 71, 67,-1.102
 71, 68, 1.126
 71, 69,-1.218
150, 69,-1.446
 71, 70, 0.504
 72, 70, 0.594
109, 70, 0.412
151, 70, 0.258
 72, 71,-0.052
152, 71, 2.331
153, 71,-0.070
107, 72,-0.953
110, 72,-0.341
154, 72, 1.342
 75, 73,-0.873
 78, 73,-0.915
 75, 74, 0.474
 76, 74, 0.296
163, 74,-1.166
 76, 75,-0.101
 79, 75, 1.613
141, 75,-0.564
 77, 76,-0.166
143, 76,-0.009
164, 76,-1.446
146, 77, 1.184
148, 77,-1.601
150, 77, 1.076
166, 77,-1.024
 79, 78, 0.269
 80, 78,-0.143
 90, 78,-0.454
 81, 79, 1.002
136, 79,-0.736
141, 79,-0.309
 81, 80, 0.220
 82, 80,-0.301
 90, 80, 0.325
 82, 81,-0.144
 83, 81,-0.810
 84, 81,-1.341
136, 81,-0.625
 83, 82,-0.760
 86, 82, 0.015
 91, 82,-1.599
 84, 83,-0.919
 87, 83,-0.623
137, 83,-0.922
139, 84,-0.783
 86, 85,-0.126
 87, 85, 0.341
 89, 85, 0.820
 87, 86, 0.665
 91, 86,-1.424
 88, 87,-0.503
124, 87,-1.172
137, 87, 1.266
125, 88,-1.121
 90, 89, 0.424
 91, 89,-1.590
 91, 90,-1.412
 95, 92, 0.169
247, 92, 0.274
 94, 93,-0.696
 96, 93,-0.722
100, 93,-1.103
245, 93,-0.771
 95, 94, 2.166
 97, 94, 1.280
105, 94,-0.259
246, 94,-1.390
247, 95, 1.428
 97, 96, 2.569
100, 96, 0.597
103, 96, 1.276
104, 96,-1.444
105, 97, 0.263
 99, 98,-0.105
243, 98,-1.261
100, 99, 0.474
102, 99,-0.826
244, 99, 1.042
103,100, 0.826
245,100, 0.008
102,101,-0.476
103,101,-1.309
103,102, 0.105
104,103,-1.451
107,106, 0.095
110,107, 0.590
154,107, 2.005
109,108, 1.566
111,108, 2.129
115,108,-0.738
147,108,-0.913
149,108, 0.929
110,109, 1.096
151,109, 0.128
114,111, 0.995
115,111,-0.361
145,111,-1.664
147,111,-1.251
113,112,-1.016
114,113, 0.983
133,113, 1.957
144,113, 0.772
115,114, 2.311
145,114, 1.203
118,116, 0.793
118,117,-0.096
119,118, 1.236
120,118,-1.135
121,118, 0.617
120,119,-0.432
122,119,-1.686
126,119, 2.179
121,120,-0.773
123,120, 0.061
125,121, 0.734
123,122,-1.610
126,122,-1.603
125,123, 1.051
129,123, 0.456
131,123,-1.066
135,123, 1.790
125,124,-0.568
137,124,-1.079
138,125,-0.338
127,126, 0.128
128,126, 1.046
129,126, 0.169
128,127, 0.127
129,128,-1.194
130,128, 3.245
131,129,-1.034
131,130,-0.609
133,130, 3.024
134,130,-1.045
135,131,-0.781
133,132,-1.512
139,132,-1.520
142,132,-1.634
140,133, 0.289
144,133, 0.093
135,134,-1.190
139,134,-0.953
140,134,-1.594
137,135,-0.049
138,135,-1.693
139,135, 0.541
139,136, 0.254
141,136,-1.553
138,137,-0.405
139,137, 0.575
140,139, 0.051
142,139, 1.041
142,141,-0.397
143,141,-0.578
143,142,-0.649
144,142, 1.097
144,143, 1.038
146,143,-0.302
145,144, 0.287
146,144, 0.821
146,145, 0.475
147,145, 1.660
148,146,-1.523
148,147,-1.662
149,147, 0.771
150,148,-1.473
150,149, 1.081
151,149, 0.070
151,150, 0.329
152,150, 1.759
152,151,-0.011
154,153,-0.525
156,155, 0.441
157,155,-0.640
158,155, 0.735
157,156,-0.418
159,156, 0.804
158,157,-0.212
160,157,-1.126
161,158, 0.667
163,158,-1.607
160,159, 1.676
161,160, 0.454
162,160, 3.026
163,161, 0.858
163,162,-1.506
168,162, 1.896
175,162,-0.744
164,163, 0.760
169,163, 0.347
165,164,-0.637
166,164, 0.384
171,164,-0.086
166,165, 1.060
167,165, 1.312
173,165, 1.530
167,166,-0.325
169,168,-0.114
170,168, 0.833
175,168, 1.207
176,168,-0.056
170,169, 0.300
171,169, 0.803
172,169,-1.662
172,170, 1.393
177,170,-0.686
172,171, 0.561
173,171,-0.382
173,172, 0.590
178,172, 1.480
175,174, 1.059
176,175, 0.213
177,176,-0.794
178,177,-1.263
185,177, 0.052
180,178, 1.741
186,178,-1.607
180,179, 0.900
181,179,-0.133
181,180,-0.373
186,180, 0.080
183,182,-1.588
185,182, 0.757
187,182, 0.646
188,182,-1.636
194,182,-0.092
185,183,-0.133
195,183,-0.242
185,184,-0.947
196,184,-0.616
186,185,-0.386
197,185,-0.895
188,187, 0.360
192,187,-1.425
194,187,-0.175
189,188,-0.431
190,188,-0.276
192,188, 1.383
190,189,-0.532
192,191, 0.488
193,191, 0.101
200,191,-0.572
194,192, 0.395
194,193, 0.719
200,193, 0.416
206,193,-0.770
195,194, 0.058
207,194,-0.315
196,195, 1.041
197,195,-1.019
202,195, 1.295
211,195,-1.135
197,196,-1.264
203,196,-0.805
199,198, 0.890
201,198,-1.319
204,198, 0.468
200,199, 1.341
201,199,-1.407
205,199, 0.961
201,200,-0.305
206,200,-0.801
203,202, 0.975
211,202, 1.740
205,204, 0.115
215,204, 1.462
206,205, 0.944
208,205, 0.061
216,205,-1.164
222,205, 0.016
207,206,-0.279
208,206,-0.817
208,207, 0.378
209,207,-0.954
211,207, 0.335
212,207,-1.352
209,208, 0.335
223,208,-0.099
210,209,-0.202
211,209,-0.704
218,209,-1.019
227,209,-0.032
211,210, 2.045
219,210, 1.815
212,211,-1.235
214,213, 0.051
220,213,-0.916
232,213,-1.558
215,214, 1.830
216,214,-1.510
221,214, 2.168
216,215,-1.646
222,216,-1.350
218,217,-1.016
219,217,-1.211
226,217,-0.669
236,217,-1.478
219,218, 0.927
227,218, 0.800
221,220, 0.247
232,220, 0.322
222,221, 2.264
225,221,-0.544
223,222, 0.414
224,222,-0.690
224,223,-0.668
227,223, 0.053
229,223, 1.340
228,225,-0.178
229,225, 0.695
233,225,-1.456
227,226, 1.055
228,226,-0.987
236,226, 1.603
228,227,-0.951
229,227, 1.176
229,228,-0.323
237,228,-0.090
231,230,-0.680
239,230,-0.285
232,231,-0.328
240,231,-0.232
234,233,-1.468
237,233,-1.531
235,234,-0.891
237,234, 0.057
241,234, 0.341
236,235, 0.519
237,235,-0.259
242,235,-0.684
237,236,-0.994
240,238,-0.581
244,238,-0.654
253,238,-1.511
240,239, 0.880
247,239, 1.185
248,240, 0.134
254,240,-1.203
242,241,-0.815
250,241, 1.284
258,241,-0.321
244,243, 0.783
249,243,-0.395
252,243, 0.359
245,244,-0.573
246,244, 0.585
248,244,-0.774
253,244, 0.931
246,245,-0.046
247,246, 0.699
248,246,-1.140
248,247,-0.435
250,249,-0.446
257,249, 1.126
258,250, 0.167
253,251,-1.627
261,251,-1.648
269,251,-1.679
253,252,-0.489
256,252,-1.001
257,252,-1.105
262,252, 0.701
254,253,-1.469
263,253,-1.288
270,253, 1.023
271,254,-1.224
256,255,-0.909
258,255, 0.121
264,255,-0.986
257,256,-0.117
258,256,-1.199
265,256, 0.071
258,257, 0.868
266,258,-0.459
260,259, 0.262
274,259, 0.432
261,260, 0.767
262,260,-0.823
275,260,-0.238
262,261, 1.387
263,261,-1.386
269,261, 1.213
276,261,-1.042
263,262,-1.562
265,262, 2.254
265,264, 2.561
266,264,-0.519
267,264, 0.458
277,264,-0.638
278,267, 0.600
272,268, 0.439
270,269, 0.918
276,269, 1.069
271,270, 1.358
273,272, 2.729
274,272,-1.632
278,272, 1.212
274,273, 3.159
275,274, 2.450
276,275, 2.370
278,277,-0.865
  0,  0, 3.382
  1,  1, 1.741
  2,  2, 3.189
  3,  3, 1.149
  4,  4, 2.690
  5,  5, 0.132
  6,  6, 2.986
  7,  7, 2.781
  8,  8, 0.808
  9,  9, 1.279
 10, 10, 2.334
 11, 11, 3.584
 12, 12,-0.303
 13, 13, 0.603
 14, 14, 2.230
 15, 15, 2.635
 16, 16, 1.282
 17, 17, 3.700
 18, 18, 2.033
 19, 19, 0.816
 20, 20, 0.858
 21, 21, 2.255
 22, 22, 2.283
 23, 23, 5.000
 24, 24, 1.314
 25, 25, 4.410
 26, 26, 3.425
 27, 27, 1.429
 28, 28, 4.062
 29, 29, 3.677
 30, 30, 1.194
 31, 31, 3.871
 32, 32,-0.305
 33, 33, 0.592
 34, 34,-0.613
 35, 35,-0.228
 36, 36, 3.272
 37, 37, 2.271
 38, 38,-0.011
 39, 39, 3.055
 40, 40, 4.595
 41, 41,-0.897
 42, 42, 2.576
 43, 43, 0.372
 44, 44, 3.473
 45, 45, 3.223
 46, 46,-1.226
 47, 47, 2.876
 48, 48, 1.320
 49, 49, 0.557
 50, 50,-1.270
 51, 51, 2.700
 52, 52, 0.037
 53, 53,-0.542
 54, 54, 1.258
 55, 55, 0.932
 56, 56, 1.811
 57, 57, 1.769
 58, 58, 1.542
 59, 59, 0.632
 60, 60, 1.860
 61, 61,-1.111
 62, 62, 1.658
 63, 63, 2.816
 64, 64, 0.325
 65, 65, 1.888
 66, 66, 2.886
 67, 67,-1.087
 68, 68, 2.455
 69, 69,-1.262
 70, 70, 1.538
 71, 71, 5.000
 72, 72, 1.955
 73, 73,-0.654
 74, 74, 2.085
 75, 75, 2.743
 76, 76, 1.117
 77, 77, 2.924
 78, 78, 2.062
 79, 79, 2.833
 80, 80, 0.938
 81, 81, 2.106
 82, 82, 0.770
 83, 83, 0.299
 84, 84,-0.930
 85, 85, 2.020
 86, 86, 0.574
 87, 87, 3.879
 88, 88,-0.909
 89, 89, 2.282
 90, 90, 1.126
 91, 91,-1.405
 92, 92, 1.651
 93, 93,-0.147
 94, 94, 3.668
 95, 95, 4.632
 96, 96, 4.039
 97, 97, 3.737
 98, 98, 0.448
 99, 99, 2.224
100,100, 2.330
101,101, 0.150
102,102, 0.074
103,103, 3.806
104,104,-1.468
105,105, 0.648
106,106,-0.384
107,107, 5.000
108,108, 3.640
109,109, 3.912
110,110, 2.767
111,111, 1.465
112,112,-1.129
113,113, 3.050
114,114, 4.633
115,115, 3.577
116,116, 1.943
117,117, 0.607
118,118, 3.822
119,119, 3.586
120,120, 0.409
121,121, 0.816
122,122,-1.638
123,123, 3.023
124,124,-1.072
125,125, 5.000
126,126, 4.405
127,127, 0.097
128,128, 3.474
129,129, 0.116
130,130, 4.060
131,131,-0.258
132,132,-1.562
133,133, 3.629
134,134,-0.872
135,135, 2.082
136,136,-0.200
137,137, 2.373
138,138,-0.990
139,139, 4.086
140,140,-0.507
141,141, 0.424
142,142, 1.723
143,143, 2.051
144,144, 4.741
145,145, 2.483
146,146, 2.183
147,147, 0.940
148,148,-1.504
149,149, 2.547
150,150, 3.598
151,151, 2.646
152,152, 2.067
153,153, 0.339
154,154, 3.789
155,155, 2.585
156,156, 1.534
157,157,-0.020
158,158, 2.793
159,159, 2.938
160,160, 3.509
161,161, 1.476
162,162, 2.134
163,163, 1.943
164,164, 1.752
165,165, 3.909
166,166, 2.540
167,167, 2.035
168,168, 3.190
169,169, 2.025
170,170, 1.391
171,171, 1.414
172,172, 4.145
173,173, 2.949
174,174, 3.901
175,175, 5.000
176,176, 0.904
177,177, 0.418
178,178, 1.042
179,179, 3.485
180,180, 3.905
181,181, 0.655
182,182, 2.585
183,183,-0.618
184,184,-0.471
185,185, 4.086
186,186,-0.376
187,187, 0.870
188,188, 1.999
189,189,-0.735
190,190, 3.727
191,191, 2.578
192,192, 2.465
193,193, 1.160
194,194, 3.188
195,195, 2.865
196,196, 3.146
197,197,-1.012
198,198, 3.652
199,199, 1.820
200,200, 3.427
201,201,-0.110
202,202, 1.999
203,203, 1.219
204,204, 1.408
205,205, 3.449
206,206, 0.228
207,207, 2.123
208,208, 2.027
209,209, 2.262
210,210, 1.035
211,211, 3.270
212,212,-1.322
213,213, 1.878
214,214, 1.890
215,215, 3.930
216,216,-1.376
217,217,-0.381
218,218, 0.618
219,219, 4.188
220,220, 0.365
221,221, 5.000
222,222, 2.389
223,223, 2.706
224,224,-0.714
225,225, 1.550
226,226, 1.173
227,227, 3.328
228,228, 1.031
229,229, 3.393
230,230, 0.892
231,231, 0.860
232,232, 0.869
233,233,-1.331
234,234, 0.429
235,235, 0.842
236,236, 3.437
237,237, 0.901
238,238,-1.134
239,239, 2.081
240,240, 3.042
241,241, 2.990
242,242,-0.360
243,243, 2.226
244,244, 3.927
245,245, 0.672
246,246, 1.394
247,247, 4.584
248,248,-0.227
249,249, 1.709
250,250, 0.500
251,251,-1.664
252,252, 0.819
253,253, 1.471
254,254,-1.170
255,255,-0.296
256,256, 0.550
257,257, 1.305
258,258, 3.337
259,259, 1.287
260,260, 1.860
261,261, 2.075
262,262, 3.483
263,263,-1.468
264,264, 4.701
265,265, 2.091
266,266,-0.825
267,267, 0.642
268,268, 0.329
269,269, 3.352
270,270, 2.538
271,271, 2.705
272,272, 4.264
273,273, 3.250
274,274, 2.750
275,275, 3.301
276,276, 2.789
277,277,-0.866
278,278, 2.363
