from,to,weight
 0, 1,-0.063
 0, 2,-1.202
 0,15, 0.131
 1, 2,-0.641
 1, 3, 0.427
 1, 4, 2.396
 1,14, 2.295
 1,16, 0.383
 2, 5,-0.992
 2, 8,-1.259
 2,17,-0.177
 3, 4,-0.307
 3,11,-0.254
 4, 5, 0.496
 4, 6, 0.672
 4, 7, 0.590
 4,11,-0.338
 5, 7,-0.900
 5, 8,-0.433
 6, 7,-0.757
 7, 9, 1.766
 8, 9,-1.139
 8,10,-1.472
 9,10, 0.653
12,13, 0.002
12,14, 1.194
12,56, 1.379
12,59, 1.186
13,14,-0.445
13,15,-1.169
13,57, 0.238
14,16,-0.183
15,16,-0.433
15,17, 0.284
15,18, 0.539
15,20, 0.570
15,57, 1.049
17,21,-1.075
18,20,-0.367
18,49,-0.603
18,57,-0.784
19,20,-0.572
19,25,-0.648
19,49,-1.074
20,21,-0.180
20,22, 0.509
20,25,-0.850
20,49,-0.836
21,23,-0.673
22,23, 0.943
22,25, 1.602
23,24, 0.347
25,30, 1.971
25,49,-0.722
26,27, 1.930
26,28, 0.182
26,29,-1.166
27,29, 0.263
27,34,-0.207
27,40,-0.013
28,29, 0.469
28,31, 0.171
29,30,-0.574
29,31, 1.262
29,35,-1.174
29,41,-0.610
29,48, 0.886
29,55,-0.166
30,31, 1.379
30,49,-0.033
30,57, 0.155
32,33,-1.455
32,38,-0.930
32,44,-0.925
33,34, 0.784
33,39,-1.454
34,40, 1.358
35,41,-1.125
35,48,-1.391
36,37,-1.617
36,38,-1.605
36,42,-1.620
37,38, 0.517
37,40, 0.668
37,41, 0.702
37,43, 0.199
37,46,-1.479
38,40,-0.787
38,44, 0.786
39,40,-1.441
40,41, 1.180
41,45, 0.048
41,48, 0.006
42,43, 1.328
42,44, 1.926
42,63,-1.055
42,70, 1.278
43,46, 1.321
43,51,-1.326
43,65,-1.327
43,71, 0.025
45,48,-0.215
46,47,-0.302
46,48, 1.094
46,51, 1.991
47,48,-0.188
47,52,-0.583
48,53,-0.742
48,55, 0.967
49,57, 0.060
51,52, 0.288
51,71,-0.285
52,53,-1.535
52,54, 0.644
53,55,-0.965
54,55, 1.920
54,56,-0.992
55,56,-0.949
55,57, 0.731
56,57,-0.510
56,58,-1.418
60,61,-1.481
60,63,-1.699
61,64, 0.293
62,63,-0.141
63,64, 0.800
63,65,-0.429
63,68, 0.149
63,70, 0.729
65,71,-0.794
66,67,-1.105
68,70,-0.201
 1, 0,-0.063
 2, 0,-1.202
15, 0, 0.131
 2, 1,-0.641
 3, 1, 0.427
 4, 1, 2.396
14, 1, 2.295
16, 1, 0.383
 5, 2,-0.992
 8, 2,-1.259
17, 2,-0.177
 4, 3,-0.307
11, 3,-0.254
 5, 4, 0.496
 6, 4, 0.672
 7, 4, 0.590
11, 4,-0.338
 7, 5,-0.900
 8, 5,-0.433
 7, 6,-0.757
 9, 7, 1.766
 9, 8,-1.139
10, 8,-1.472
10, 9, 0.653
13,12, 0.002
14,12, 1.194
56,12, 1.379
59,12, 1.186
14,13,-0.445
15,13,-1.169
57,13, 0.238
16,14,-0.183
16,15,-0.433
17,15, 0.284
18,15, 0.539
20,15, 0.570
57,15, 1.049
21,17,-1.075
20,18,-0.367
49,18,-0.603
57,18,-0.784
20,19,-0.572
25,19,-0.648
49,19,-1.074
21,20,-0.180
22,20, 0.509
25,20,-0.850
49,20,-0.836
23,21,-0.673
23,22, 0.943
25,22, 1.602
24,23, 0.347
30,25, 1.971
49,25,-0.722
27,26, 1.930
28,26, 0.182
29,26,-1.166
29,27, 0.263
34,27,-0.207
40,27,-0.013
29,28, 0.469
31,28, 0.171
30,29,-0.574
31,29, 1.262
35,29,-1.174
41,29,-0.610
48,29, 0.886
55,29,-0.166
31,30, 1.379
49,30,-0.033
57,30, 0.155
33,32,-1.455
38,32,-0.930
44,32,-0.925
34,33, 0.784
39,33,-1.454
40,34, 1.358
41,35,-1.125
48,35,-1.391
37,36,-1.617
38,36,-1.605
42,36,-1.620
38,37, 0.517
40,37, 0.668
41,37, 0.702
43,37, 0.199
46,37,-1.479
40,38,-0.787
44,38, 0.786
40,39,-1.441
41,40, 1.180
45,41, 0.048
48,41, 0.006
43,42, 1.328
44,42, 1.926
63,42,-1.055
70,42, 1.278
46,43, 1.321
51,43,-1.326
65,43,-1.327
71,43, 0.025
48,45,-0.215
47,46,-0.302
48,46, 1.094
51,46, 1.991
48,47,-0.188
52,47,-0.583
53,48,-0.742
55,48, 0.967
57,49, 0.060
52,51, 0.288
71,51,-0.285
53,52,-1.535
54,52, 0.644
55,53,-0.965
55,54, 1.920
56,54,-0.992
56,55,-0.949
57,55, 0.731
57,56,-0.510
58,56,-1.418
61,60,-1.481
63,60,-1.699
64,61, 0.293
63,62,-0.141
64,63, 0.800
65,63,-0.429
68,63, 0.149
70,63, 0.729
71,65,-0.794
67,66,-1.105
70,68,-0.201
 0, 0,-0.069
 1, 1, 4.260
 2, 2, 0.411
 3, 3, 0.381
 4, 4, 4.621
 5, 5, 0.461
 6, 6, 1.424
 7, 7, 1.835
 8, 8,-0.006
 9, 9, 3.731
10,10, 0.638
11,11, 1.859
12,12, 3.998
13,13, 0.506
14,14, 4.326
15,15, 3.717
16,16, 0.316
17,17, 0.661
18,18, 0.844
19,19,-0.488
20,20, 2.937
21,21, 0.115
22,22, 2.404
23,23, 3.137
24,24, 1.533
25,25, 2.487
26,26, 4.253
27,27, 1.620
28,28, 0.834
29,29, 4.807
30,30, 3.997
31,31, 3.596
32,32,-0.484
33,33, 1.952
34,34, 1.737
35,35,-1.195
36,36,-1.600
37,37, 2.594
38,38, 1.495
39,39,-1.370
40,40, 3.413
41,41, 2.505
42,42, 3.235
43,43, 2.642
44,44, 3.704
45,45,-0.612
46,46, 2.881
47,47,-0.223
48,48, 4.606
49,49, 1.305
50,50,-0.877
51,51, 3.026
52,52, 0.871
53,53,-1.243
54,54, 3.493
55,55, 2.858
56,56, 2.402
57,57, 3.848
58,58,-1.462
59,59, 2.873
60,60,-1.608
61,61, 2.699
62,62,-0.203
63,63, 4.529
64,64, 0.499
65,65, 0.055
66,66, 1.397
67,67,-0.424
68,68, 0.819
69,69, 2.176
70,70, 1.455
71,71, 0.088
