from,to,weight
 0, 1, 0.023
 0, 2,-0.586
 0, 3, 1.049
 1, 2,-1.254
 1, 3,-1.150
 1, 4,-1.398
 1,23, 0.735
 3,17,-0.963
 3,24, 0.615
 4, 9,-0.666
 4,23,-0.375
 5, 6,-0.358
 5, 7, 0.154
 5, 8,-1.485
 5,35,-0.389
 5,40,-0.225
 5,43,-0.967
 6,44,-1.311
 7, 8, 1.075
 7, 9,-1.363
 7,21, 0.790
 7,27,-0.564
 7,38, 0.661
 8, 9, 0.677
 9,23, 0.302
11,15,-0.620
11,72,-1.660
12,13,-0.479
12,69,-0.869
13,14, 0.724
13,15,-1.559
13,70, 0.547
14,15, 0.557
15,72, 1.475
16,17,-1.188
16,24,-0.510
17,24,-0.621
18,21,-0.462
18,27,-0.863
19,20,-1.045
19,28,-0.688
20,21,-0.300
20,29,-1.541
20,37,-1.322
21,22, 0.617
21,23,-1.354
21,25,-0.315
21,26,-1.579
21,27,-0.862
21,38, 0.953
22,23, 0.044
22,24,-0.932
22,25,-0.644
23,24, 0.574
24,25, 0.569
24,26,-1.628
25,26,-1.416
27,38,-0.376
28,29,-1.347
28,33, 2.043
28,36,-0.527
29,37,-1.543
30,32,-1.406
30,75,-1.449
30,78,-1.615
31,32, 1.555
31,33,-0.909
32,33, 2.295
32,34,-1.319
32,75, 2.624
32,78,-0.828
33,34,-0.565
33,36, 0.741
34,37,-0.482
34,42,-0.773
34,76,-0.117
35,37,-0.282
35,38,-0.461
35,40,-0.413
36,37, 1.737
37,38, 1.836
37,42, 0.963
39,40,-0.202
39,41, 1.116
39,42, 1.028
39,66, 1.167
40,41, 1.482
40,42, 1.260
40,43,-1.124
41,44,-0.066
41,45, 0.711
41,67,-1.055
42,68,-1.457
42,76, 0.160
43,44,-1.378
45,46, 0.218
46,56, 1.243
47,48,-0.332
48,50, 2.176
48,54, 0.130
50,52, 2.680
50,54,-0.254
51,53, 0.228
53,64,-0.736
54,57, 2.308
54,61,-1.438
55,56, 0.110
55,57, 1.057
55,60, 0.632
55,66, 1.048
56,57, 0.857
57,61, 0.109
58,59,-0.393
58,60, 1.471
58,63, 1.856
59,60,-1.223
59,63, 0.494
60,66,-0.462
62,63,-0.104
62,64,-1.547
63,65, 2.214
63,69, 0.496
64,65, 0.933
65,69,-0.615
66,67,-1.494
66,68,-0.352
68,76,-0.350
69,70, 0.222
70,71, 0.049
70,72,-1.506
71,72,-0.176
72,73, 0.808
72,74,-0.891
73,75, 0.659
74,75,-0.493
75,76, 0.856
75,78, 0.029
 1, 0, 0.023
 2, 0,-0.586
 3, 0, 1.049
 2, 1,-1.254
 3, 1,-1.150
 4, 1,-1.398
23, 1, 0.735
17, 3,-0.963
24, 3, 0.615
 9, 4,-0.666
23, 4,-0.375
 6, 5,-0.358
 7, 5, 0.154
 8, 5,-1.485
35, 5,-0.389
40, 5,-0.225
43, 5,-0.967
44, 6,-1.311
 8, 7, 1.075
 9, 7,-1.363
21, 7, 0.790
27, 7,-0.564
38, 7, 0.661
 9, 8, 0.677
23, 9, 0.302
15,11,-0.620
72,11,-1.660
13,12,-0.479
69,12,-0.869
14,13, 0.724
15,13,-1.559
70,13, 0.547
15,14, 0.557
72,15, 1.475
17,16,-1.188
24,16,-0.510
24,17,-0.621
21,18,-0.462
27,18,-0.863
20,19,-1.045
28,19,-0.688
21,20,-0.300
29,20,-1.541
37,20,-1.322
22,21, 0.617
23,21,-1.354
25,21,-0.315
26,21,-1.579
27,21,-0.862
38,21, 0.953
23,22, 0.044
24,22,-0.932
25,22,-0.644
24,23, 0.574
25,24, 0.569
26,24,-1.628
26,25,-1.416
38,27,-0.376
29,28,-1.347
33,28, 2.043
36,28,-0.527
37,29,-1.543
32,30,-1.406
75,30,-1.449
78,30,-1.615
32,31, 1.555
33,31,-0.909
33,32, 2.295
34,32,-1.319
75,32, 2.624
78,32,-0.828
34,33,-0.565
36,33, 0.741
37,34,-0.482
42,34,-0.773
76,34,-0.117
37,35,-0.282
38,35,-0.461
40,35,-0.413
37,36, 1.737
38,37, 1.836
42,37, 0.963
40,39,-0.202
41,39, 1.116
42,39, 1.028
66,39, 1.167
41,40, 1.482
42,40, 1.260
43,40,-1.124
44,41,-0.066
45,41, 0.711
67,41,-1.055
68,42,-1.457
76,42, 0.160
44,43,-1.378
46,45, 0.218
56,46, 1.243
48,47,-0.332
50,48, 2.176
54,48, 0.130
52,50, 2.680
54,50,-0.254
53,51, 0.228
64,53,-0.736
57,54, 2.308
61,54,-1.438
56,55, 0.110
57,55, 1.057
60,55, 0.632
66,55, 1.048
57,56, 0.857
61,57, 0.109
59,58,-0.393
60,58, 1.471
63,58, 1.856
60,59,-1.223
63,59, 0.494
66,60,-0.462
63,62,-0.104
64,62,-1.547
65,63, 2.214
69,63, 0.496
65,64, 0.933
69,65,-0.615
67,66,-1.494
68,66,-0.352
76,68,-0.350
70,69, 0.222
71,70, 0.049
72,70,-1.506
72,71,-0.176
73,72, 0.808
74,72,-0.891
75,73, 0.659
75,74,-0.493
76,75, 0.856
78,75, 0.029
 0, 0, 3.629
 1, 1, 2.145
 2, 2,-0.481
 3, 3, 1.575
 4, 4, 0.693
 5, 5, 4.202
 6, 6,-0.830
 7, 7, 2.929
 8, 8, 0.928
 9, 9, 2.451
10,10, 2.052
11,11,-0.866
12,12,-0.439
13,13, 3.667
14,14, 0.313
15,15, 3.460
16,16, 0.449
17,17,-0.392
18,18,-0.957
19,19,-0.912
20,20,-0.623
21,21, 5.000
22,22, 0.786
23,23, 3.121
24,24, 4.367
25,25, 0.011
26,26,-1.370
27,27,-0.060
28,28, 4.262
29,29,-1.415
30,30,-1.520
31,31, 1.489
32,32, 3.898
33,33, 3.698
34,34, 0.421
35,35, 0.705
36,36, 1.201
37,37, 2.812
38,38, 3.207
39,39, 2.466
40,40, 2.915
41,41, 4.272
42,42, 3.217
43,43,-1.169
44,44,-0.273
45,45, 0.792
46,46, 3.854
47,47,-0.418
48,48, 3.150
49,49,-1.388
50,50, 4.785
51,51, 1.839
52,52, 4.467
53,53, 3.101
54,54, 1.134
55,55, 3.021
56,56, 3.797
57,57, 3.879
58,58, 2.610
59,59, 1.784
60,60, 1.656
61,61, 0.218
62,62,-0.449
63,63, 4.966
64,64, 1.950
65,65, 2.308
66,66, 2.426
67,67,-1.170
68,68,-0.881
69,69, 1.694
70,70, 0.855
71,71, 0.290
72,72, 3.188
73,73, 0.987
74,74,-0.472
75,75, 4.930
76,76, 2.348
77,77,-0.555
78,78, 0.323
