from,to,weight
 0,26, 1.161
 1, 2, 1.139
 1, 3, 0.009
 1, 5, 1.003
 1,19,-1.166
 1,22,-0.521
 2, 3,-1.133
 3,23,-0.843
 4, 5, 1.017
 4,18,-1.331
 4,29, 1.680
 5,19,-1.134
 6, 7, 1.246
 6,11,-0.424
 6,52,-1.049
 6,55,-0.077
 7, 9, 0.929
 8, 9, 0.406
10,12,-1.117
11,55, 0.609
12,13, 2.683
13,15, 2.179
14,17, 1.586
14,25, 2.133
15,16, 2.424
15,17, 0.456
16,17,-0.204
16,33, 0.504
16,40,-1.505
16,49, 1.125
17,25, 0.034
17,34, 2.888
18,19,-1.471
18,21,-1.354
18,29,-1.590
19,22,-1.188
20,21, 0.150
20,22,-1.198
20,23, 0.968
20,24,-1.265
20,25, 0.739
20,28, 0.529
20,30,-0.911
21,22,-0.566
21,29, 0.415
22,23,-1.217
23,26, 0.040
24,25, 0.878
24,26, 0.870
25,26, 1.015
25,34,-1.160
27,28,-0.832
27,35,-1.610
28,29, 1.233
28,30, 0.796
28,36,-0.937
30,32, 1.793
30,34, 0.865
30,36,-0.497
31,32, 0.093
31,33,-0.113
31,38, 0.602
32,33, 1.310
32,34, 0.369
32,39, 0.949
33,34,-0.035
33,40,-0.745
35,36,-0.427
35,39,-1.453
36,39,-0.294
37,38,-0.647
37,39,-0.132
38,39, 0.207
38,40,-0.508
38,41, 1.165
41,47, 1.290
42,45,-0.799
42,46,-0.720
43,44,-0.662
44,46, 1.182
44,54, 0.200
45,46, 0.683
46,47, 0.956
47,48, 0.392
48,49,-0.641
50,51, 1.702
50,52, 0.444
50,53, 0.313
50,54, 0.844
51,52, 0.441
52,53,-1.385
52,55, 1.358
53,54,-1.152
26, 0, 1.161
 2, 1, 1.139
 3, 1, 0.009
 5, 1, 1.003
19, 1,-1.166
22, 1,-0.521
 3, 2,-1.133
23, 3,-0.843
 5, 4, 1.017
18, 4,-1.331
29, 4, 1.680
19, 5,-1.134
 7, 6, 1.246
11, 6,-0.424
52, 6,-1.049
55, 6,-0.077
 9, 7, 0.929
 9, 8, 0.406
12,10,-1.117
55,11, 0.609
13,12, 2.683
15,13, 2.179
17,14, 1.586
25,14, 2.133
16,15, 2.424
17,15, 0.456
17,16,-0.204
33,16, 0.504
40,16,-1.505
49,16, 1.125
25,17, 0.034
34,17, 2.888
19,18,-1.471
21,18,-1.354
29,18,-1.590
22,19,-1.188
21,20, 0.150
22,20,-1.198
23,20, 0.968
24,20,-1.265
25,20, 0.739
28,20, 0.529
30,20,-0.911
22,21,-0.566
29,21, 0.415
23,22,-1.217
26,23, 0.040
25,24, 0.878
26,24, 0.870
26,25, 1.015
34,25,-1.160
28,27,-0.832
35,27,-1.610
29,28, 1.233
30,28, 0.796
36,28,-0.937
32,30, 1.793
34,30, 0.865
36,30,-0.497
32,31, 0.093
33,31,-0.113
38,31, 0.602
33,32, 1.310
34,32, 0.369
39,32, 0.949
34,33,-0.035
40,33,-0.745
36,35,-0.427
39,35,-1.453
39,36,-0.294
38,37,-0.647
39,37,-0.132
39,38, 0.207
40,38,-0.508
41,38, 1.165
47,41, 1.290
45,42,-0.799
46,42,-0.720
44,43,-0.662
46,44, 1.182
54,44, 0.200
46,45, 0.683
47,46, 0.956
48,47, 0.392
49,48,-0.641
51,50, 1.702
52,50, 0.444
53,50, 0.313
54,50, 0.844
52,51, 0.441
53,52,-1.385
55,52, 1.358
54,53,-1.152
 0, 0, 1.052
 1, 1, 4.779
 2, 2, 1.650
 3, 3, 0.667
 4, 4, 2.435
 5, 5, 0.719
 6, 6, 1.464
 7, 7, 3.438
 8, 8,-0.089
 9, 9, 5.000
10,10,-0.578
11,11, 1.572
12,12, 2.677
13,13, 4.535
14,14, 1.936
15,15, 3.365
16,16, 3.671
17,17, 4.409
18,18,-1.265
19,19,-0.875
20,20, 3.126
21,21, 0.481
22,22,-0.073
23,23, 1.338
24,24,-0.192
25,25, 5.000
26,26, 4.818
27,27,-1.375
28,28, 2.285
29,29, 2.949
30,30, 2.853
31,31, 0.461
32,32, 3.750
33,33, 2.038
34,34, 3.401
35,35,-0.279
36,36, 0.222
37,37, 0.623
38,38, 3.894
39,39, 3.161
40,40,-0.219
41,41, 2.596
42,42,-0.050
43,43,-0.849
44,44, 4.597
45,45, 2.134
46,46, 3.050
47,47, 3.272
48,48, 1.603
49,49, 0.786
50,50, 4.663
51,51, 4.071
52,52, 3.117
53,53, 0.554
54,54, 0.624
55,55, 1.844
