from,to,weight
 0, 1,-0.443
 0,13, 1.220
 2, 3,-0.137
 2, 9, 2.477
 2,44,-1.495
 3,45,-0.120
 4, 5, 2.160
 4,11,-0.349
 4,23,-0.208
 5, 6, 0.404
 5, 7,-0.334
 5, 8, 1.535
 5,11,-1.650
 5,24,-0.442
 6,25,-0.480
 7, 8, 0.017
 7, 9,-1.665
 7,11,-0.057
 8, 9, 1.288
 8,29,-0.274
 8,43, 0.485
 9,10,-0.642
 9,11, 0.989
 9,12, 1.388
 9,16, 0.136
 9,44,-1.109
10,17,-1.661
11,15,-0.516
12,16, 0.182
12,19, 0.583
13,14,-1.577
16,17, 0.064
16,18,-0.753
16,19,-1.028
18,19,-0.888
20,21,-0.824
20,49,-0.537
21,50, 0.712
23,24,-1.358
23,25,-0.574
23,28,-0.543
24,25, 0.009
25,26,-0.503
25,28,-0.494
25,35, 0.063
26,27,-0.559
26,28,-1.645
27,28, 0.330
29,37,-0.786
29,43,-0.279
30,32, 0.195
31,34,-0.432
31,36,-0.834
32,33,-0.211
33,34, 1.811
34,36, 1.178
34,38, 0.567
34,66,-0.411
35,37,-1.013
36,37, 0.403
36,38, 0.073
37,40, 0.987
37,43,-1.072
38,39, 0.898
38,40, 0.490
38,42,-1.241
39,42, 1.197
40,41,-0.662
40,42, 2.091
40,43, 1.145
41,42, 1.363
41,45, 0.850
41,46, 0.376
42,47,-1.532
42,65, 1.735
43,44,-1.391
43,45,-0.183
44,45,-1.005
45,46, 0.463
45,49, 0.523
46,47,-0.352
46,48, 1.727
46,49,-0.141
46,60,-0.250
47,61,-0.880
47,65,-0.826
48,50,-0.252
49,50,-0.296
51,52,-1.384
51,53, 0.153
51,57,-0.742
53,54,-0.661
53,55, 1.185
53,57, 0.760
55,56, 0.077
55,57,-0.737
57,62, 2.374
58,59, 0.289
58,61,-0.365
58,63, 1.271
58,64,-1.386
59,61, 0.561
59,62, 0.701
60,61,-0.682
61,62, 0.234
61,65, 1.606
63,64,-1.001
 1, 0,-0.443
13, 0, 1.220
 3, 2,-0.137
 9, 2, 2.477
44, 2,-1.495
45, 3,-0.120
 5, 4, 2.160
11, 4,-0.349
23, 4,-0.208
 6, 5, 0.404
 7, 5,-0.334
 8, 5, 1.535
11, 5,-1.650
24, 5,-0.442
25, 6,-0.480
 8, 7, 0.017
 9, 7,-1.665
11, 7,-0.057
 9, 8, 1.288
29, 8,-0.274
43, 8, 0.485
10, 9,-0.642
11, 9, 0.989
12, 9, 1.388
16, 9, 0.136
44, 9,-1.109
17,10,-1.661
15,11,-0.516
16,12, 0.182
19,12, 0.583
14,13,-1.577
17,16, 0.064
18,16,-0.753
19,16,-1.028
19,18,-0.888
21,20,-0.824
49,20,-0.537
50,21, 0.712
24,23,-1.358
25,23,-0.574
28,23,-0.543
25,24, 0.009
26,25,-0.503
28,25,-0.494
35,25, 0.063
27,26,-0.559
28,26,-1.645
28,27, 0.330
37,29,-0.786
43,29,-0.279
32,30, 0.195
34,31,-0.432
36,31,-0.834
33,32,-0.211
34,33, 1.811
36,34, 1.178
38,34, 0.567
66,34,-0.411
37,35,-1.013
37,36, 0.403
38,36, 0.073
40,37, 0.987
43,37,-1.072
39,38, 0.898
40,38, 0.490
42,38,-1.241
42,39, 1.197
41,40,-0.662
42,40, 2.091
43,40, 1.145
42,41, 1.363
45,41, 0.850
46,41, 0.376
47,42,-1.532
65,42, 1.735
44,43,-1.391
45,43,-0.183
45,44,-1.005
46,45, 0.463
49,45, 0.523
47,46,-0.352
48,46, 1.727
49,46,-0.141
60,46,-0.250
61,47,-0.880
65,47,-0.826
50,48,-0.252
50,49,-0.296
52,51,-1.384
53,51, 0.153
57,51,-0.742
54,53,-0.661
55,53, 1.185
57,53, 0.760
56,55, 0.077
57,55,-0.737
62,57, 2.374
59,58, 0.289
61,58,-0.365
63,58, 1.271
64,58,-1.386
61,59, 0.561
62,59, 0.701
61,60,-0.682
62,61, 0.234
65,61, 1.606
64,63,-1.001
 0, 0, 1.415
 1, 1, 1.488
 2, 2, 2.543
 3, 3,-0.281
 4, 4, 3.792
 5, 5, 3.476
 6, 6, 0.087
 7, 7, 0.192
 8, 8, 3.697
 9, 9, 5.000
10,10,-0.892
11,11, 2.478
12,12, 1.314
13,13, 3.220
14,14, 1.557
15,15,-0.565
16,16, 3.134
17,17, 0.710
18,18,-1.079
19,19, 2.852
20,20,-0.483
21,21, 4.046
22,22, 0.343
23,23, 0.178
24,24,-0.669
25,25, 4.839
26,26,-0.677
27,27, 2.645
28,28, 0.287
29,29, 0.304
30,30, 4.296
31,31,-0.369
32,32, 1.615
33,33, 0.398
34,34, 4.385
35,35, 1.525
36,36, 3.498
37,37, 2.555
38,38, 3.141
39,39, 0.660
40,40, 3.330
41,41, 2.280
42,42, 4.697
43,43, 2.350
44,44,-1.176
45,45, 3.666
46,46, 3.748
47,47,-0.326
48,48, 2.930
49,49, 1.184
50,50, 0.232
51,51, 1.407
52,52,-1.030
53,53, 2.413
54,54,-0.473
55,55, 2.915
56,56, 1.336
57,57, 1.353
58,58, 2.056
59,59, 1.105
60,60,-0.474
61,61, 3.243
62,62, 4.388
63,63, 4.701
64,64,-0.563
65,65, 2.759
66,66, 0.319
