from,to,weight
 0,14, 0.529
 0,15,-0.149
 1, 6, 1.201
 1,29, 0.142
 2, 3, 0.577
 2, 4,-0.688
 2, 7,-0.735
 2,18,-0.239
 2,20, 1.360
 3, 7, 0.791
 3,21,-0.883
 3,23,-1.150
 4, 5,-0.402
 4, 6, 1.176
 4, 7, 1.090
 4, 8, 0.622
 4, 9,-0.979
 5, 6,-0.319
 5,10,-0.531
 6, 7,-1.234
 6,29, 0.145
 7,27, 1.143
 7,30,-0.564
 8, 9,-1.094
12,13, 0.634
12,14,-1.488
12,15, 0.478
13,14, 1.352
14,15, 0.707
15,16, 2.794
16,17, 2.580
17,20, 0.920
19,22, 0.534
19,24, 0.441
19,62, 0.626
20,21,-0.237
20,22,-0.635
21,22,-0.604
21,23,-1.172
22,24,-0.576
23,24, 0.860
23,27, 0.614
24,25, 0.103
24,27,-1.255
25,27, 0.102
25,59,-0.963
26,27, 0.368
26,29, 0.655
26,31,-0.811
27,28, 0.122
27,30,-0.409
27,60,-0.899
28,33,-0.449
28,61,-0.313
29,31,-1.667
31,32,-0.593
32,33, 0.855
32,34,-0.839
32,35,-0.602
32,56, 0.542
33,57,-0.420
33,61, 0.256
34,35,-0.128
34,56,-0.480
35,36,-0.021
37,38,-0.627
37,46, 2.672
38,39,-1.104
38,40,-0.376
38,46,-1.035
39,40,-0.157
40,42, 2.029
40,45,-1.409
40,48, 0.753
41,42, 1.828
41,43,-0.327
41,44,-0.294
42,43, 1.423
42,45,-1.254
42,48, 0.695
42,52,-0.501
43,44,-0.584
45,48,-1.404
46,47, 0.331
46,48,-1.181
46,50, 0.654
47,51, 0.712
48,52, 1.994
49,51, 0.112
49,54,-0.184
50,51, 0.930
50,52,-1.633
50,56,-0.226
51,52, 2.489
51,55, 1.660
51,57, 0.329
51,61,-1.345
53,54,-1.100
54,55,-1.107
55,61, 1.390
56,57,-0.722
57,61,-0.561
59,60,-1.539
59,61,-0.178
60,61,-0.982
14, 0, 0.529
15, 0,-0.149
 6, 1, 1.201
29, 1, 0.142
 3, 2, 0.577
 4, 2,-0.688
 7, 2,-0.735
18, 2,-0.239
20, 2, 1.360
 7, 3, 0.791
21, 3,-0.883
23, 3,-1.150
 5, 4,-0.402
 6, 4, 1.176
 7, 4, 1.090
 8, 4, 0.622
 9, 4,-0.979
 6, 5,-0.319
10, 5,-0.531
 7, 6,-1.234
29, 6, 0.145
27, 7, 1.143
30, 7,-0.564
 9, 8,-1.094
13,12, 0.634
14,12,-1.488
15,12, 0.478
14,13, 1.352
15,14, 0.707
16,15, 2.794
17,16, 2.580
20,17, 0.920
22,19, 0.534
24,19, 0.441
62,19, 0.626
21,20,-0.237
22,20,-0.635
22,21,-0.604
23,21,-1.172
24,22,-0.576
24,23, 0.860
27,23, 0.614
25,24, 0.103
27,24,-1.255
27,25, 0.102
59,25,-0.963
27,26, 0.368
29,26, 0.655
31,26,-0.811
28,27, 0.122
30,27,-0.409
60,27,-0.899
33,28,-0.449
61,28,-0.313
31,29,-1.667
32,31,-0.593
33,32, 0.855
34,32,-0.839
35,32,-0.602
56,32, 0.542
57,33,-0.420
61,33, 0.256
35,34,-0.128
56,34,-0.480
36,35,-0.021
38,37,-0.627
46,37, 2.672
39,38,-1.104
40,38,-0.376
46,38,-1.035
40,39,-0.157
42,40, 2.029
45,40,-1.409
48,40, 0.753
42,41, 1.828
43,41,-0.327
44,41,-0.294
43,42, 1.423
45,42,-1.254
48,42, 0.695
52,42,-0.501
44,43,-0.584
48,45,-1.404
47,46, 0.331
48,46,-1.181
50,46, 0.654
51,47, 0.712
52,48, 1.994
51,49, 0.112
54,49,-0.184
51,50, 0.930
52,50,-1.633
56,50,-0.226
52,51, 2.489
55,51, 1.660
57,51, 0.329
61,51,-1.345
54,53,-1.100
55,54,-1.107
61,55, 1.390
57,56,-0.722
61,57,-0.561
60,59,-1.539
61,59,-0.178
61,60,-0.982
 0, 0, 1.421
 1, 1, 1.896
 2, 2, 3.978
 3, 3, 0.567
 4, 4, 5.000
 5, 5, 0.744
 6, 6, 3.536
 7, 7, 3.477
 8, 8, 0.892
 9, 9,-0.644
10,10, 4.006
11,11, 0.669
12,12, 0.361
13,13, 3.471
14,14, 2.946
15,15, 5.000
16,16, 1.642
17,17, 4.465
18,18,-0.113
19,19, 3.618
20,20, 3.974
21,21,-0.190
22,22, 0.842
23,23, 0.379
24,24, 3.637
25,25, 0.348
26,26, 1.093
27,27, 5.000
28,28,-0.033
29,29, 2.666
30,30,-0.490
31,31, 1.842
32,32, 4.128
33,33, 2.652
34,34,-0.051
35,35, 3.010
36,36,-0.218
37,37, 4.242
38,38, 0.094
39,39,-0.248
40,40, 2.922
41,41, 1.425
42,42, 5.000
43,43, 4.094
44,44, 0.247
45,45,-1.334
46,46, 3.392
47,47, 0.070
48,48, 2.144
49,49, 0.683
50,50, 0.231
51,51, 5.000
52,52, 2.676
53,53,-0.021
54,54, 1.597
55,55,-0.111
56,56, 1.480
57,57, 0.315
58,58,-1.539
59,59, 0.019
60,60,-1.165
61,61, 3.153
62,62, 2.069
