from,to,weight
  1,  2,-1.424
  1,  3, 0.618
  1, 21, 0.239
  1, 60,-0.525
  2,  5, 0.496
  2,  9,-1.508
  2, 22, 0.534
  3,  4, 1.103
  3,  5, 1.807
  3, 41, 0.402
  3, 60,-0.205
  4,  5, 1.005
  4,  6,-0.665
  4,  7,-1.666
  4,  8, 0.573
  4, 42,-0.704
  5,  6,-0.564
  5,  9, 3.694
  6,  7,-1.652
  6,  8,-0.724
  6, 10,-1.629
  7,  8,-1.636
  8, 40,-0.131
  9, 10,-0.214
  9, 13, 2.728
  9, 19, 0.295
 10, 14,-1.693
 11, 13, 0.921
 13, 14,-0.220
 13, 15,-1.655
 13, 19,-0.415
 15, 19,-1.656
 17, 18,-1.012
 17, 23,-0.668
 18, 23, 0.449
 19, 22, 0.412
 20, 21,-1.539
 20, 25,-1.360
 20, 58,-1.392
 21, 22,-0.422
 21, 30,-0.031
 21, 60, 0.863
 22, 31,-0.105
 23, 27, 1.071
 23, 32, 0.700
 24, 25,-0.073
 24, 26,-1.009
 24, 27,-1.405
 24, 31,-0.533
 25, 27, 0.722
 25, 28, 0.005
 25, 30, 0.907
 25, 31, 0.054
 25, 58,-1.007
 25, 65, 1.166
 26, 27,-0.946
 27, 28, 0.781
 27, 29,-0.461
 27, 32,-0.155
 28, 29, 0.054
 28, 67,-0.707
 29, 34, 1.850
 29, 36,-1.297
 29, 68, 1.812
 30, 31,-0.227
 32, 33,-1.030
 32, 34,-0.387
 32, 35,-1.507
 33, 34,-1.163
 33, 35,-1.447
 34, 36,-0.325
 36, 37,-0.568
 36, 68,-0.268
 37, 68,-0.061
 38, 47,-0.467
 41, 42,-1.237
 41, 60, 0.069
 42, 49,-0.282
 43, 44,-1.519
 43, 47,-0.909
 44, 45,-1.047
 44, 48,-1.460
 45, 46, 1.288
 45, 48, 0.892
 45, 52,-1.582
 46, 53, 0.406
 46,114, 0.125
 47, 48, 1.209
 47, 49, 1.029
 48, 49,-0.814
 48, 52,-0.180
 49, 57, 1.025
 50, 55,-1.199
 50, 64,-1.434
 50,113,-1.296
 51, 53,-1.101
 51, 54,-0.969
 51, 57,-1.334
 52, 53, 0.474
 52, 57,-0.838
 53, 54,-0.166
 53, 55, 0.109
 53,112, 0.529
 54, 55, 0.521
 54, 57,-0.510
 55, 56, 0.594
 55, 57,-0.538
 55, 59, 2.083
 55, 64, 0.659
 55,113, 0.672
 56, 57,-0.603
 56, 60, 0.470
 58, 59,-1.526
 58, 60, 0.188
 58, 61, 0.143
 58, 65,-0.585
 59, 60, 1.131
 59, 64,-1.425
 61, 62, 0.118
 61, 63,-0.554
 61, 64, 1.821
 61, 65, 0.842
 62, 63, 0.354
 62, 64,-0.438
 63, 67, 1.109
 64,111,-0.592
 64,113, 0.582
 66, 67,-1.271
 67, 68, 0.588
 67, 69, 1.118
 67, 70,-0.622
 68, 69, 0.760
 69, 70,-0.311
 69, 71,-0.972
 69, 72, 2.297
 69, 74,-1.599
 70, 71,-1.398
 72, 74,-1.567
 72, 75, 2.110
 73, 77,-0.486
 73, 79,-1.425
 73, 86,-1.110
 74, 75,-1.479
 75, 76, 1.590
 75, 77, 2.882
 76, 77, 0.381
 76, 78, 1.829
 77, 78, 0.154
 77, 79, 4.715
 79, 80, 1.060
 79, 81,-0.461
 79, 86, 2.016
 81, 86,-0.500
 82, 83,-0.538
 82, 85,-0.561
 82, 87, 0.553
 83, 87,-1.047
 84, 85, 0.558
 84, 98, 0.216
 85, 86, 2.096
 85, 87, 0.172
 86, 87, 1.449
 87, 88,-0.934
 89, 98,-0.980
 90, 91, 1.630
 90, 95, 0.769
 91, 92,-0.194
 91, 93,-0.752
 91, 95,-1.654
 92, 93,-0.661
 94, 96, 1.071
 94, 97, 0.473
 96, 97,-0.701
 96,110,-0.795
 97,102,-1.099
 97,108, 0.550
 97,110,-1.411
 98,104, 0.612
 99,100,-1.657
 99,103,-0.715
100,101, 0.907
100,103,-0.347
100,106,-1.124
101,103,-0.794
101,105, 0.640
101,107, 1.227
101,112,-0.070
102,108,-0.496
103,104, 0.763
103,105, 0.921
104,105,-0.725
105,111,-1.639
105,113, 0.908
106,107, 0.767
106,108,-0.074
106,109,-0.621
107,112,-0.125
108,109, 0.329
108,110, 0.920
111,113,-1.355
112,113,-0.063
  2,  1,-1.424
  3,  1, 0.618
 21,  1, 0.239
 60,  1,-0.525
  5,  2, 0.496
  9,  2,-1.508
 22,  2, 0.534
  4,  3, 1.103
  5,  3, 1.807
 41,  3, 0.402
 60,  3,-0.205
  5,  4, 1.005
  6,  4,-0.665
  7,  4,-1.666
  8,  4, 0.573
 42,  4,-0.704
  6,  5,-0.564
  9,  5, 3.694
  7,  6,-1.652
  8,  6,-0.724
 10,  6,-1.629
  8,  7,-1.636
 40,  8,-0.131
 10,  9,-0.214
 13,  9, 2.728
 19,  9, 0.295
 14, 10,-1.693
 13, 11, 0.921
 14, 13,-0.220
 15, 13,-1.655
 19, 13,-0.415
 19, 15,-1.656
 18, 17,-1.012
 23, 17,-0.668
 23, 18, 0.449
 22, 19, 0.412
 21, 20,-1.539
 25, 20,-1.360
 58, 20,-1.392
 22, 21,-0.422
 30, 21,-0.031
 60, 21, 0.863
 31, 22,-0.105
 27, 23, 1.071
 32, 23, 0.700
 25, 24,-0.073
 26, 24,-1.009
 27, 24,-1.405
 31, 24,-0.533
 27, 25, 0.722
 28, 25, 0.005
 30, 25, 0.907
 31, 25, 0.054
 58, 25,-1.007
 65, 25, 1.166
 27, 26,-0.946
 28, 27, 0.781
 29, 27,-0.461
 32, 27,-0.155
 29, 28, 0.054
 67, 28,-0.707
 34, 29, 1.850
 36, 29,-1.297
 68, 29, 1.812
 31, 30,-0.227
 33, 32,-1.030
 34, 32,-0.387
 35, 32,-1.507
 34, 33,-1.163
 35, 33,-1.447
 36, 34,-0.325
 37, 36,-0.568
 68, 36,-0.268
 68, 37,-0.061
 47, 38,-0.467
 42, 41,-1.237
 60, 41, 0.069
 49, 42,-0.282
 44, 43,-1.519
 47, 43,-0.909
 45, 44,-1.047
 48, 44,-1.460
 46, 45, 1.288
 48, 45, 0.892
 52, 45,-1.582
 53, 46, 0.406
114, 46, 0.125
 48, 47, 1.209
 49, 47, 1.029
 49, 48,-0.814
 52, 48,-0.180
 57, 49, 1.025
 55, 50,-1.199
 64, 50,-1.434
113, 50,-1.296
 53, 51,-1.101
 54, 51,-0.969
 57, 51,-1.334
 53, 52, 0.474
 57, 52,-0.838
 54, 53,-0.166
 55, 53, 0.109
112, 53, 0.529
 55, 54, 0.521
 57, 54,-0.510
 56, 55, 0.594
 57, 55,-0.538
 59, 55, 2.083
 64, 55, 0.659
113, 55, 0.672
 57, 56,-0.603
 60, 56, 0.470
 59, 58,-1.526
 60, 58, 0.188
 61, 58, 0.143
 65, 58,-0.585
 60, 59, 1.131
 64, 59,-1.425
 62, 61, 0.118
 63, 61,-0.554
 64, 61, 1.821
 65, 61, 0.842
 63, 62, 0.354
 64, 62,-0.438
 67, 63, 1.109
111, 64,-0.592
113, 64, 0.582
 67, 66,-1.271
 68, 67, 0.588
 69, 67, 1.118
 70, 67,-0.622
 69, 68, 0.760
 70, 69,-0.311
 71, 69,-0.972
 72, 69, 2.297
 74, 69,-1.599
 71, 70,-1.398
 74, 72,-1.567
 75, 72, 2.110
 77, 73,-0.486
 79, 73,-1.425
 86, 73,-1.110
 75, 74,-1.479
 76, 75, 1.590
 77, 75, 2.882
 77, 76, 0.381
 78, 76, 1.829
 78, 77, 0.154
 79, 77, 4.715
 80, 79, 1.060
 81, 79,-0.461
 86, 79, 2.016
 86, 81,-0.500
 83, 82,-0.538
 85, 82,-0.561
 87, 82, 0.553
 87, 83,-1.047
 85, 84, 0.558
 98, 84, 0.216
 86, 85, 2.096
 87, 85, 0.172
 87, 86, 1.449
 88, 87,-0.934
 98, 89,-0.980
 91, 90, 1.630
 95, 90, 0.769
 92, 91,-0.194
 93, 91,-0.752
 95, 91,-1.654
 93, 92,-0.661
 96, 94, 1.071
 97, 94, 0.473
 97, 96,-0.701
110, 96,-0.795
102, 97,-1.099
108, 97, 0.550
110, 97,-1.411
104, 98, 0.612
100, 99,-1.657
103, 99,-0.715
101,100, 0.907
103,100,-0.347
106,100,-1.124
103,101,-0.794
105,101, 0.640
107,101, 1.227
112,101,-0.070
108,102,-0.496
104,103, 0.763
105,103, 0.921
105,104,-0.725
111,105,-1.639
113,105, 0.908
107,106, 0.767
108,106,-0.074
109,106,-0.621
112,107,-0.125
109,108, 0.329
110,108, 0.920
113,111,-1.355
113,112,-0.063
  0,  0, 0.686
  1,  1, 0.614
  2,  2, 0.593
  3,  3, 2.999
  4,  4, 4.721
  5,  5, 4.342
  6,  6, 0.669
  7,  7,-1.649
  8,  8, 5.000
  9,  9, 2.431
 10, 10,-0.476
 11, 11, 1.014
 12, 12,-1.210
 13, 13, 4.269
 14, 14,-0.923
 15, 15,-1.675
 16, 16,-0.931
 17, 17,-0.046
 18, 18,-0.169
 19, 19, 3.481
 20, 20,-1.420
 21, 21, 1.788
 22, 22, 2.117
 23, 23, 3.826
 24, 24, 0.207
 25, 25, 4.671
 26, 26,-1.082
 27, 27, 4.921
 28, 28, 1.902
 29, 29, 2.962
 30, 30, 0.693
 31, 31, 3.288
 32, 32, 3.205
 33, 33,-1.105
 34, 34, 3.544
 35, 35,-1.161
 36, 36, 0.408
 37, 37, 0.835
 38, 38, 3.201
 39, 39, 0.280
 40, 40, 3.110
 41, 41, 0.367
 42, 42, 0.317
 43, 43,-1.067
 44, 44,-1.076
 45, 45, 3.975
 46, 46, 1.428
 47, 47, 3.366
 48, 48, 1.443
 49, 49, 2.963
 50, 50,-1.286
 51, 51,-0.833
 52, 52,-0.037
 53, 53, 4.047
 54, 54, 0.740
 55, 55, 5.000
 56, 56,-0.425
 57, 57, 2.084
 58, 58, 0.880
 59, 59, 0.414
 60, 60, 4.002
 61, 61, 3.234
 62, 62, 1.774
 63, 63, 2.053
 64, 64, 3.663
 65, 65, 0.497
 66, 66,-1.438
 67, 67, 3.058
 68, 68, 2.938
 69, 69, 4.508
 70, 70, 0.208
 71, 71,-0.923
 72, 72, 1.142
 73, 73,-0.871
 74, 74,-1.496
 75, 75, 3.767
 76, 76, 3.480
 77, 77, 3.799
 78, 78, 3.816
 79, 79, 4.883
 80, 80, 0.517
 81, 81,-0.782
 82, 82, 0.930
 83, 83, 0.431
 84, 84, 0.795
 85, 85, 2.165
 86, 86, 4.572
 87, 87, 3.974
 88, 88,-1.340
 89, 89,-1.036
 90, 90, 0.376
 91, 91, 5.000
 92, 92,-0.893
 93, 93,-0.008
 94, 94, 3.804
 95, 95, 1.550
 96, 96, 1.929
 97, 97, 0.691
 98, 98, 2.687
 99, 99,-0.839
100,100, 1.558
101,101, 3.003
102,102,-0.159
103,103, 3.834
104,104, 1.457
105,105, 3.449
106,106, 0.515
107,107, 3.314
108,108, 4.772
109,109, 0.482
110,110, 0.953
111,111,-0.758
112,112, 2.472
113,113, 2.702
114,114, 1.839
