from,to,weight
 0,45, 1.282
 1, 2,-1.137
 1, 3,-0.377
 1, 7, 0.981
 1,53,-0.584
 2, 8,-0.544
 3,39,-0.282
 3,54, 0.032
 4, 5,-1.365
 4, 7, 0.610
 4,10,-0.509
 4,17, 0.112
 6, 7,-0.289
 6,48, 0.294
 7, 8, 0.652
 7,19,-0.544
 7,53, 0.915
 8,12, 0.101
 8,20,-0.787
 9,16,-0.896
10,11,-0.346
10,17,-0.202
12,20, 0.058
12,24,-1.662
12,37, 0.312
13,14,-1.648
14,15,-0.217
14,21,-1.083
16,17, 2.039
16,18,-1.613
16,21,-1.538
16,22, 1.552
16,23, 0.083
17,18,-0.136
17,19,-1.590
18,19,-0.100
18,20,-1.667
18,23, 0.260
19,20,-0.559
20,23, 0.944
20,24, 1.934
21,22, 0.198
22,23, 0.418
22,25, 0.733
22,28,-1.152
22,30,-1.297
23,32,-0.486
24,34,-1.401
24,37, 1.073
25,28, 0.039
25,30,-0.519
27,29,-0.979
28,30, 0.420
29,31,-0.739
29,33, 0.630
30,31, 1.540
30,32,-0.045
31,32, 1.409
31,33, 0.952
31,35,-0.402
33,35,-0.529
34,37,-1.408
37,38,-0.980
37,40,-1.298
37,41, 0.878
38,39,-1.585
38,41,-0.545
39,42, 0.873
39,54, 0.311
39,60, 0.972
40,41,-1.312
41,42, 3.289
41,43, 2.378
42,43,-1.580
42,44, 0.998
42,60, 2.297
43,44,-0.652
44,58,-1.411
44,61,-1.096
44,63, 1.113
45,46,-1.300
49,52,-0.961
51,52, 0.928
51,53, 1.436
51,55,-1.063
52,57, 0.269
52,82, 0.069
53,54, 0.877
53,55,-1.238
54,56,-0.102
54,60, 0.697
55,56,-0.548
55,57,-0.628
56,57, 1.205
56,58, 0.268
56,59,-1.014
56,60, 1.284
57,59, 1.206
57,82,-1.294
58,59, 0.948
58,61,-0.922
58,62,-0.124
58,63, 0.744
58,79,-0.067
59,77,-1.432
59,80,-0.417
61,63,-1.576
62,63, 0.669
62,79, 0.178
63,64,-0.075
63,66,-0.992
64,66,-0.416
65,68,-0.547
66,67, 2.673
66,68,-0.536
67,68, 1.962
67,73, 2.552
68,69, 1.608
70,72, 0.442
71,72,-0.890
73,77, 2.035
74,75, 2.034
74,78, 1.807
74,81,-1.029
75,76,-0.039
75,77, 0.892
76,77,-0.598
77,80, 0.578
79,80,-0.084
45, 0, 1.282
 2, 1,-1.137
 3, 1,-0.377
 7, 1, 0.981
53, 1,-0.584
 8, 2,-0.544
39, 3,-0.282
54, 3, 0.032
 5, 4,-1.365
 7, 4, 0.610
10, 4,-0.509
17, 4, 0.112
 7, 6,-0.289
48, 6, 0.294
 8, 7, 0.652
19, 7,-0.544
53, 7, 0.915
12, 8, 0.101
20, 8,-0.787
16, 9,-0.896
11,10,-0.346
17,10,-0.202
20,12, 0.058
24,12,-1.662
37,12, 0.312
14,13,-1.648
15,14,-0.217
21,14,-1.083
17,16, 2.039
18,16,-1.613
21,16,-1.538
22,16, 1.552
23,16, 0.083
18,17,-0.136
19,17,-1.590
19,18,-0.100
20,18,-1.667
23,18, 0.260
20,19,-0.559
23,20, 0.944
24,20, 1.934
22,21, 0.198
23,22, 0.418
25,22, 0.733
28,22,-1.152
30,22,-1.297
32,23,-0.486
34,24,-1.401
37,24, 1.073
28,25, 0.039
30,25,-0.519
29,27,-0.979
30,28, 0.420
31,29,-0.739
33,29, 0.630
31,30, 1.540
32,30,-0.045
32,31, 1.409
33,31, 0.952
35,31,-0.402
35,33,-0.529
37,34,-1.408
38,37,-0.980
40,37,-1.298
41,37, 0.878
39,38,-1.585
41,38,-0.545
42,39, 0.873
54,39, 0.311
60,39, 0.972
41,40,-1.312
42,41, 3.289
43,41, 2.378
43,42,-1.580
44,42, 0.998
60,42, 2.297
44,43,-0.652
58,44,-1.411
61,44,-1.096
63,44, 1.113
46,45,-1.300
52,49,-0.961
52,51, 0.928
53,51, 1.436
55,51,-1.063
57,52, 0.269
82,52, 0.069
54,53, 0.877
55,53,-1.238
56,54,-0.102
60,54, 0.697
56,55,-0.548
57,55,-0.628
57,56, 1.205
58,56, 0.268
59,56,-1.014
60,56, 1.284
59,57, 1.206
82,57,-1.294
59,58, 0.948
61,58,-0.922
62,58,-0.124
63,58, 0.744
79,58,-0.067
77,59,-1.432
80,59,-0.417
63,61,-1.576
63,62, 0.669
79,62, 0.178
64,63,-0.075
66,63,-0.992
66,64,-0.416
68,65,-0.547
67,66, 2.673
68,66,-0.536
68,67, 1.962
73,67, 2.552
69,68, 1.608
72,70, 0.442
72,71,-0.890
77,73, 2.035
75,74, 2.034
78,74, 1.807
81,74,-1.029
76,75,-0.039
77,75, 0.892
77,76,-0.598
80,77, 0.578
80,79,-0.084
 0, 0, 1.846
 1, 1, 1.215
 2, 2,-0.116
 3, 3, 1.010
 4, 4, 1.990
 5, 5, 2.028
 6, 6, 5.000
 7, 7, 4.691
 8, 8, 0.908
 9, 9,-0.874
10,10, 0.611
11,11, 0.033
12,12, 0.607
13,13,-0.572
14,14, 2.905
15,15, 0.778
16,16, 3.517
17,17, 1.424
18,18, 0.396
19,19,-0.178
20,20, 2.845
21,21, 1.404
22,22, 2.783
23,23, 3.172
24,24, 2.034
25,25, 0.494
26,26,-1.204
27,27, 2.485
28,28, 1.624
29,29, 1.283
30,30, 2.358
31,31, 4.442
32,32, 3.036
33,33, 4.757
34,34,-1.550
35,35, 0.590
36,36,-0.056
37,37, 4.479
38,38,-0.650
39,39, 2.458
40,40,-1.385
41,41, 4.235
42,42, 3.869
43,43, 1.245
44,44, 2.803
45,45, 5.000
46,46,-1.294
47,47, 0.256
48,48, 2.011
49,49,-1.256
50,50,-0.735
51,51, 1.249
52,52, 3.524
53,53, 2.452
54,54, 2.934
55,55,-0.277
56,56, 3.081
57,57, 3.281
58,58, 3.673
59,59, 2.002
60,60, 3.101
61,61,-1.137
62,62, 0.778
63,63, 5.000
64,64,-0.624
65,65,-0.486
66,66, 2.948
67,67, 4.241
68,68, 5.000
69,69, 1.234
70,70, 2.581
71,71, 2.984
72,72, 1.627
73,73, 3.257
74,74, 3.882
75,75, 3.642
76,76, 0.803
77,77, 3.523
78,78, 2.773
79,79, 1.027
80,80, 0.602
81,81,-0.574
82,82, 0.717
