from,to,weight
 0, 1, 0.497
 0,37,-0.070
 0,43,-1.358
 0,47,-0.603
 1, 2, 1.115
 1, 7,-0.382
 1,38,-0.728
 1,48,-1.597
 2, 3, 0.418
 2, 8, 0.752
 2,49, 1.317
 2,56,-0.630
 3, 4,-0.029
 3, 8,-1.490
 3,15,-0.264
 3,56,-0.725
 4,16, 0.273
 4,32,-0.649
 4,54,-0.490
 4,57,-1.465
 4,58,-1.044
 5, 6,-1.036
 5,12, 4.386
 6,13,-1.176
 6,19,-1.109
 7, 8, 1.003
 7, 9, 1.108
 7,10, 1.665
 7,11, 0.426
 7,12, 0.244
 7,13,-1.138
 7,14,-0.655
 7,38,-0.714
 8,15,-0.453
 9,13,-0.258
 9,17, 0.240
 9,25,-1.131
10,11,-0.536
10,12, 1.772
10,41, 0.095
11,12,-0.802
11,13,-0.763
12,13,-0.441
13,19,-0.756
13,21,-0.152
13,26,-0.654
14,15,-1.325
14,16,-1.174
14,17,-1.201
15,16,-0.227
16,17,-0.659
16,23,-0.275
16,32, 0.233
17,25,-0.082
18,19,-0.320
19,21, 1.890
19,59,-0.406
20,21, 0.479
20,22, 0.606
20,60, 1.266
21,26, 1.407
21,59,-0.899
21,61,-1.346
22,24, 1.149
22,25,-0.621
22,26,-0.153
22,28,-0.456
22,60,-1.679
23,24, 0.752
23,25,-1.162
23,29,-0.870
23,32, 0.193
24,25, 2.519
24,30, 1.956
25,26, 1.101
27,30,-0.484
28,30, 0.598
29,30,-0.718
29,31,-0.495
29,32,-1.364
29,34,-0.840
30,35, 2.504
31,32, 0.333
31,34, 0.032
31,54,-0.671
32,54,-0.220
32,58,-1.060
33,35,-0.040
33,36,-0.725
34,35,-0.257
34,36,-0.435
34,54, 0.050
35,36, 1.306
37,43,-0.571
39,41,-0.085
39,42, 2.635
40,41,-0.203
43,44, 0.692
43,45,-1.254
43,47,-0.143
44,45, 0.319
44,47,-1.161
45,47, 0.478
46,47, 0.529
46,51,-1.233
46,52,-0.119
47,48, 0.789
47,51,-0.998
47,52,-0.908
48,49, 0.460
48,51,-0.941
49,50, 0.093
49,51, 0.334
49,53, 0.266
49,56,-0.474
50,51,-0.844
50,52,-0.688
50,54, 0.804
50,57,-1.541
51,52, 1.450
52,55,-1.237
53,54, 0.101
54,57,-1.601
54,58,-0.911
56,57,-1.601
60,61,-1.489
 1, 0, 0.497
37, 0,-0.070
43, 0,-1.358
47, 0,-0.603
 2, 1, 1.115
 7, 1,-0.382
38, 1,-0.728
48, 1,-1.597
 3, 2, 0.418
 8, 2, 0.752
49, 2, 1.317
56, 2,-0.630
 4, 3,-0.029
 8, 3,-1.490
15, 3,-0.264
56, 3,-0.725
16, 4, 0.273
32, 4,-0.649
54, 4,-0.490
57, 4,-1.465
58, 4,-1.044
 6, 5,-1.036
12, 5, 4.386
13, 6,-1.176
19, 6,-1.109
 8, 7, 1.003
 9, 7, 1.108
10, 7, 1.665
11, 7, 0.426
12, 7, 0.244
13, 7,-1.138
14, 7,-0.655
38, 7,-0.714
15, 8,-0.453
13, 9,-0.258
17, 9, 0.240
25, 9,-1.131
11,10,-0.536
12,10, 1.772
41,10, 0.095
12,11,-0.802
13,11,-0.763
13,12,-0.441
19,13,-0.756
21,13,-0.152
26,13,-0.654
15,14,-1.325
16,14,-1.174
17,14,-1.201
16,15,-0.227
17,16,-0.659
23,16,-0.275
32,16, 0.233
25,17,-0.082
19,18,-0.320
21,19, 1.890
59,19,-0.406
21,20, 0.479
22,20, 0.606
60,20, 1.266
26,21, 1.407
59,21,-0.899
61,21,-1.346
24,22, 1.149
25,22,-0.621
26,22,-0.153
28,22,-0.456
60,22,-1.679
24,23, 0.752
25,23,-1.162
29,23,-0.870
32,23, 0.193
25,24, 2.519
30,24, 1.956
26,25, 1.101
30,27,-0.484
30,28, 0.598
30,29,-0.718
31,29,-0.495
32,29,-1.364
34,29,-0.840
35,30, 2.504
32,31, 0.333
34,31, 0.032
54,31,-0.671
54,32,-0.220
58,32,-1.060
35,33,-0.040
36,33,-0.725
35,34,-0.257
36,34,-0.435
54,34, 0.050
36,35, 1.306
43,37,-0.571
41,39,-0.085
42,39, 2.635
41,40,-0.203
44,43, 0.692
45,43,-1.254
47,43,-0.143
45,44, 0.319
47,44,-1.161
47,45, 0.478
47,46, 0.529
51,46,-1.233
52,46,-0.119
48,47, 0.789
51,47,-0.998
52,47,-0.908
49,48, 0.460
51,48,-0.941
50,49, 0.093
51,49, 0.334
53,49, 0.266
56,49,-0.474
51,50,-0.844
52,50,-0.688
54,50, 0.804
57,50,-1.541
52,51, 1.450
55,52,-1.237
54,53, 0.101
57,54,-1.601
58,54,-0.911
57,56,-1.601
61,60,-1.489
 0, 0, 0.545
 1, 1, 1.078
 2, 2, 3.472
 3, 3, 0.553
 4, 4, 1.278
 5, 5, 5.000
 6, 6,-0.739
 7, 7, 5.000
 8, 8, 0.560
 9, 9, 1.263
10,10, 3.377
11,11,-0.571
12,12, 4.536
13,13, 2.268
14,14,-0.606
15,15, 0.171
16,16, 2.146
17,17, 0.449
18,18, 0.287
19,19, 3.429
20,20, 0.815
21,21, 5.000
22,22, 1.923
23,23, 1.047
24,24, 3.967
25,25, 3.022
26,26, 1.959
27,27,-0.406
28,28, 1.464
29,29, 0.215
30,30, 3.683
31,31, 0.937
32,32, 2.614
33,33, 0.753
34,34, 1.527
35,35, 2.086
36,36, 3.073
37,37,-0.268
38,38,-0.354
39,39, 4.094
40,40, 1.476
41,41, 2.146
42,42, 3.894
43,43, 2.285
44,44, 4.576
45,45, 0.101
46,46,-0.084
47,47, 4.858
48,48, 0.363
49,49, 3.620
50,50, 0.479
51,51, 1.511
52,52, 4.533
53,53,-0.721
54,54, 3.034
55,55,-1.398
56,56,-0.437
57,57,-1.459
58,58,-0.830
59,59, 0.169
60,60, 3.714
61,61,-1.410
