from,to,weight
 0, 1,-0.717
 0, 3, 0.855
 1, 3,-0.292
 1,57, 0.623
 2, 4,-1.008
 2, 7,-1.071
 2,10,-1.612
 3, 4, 0.362
 3, 5,-0.555
 3, 9, 0.530
 3,57, 0.278
 4, 7,-1.328
 4,10, 1.447
 4,58,-0.602
 5, 6,-1.058
 5, 9,-1.400
 6,11, 0.573
 6,12, 1.203
 6,42, 0.294
 6,47, 0.109
 7,10, 1.264
 7,17, 1.176
 7,58, 1.418
 8,10,-0.893
 8,15,-1.700
 8,18,-0.913
 9,10, 1.553
 9,11,-0.268
10,11, 1.088
10,17, 0.979
10,22, 0.618
11,12, 1.054
11,24,-1.391
12,13, 0.179
12,24, 0.413
12,29, 1.371
12,44,-1.179
12,47, 1.593
13,32,-0.185
13,45,-1.327
13,48, 0.673
13,51,-1.149
14,15, 2.015
14,16, 0.131
14,34, 1.136
14,59, 1.705
15,16, 1.228
15,17, 0.327
15,18, 2.700
15,35, 0.206
16,17, 0.251
16,60,-0.572
18,19,-1.417
18,21, 0.948
18,22,-1.442
18,23,-0.185
18,25, 0.086
18,26,-0.389
18,35,-0.711
19,27,-1.628
20,21,-0.144
20,25,-1.289
20,28, 1.071
21,25,-0.605
22,23, 0.626
22,24,-0.510
23,24,-1.619
23,25, 0.618
24,25, 0.754
24,29,-1.061
25,30, 1.150
26,27,-0.337
26,35,-0.599
26,37,-1.368
27,28, 1.152
27,39,-0.114
27,40,-0.126
28,30, 1.921
28,41,-1.119
29,30, 0.382
29,32, 0.156
30,31,-1.671
30,32, 1.306
31,32,-1.661
33,34,-1.412
33,35,-1.583
33,36,-1.292
34,35, 2.248
34,36, 0.799
34,59, 1.078
34,62, 0.078
35,36, 2.439
35,37,-0.656
36,38, 1.194
36,63, 1.562
37,38,-0.924
37,39,-1.425
38,39, 2.415
38,63, 0.554
39,40, 1.014
40,41,-0.835
42,44, 0.290
42,47,-0.973
43,44,-0.679
43,45,-1.503
43,46,-0.842
43,50,-1.250
44,45, 0.218
44,47, 1.092
45,51, 0.982
46,53, 0.828
48,51, 1.145
49,52,-1.314
49,54,-1.318
50,51,-1.216
50,53,-1.279
51,52, 1.900
51,53, 0.914
52,54, 0.167
54,55, 0.213
57,58, 0.872
59,61,-0.521
59,62,-0.382
61,62,-0.493
62,63, 0.010
 1, 0,-0.717
 3, 0, 0.855
 3, 1,-0.292
57, 1, 0.623
 4, 2,-1.008
 7, 2,-1.071
10, 2,-1.612
 4, 3, 0.362
 5, 3,-0.555
 9, 3, 0.530
57, 3, 0.278
 7, 4,-1.328
10, 4, 1.447
58, 4,-0.602
 6, 5,-1.058
 9, 5,-1.400
11, 6, 0.573
12, 6, 1.203
42, 6, 0.294
47, 6, 0.109
10, 7, 1.264
17, 7, 1.176
58, 7, 1.418
10, 8,-0.893
15, 8,-1.700
18, 8,-0.913
10, 9, 1.553
11, 9,-0.268
11,10, 1.088
17,10, 0.979
22,10, 0.618
12,11, 1.054
24,11,-1.391
13,12, 0.179
24,12, 0.413
29,12, 1.371
44,12,-1.179
47,12, 1.593
32,13,-0.185
45,13,-1.327
48,13, 0.673
51,13,-1.149
15,14, 2.015
16,14, 0.131
34,14, 1.136
59,14, 1.705
16,15, 1.228
17,15, 0.327
18,15, 2.700
35,15, 0.206
17,16, 0.251
60,16,-0.572
19,18,-1.417
21,18, 0.948
22,18,-1.442
23,18,-0.185
25,18, 0.086
26,18,-0.389
35,18,-0.711
27,19,-1.628
21,20,-0.144
25,20,-1.289
28,20, 1.071
25,21,-0.605
23,22, 0.626
24,22,-0.510
24,23,-1.619
25,23, 0.618
25,24, 0.754
29,24,-1.061
30,25, 1.150
27,26,-0.337
35,26,-0.599
37,26,-1.368
28,27, 1.152
39,27,-0.114
40,27,-0.126
30,28, 1.921
41,28,-1.119
30,29, 0.382
32,29, 0.156
31,30,-1.671
32,30, 1.306
32,31,-1.661
34,33,-1.412
35,33,-1.583
36,33,-1.292
35,34, 2.248
36,34, 0.799
59,34, 1.078
62,34, 0.078
36,35, 2.439
37,35,-0.656
38,36, 1.194
63,36, 1.562
38,37,-0.924
39,37,-1.425
39,38, 2.415
63,38, 0.554
40,39, 1.014
41,40,-0.835
44,42, 0.290
47,42,-0.973
44,43,-0.679
45,43,-1.503
46,43,-0.842
50,43,-1.250
45,44, 0.218
47,44, 1.092
51,45, 0.982
53,46, 0.828
51,48, 1.145
52,49,-1.314
54,49,-1.318
51,50,-1.216
53,50,-1.279
52,51, 1.900
53,51, 0.914
54,52, 0.167
55,54, 0.213
58,57, 0.872
61,59,-0.521
62,59,-0.382
62,61,-0.493
63,62, 0.010
 0, 0, 1.782
 1, 1, 1.644
 2, 2,-1.312
 3, 3, 5.000
 4, 4, 1.660
 5, 5, 0.212
 6, 6, 4.162
 7, 7, 2.870
 8, 8,-1.244
 9, 9, 1.037
10,10, 5.000
11,11, 1.603
12,12, 5.000
13,13, 0.682
14,14, 3.573
15,15, 4.454
16,16, 2.374
17,17, 3.425
18,18, 4.351
19,19,-1.483
20,20, 0.959
21,21, 0.697
22,22, 0.688
23,23, 0.666
24,24, 1.003
25,25, 3.065
26,26, 0.010
27,27, 1.519
28,28, 5.000
29,29, 1.817
30,30, 3.664
31,31,-1.677
32,32, 3.415
33,33,-1.375
34,34, 3.802
35,35, 3.837
36,36, 3.622
37,37,-0.821
38,38, 3.675
39,39, 4.241
40,40, 3.384
41,41,-0.583
42,42, 0.442
43,43,-0.456
44,44, 3.167
45,45, 0.347
46,46, 1.536
47,47, 1.809
48,48,-0.315
49,49,-1.170
50,50,-1.133
51,51, 5.000
52,52, 2.741
53,53, 1.872
54,54, 2.027
55,55, 0.866
56,56, 1.426
57,57, 3.370
58,58, 1.139
59,59, 3.705
60,60, 0.612
61,61, 0.202
62,62, 2.347
63,63, 4.102
