from,to,weight
 0, 1,-0.374
 0, 7,-0.201
 0,49,-0.365
 1, 8, 0.664
 1,12,-1.607
 2, 3, 0.698
 2, 6,-1.437
 2, 9,-1.153
 2,10,-0.518
 2,16,-0.039
 3, 4, 0.628
 3, 6,-0.724
 3, 7, 1.918
 3,11,-0.829
 4, 7,-0.867
 5, 7, 0.937
 5,43, 0.804
 5,44, 1.315
 6, 7,-0.284
 6, 8,-1.657
 6, 9,-0.526
 7, 8, 0.701
 7,46,-0.875
 7,49, 1.029
 8, 9,-0.879
 8,12, 0.391
 8,17,-0.607
 9,21,-0.858
10,11,-0.826
10,16, 0.360
12,17, 0.106
12,32, 0.267
13,14,-1.452
14,15, 1.060
14,18, 1.033
16,19, 1.498
16,21, 0.385
17,21, 0.856
17,22, 0.082
17,32,-1.586
18,19, 1.357
19,20,-1.182
19,21, 1.537
19,23, 0.835
19,25,-1.364
19,27,-1.179
20,21,-1.215
20,28,-1.224
21,29,-1.168
22,32,-0.139
23,25,-0.243
23,27,-0.646
25,27,-1.294
26,28,-0.323
27,28, 0.058
28,29, 1.375
28,30,-0.980
28,31,-0.826
32,33,-1.020
32,34, 0.859
33,34, 0.418
34,35, 3.018
34,36, 2.508
35,36,-1.571
35,37, 0.227
35,55, 2.535
36,37,-1.298
37,38, 0.144
37,56, 2.639
39,40,-0.906
39,41, 0.867
40,41,-0.159
41,42,-1.259
42,43,-0.875
43,44,-0.570
44,45, 0.412
44,46,-0.640
44,48,-0.471
45,48, 0.364
46,47,-0.878
46,48, 0.488
46,49, 0.487
47,48, 0.437
47,50, 0.345
47,51,-0.068
48,52,-0.751
48,80, 1.354
49,50, 0.114
50,51, 0.630
50,55, 0.986
51,52, 3.454
51,53,-1.283
51,54,-1.105
51,55, 1.506
52,54, 0.249
52,80, 0.272
53,56, 1.018
54,77,-0.272
56,57,-0.858
58,62,-1.546
59,60, 1.644
59,61,-0.787
59,62,-0.625
60,62, 1.557
60,64, 0.151
60,70, 2.181
61,62,-0.854
62,65, 2.474
63,73,-0.852
64,65,-1.658
64,70,-0.605
66,67,-0.601
66,68, 1.595
67,68, 0.197
69,72,-0.068
69,76,-1.149
70,75, 2.707
71,72,-0.938
71,74,-0.975
72,73, 2.080
72,74,-0.097
72,76, 2.156
72,79,-0.985
73,74, 1.071
73,75, 0.500
74,75, 0.344
74,80, 1.533
75,77, 0.666
76,79,-0.846
78,79,-1.290
78,80,-0.911
79,80,-1.637
 1, 0,-0.374
 7, 0,-0.201
49, 0,-0.365
 8, 1, 0.664
12, 1,-1.607
 3, 2, 0.698
 6, 2,-1.437
 9, 2,-1.153
10, 2,-0.518
16, 2,-0.039
 4, 3, 0.628
 6, 3,-0.724
 7, 3, 1.918
11, 3,-0.829
 7, 4,-0.867
 7, 5, 0.937
43, 5, 0.804
44, 5, 1.315
 7, 6,-0.284
 8, 6,-1.657
 9, 6,-0.526
 8, 7, 0.701
46, 7,-0.875
49, 7, 1.029
 9, 8,-0.879
12, 8, 0.391
17, 8,-0.607
21, 9,-0.858
11,10,-0.826
16,10, 0.360
17,12, 0.106
32,12, 0.267
14,13,-1.452
15,14, 1.060
18,14, 1.033
19,16, 1.498
21,16, 0.385
21,17, 0.856
22,17, 0.082
32,17,-1.586
19,18, 1.357
20,19,-1.182
21,19, 1.537
23,19, 0.835
25,19,-1.364
27,19,-1.179
21,20,-1.215
28,20,-1.224
29,21,-1.168
32,22,-0.139
25,23,-0.243
27,23,-0.646
27,25,-1.294
28,26,-0.323
28,27, 0.058
29,28, 1.375
30,28,-0.980
31,28,-0.826
33,32,-1.020
34,32, 0.859
34,33, 0.418
35,34, 3.018
36,34, 2.508
36,35,-1.571
37,35, 0.227
55,35, 2.535
37,36,-1.298
38,37, 0.144
56,37, 2.639
40,39,-0.906
41,39, 0.867
41,40,-0.159
42,41,-1.259
43,42,-0.875
44,43,-0.570
45,44, 0.412
46,44,-0.640
48,44,-0.471
48,45, 0.364
47,46,-0.878
48,46, 0.488
49,46, 0.487
48,47, 0.437
50,47, 0.345
51,47,-0.068
52,48,-0.751
80,48, 1.354
50,49, 0.114
51,50, 0.630
55,50, 0.986
52,51, 3.454
53,51,-1.283
54,51,-1.105
55,51, 1.506
54,52, 0.249
80,52, 0.272
56,53, 1.018
77,54,-0.272
57,56,-0.858
62,58,-1.546
60,59, 1.644
61,59,-0.787
62,59,-0.625
62,60, 1.557
64,60, 0.151
70,60, 2.181
62,61,-0.854
65,62, 2.474
73,63,-0.852
65,64,-1.658
70,64,-0.605
67,66,-0.601
68,66, 1.595
68,67, 0.197
72,69,-0.068
76,69,-1.149
75,70, 2.707
72,71,-0.938
74,71,-0.975
73,72, 2.080
74,72,-0.097
76,72, 2.156
79,72,-0.985
74,73, 1.071
75,73, 0.500
75,74, 0.344
80,74, 1.533
77,75, 0.666
79,76,-0.846
79,78,-1.290
80,78,-0.911
80,79,-1.637
 0, 0, 0.466
 1, 1, 1.763
 2, 2, 1.042
 3, 3, 2.714
 4, 4, 2.244
 5, 5, 3.587
 6, 6,-0.078
 7, 7, 4.951
 8, 8, 2.229
 9, 9,-0.232
10,10, 1.484
11,11,-0.601
12,12, 0.833
13,13,-1.531
14,14, 4.876
15,15, 2.946
16,16, 2.311
17,17, 2.367
18,18, 1.197
19,19, 4.842
20,20,-1.122
21,21, 3.719
22,22,-0.458
23,23, 0.468
24,24, 0.145
25,25, 0.087
26,26,-0.367
27,27,-0.193
28,28, 5.000
29,29, 1.266
30,30,-1.194
31,31,-0.914
32,32, 3.759
33,33, 0.140
34,34, 4.710
35,35, 2.630
36,36, 1.305
37,37, 4.439
38,38, 0.083
39,39, 3.961
40,40, 2.444
41,41, 2.614
42,42,-1.210
43,43, 2.429
44,44, 4.252
45,45, 0.019
46,46, 1.151
47,47, 1.192
48,48, 3.532
49,49, 1.878
50,50, 2.738
51,51, 4.960
52,52, 3.287
53,53, 0.979
54,54, 1.145
55,55, 2.620
56,56, 5.000
57,57, 0.013
58,58,-1.605
59,59, 2.861
60,60, 4.996
61,61,-0.761
62,62, 5.000
63,63,-0.427
64,64, 0.373
65,65, 2.465
66,66, 3.547
67,67, 3.404
68,68, 2.712
69,69,-0.047
70,70, 3.769
71,71,-1.362
72,72, 3.734
73,73, 3.742
74,74, 3.230
75,75, 3.349
76,76, 4.736
77,77, 1.203
78,78,-1.223
79,79,-0.224
80,80, 2.241
