from,to,weight
 0, 2, 0.506
 0,29,-0.739
 0,30, 0.216
 1, 2, 0.720
 1, 5, 2.560
 2, 6, 0.866
 2,29,-1.101
 3, 4, 1.660
 3, 5, 2.615
 3, 6,-1.450
 4, 6, 2.769
 4, 7,-0.716
 5, 6,-0.238
 6, 8,-0.329
 6,28,-0.480
 6,29, 0.904
 8,28,-0.949
 8,34,-1.060
 9,10,-1.268
 9,15,-0.177
10,11, 0.560
10,12, 0.630
11,12,-1.223
13,14, 0.684
14,15, 1.628
14,20, 0.058
15,21, 0.905
16,17,-0.560
16,19,-0.889
17,18,-0.155
17,19,-0.972
17,22, 2.533
17,23, 0.804
17,27, 1.525
20,21, 0.466
21,22, 0.327
22,23,-0.483
23,24, 2.134
23,25,-1.644
23,27,-0.232
23,50,-1.281
24,25, 1.606
24,51, 0.311
25,26,-1.233
25,52, 1.015
27,37,-1.137
27,50,-0.346
28,29,-1.098
28,34, 0.317
29,30, 0.003
29,34,-0.774
30,31, 1.874
30,34, 2.619
30,40,-0.924
31,41, 1.600
32,33,-0.693
32,34, 0.938
32,35, 0.700
32,36,-1.674
32,38, 2.013
32,43,-0.861
33,34,-0.550
34,35, 1.046
34,36,-1.523
34,40,-0.069
35,36,-0.774
36,42,-1.206
36,49,-1.094
37,38, 0.184
37,50,-0.942
38,43, 2.029
38,51,-0.733
39,42,-0.705
39,46, 1.599
40,41,-0.239
40,42,-0.771
41,42, 1.954
42,49, 1.599
43,44, 0.565
43,47, 1.283
43,48,-0.799
43,49,-0.670
43,51, 0.684
44,45, 0.157
44,47,-0.096
44,52,-1.638
45,46, 3.461
45,47,-1.669
45,53,-0.028
45,55, 0.119
46,47, 1.340
46,48,-1.159
46,49, 0.922
47,48, 0.072
48,49, 0.468
50,51,-0.892
51,52, 0.405
52,53, 0.147
52,54, 0.534
52,58,-1.254
53,55, 0.665
54,55, 2.027
54,58,-0.351
55,56, 1.631
55,59,-0.357
55,63, 2.734
55,71,-0.383
56,57, 0.205
56,60,-0.657
56,64,-0.581
57,61, 0.072
57,65,-1.387
59,60,-0.222
60,61,-0.239
61,65, 0.771
62,68,-0.368
62,70, 1.167
63,64,-0.908
63,70, 1.720
63,71,-1.288
64,65, 0.159
64,68,-0.096
64,69,-1.357
65,66, 0.048
65,67,-1.387
65,68,-1.021
66,68,-0.667
67,68,-1.320
68,69,-1.143
68,70,-0.195
 2, 0, 0.506
29, 0,-0.739
30, 0, 0.216
 2, 1, 0.720
 5, 1, 2.560
 6, 2, 0.866
29, 2,-1.101
 4, 3, 1.660
 5, 3, 2.615
 6, 3,-1.450
 6, 4, 2.769
 7, 4,-0.716
 6, 5,-0.238
 8, 6,-0.329
28, 6,-0.480
29, 6, 0.904
28, 8,-0.949
34, 8,-1.060
10, 9,-1.268
15, 9,-0.177
11,10, 0.560
12,10, 0.630
12,11,-1.223
14,13, 0.684
15,14, 1.628
20,14, 0.058
21,15, 0.905
17,16,-0.560
19,16,-0.889
18,17,-0.155
19,17,-0.972
22,17, 2.533
23,17, 0.804
27,17, 1.525
21,20, 0.466
22,21, 0.327
23,22,-0.483
24,23, 2.134
25,23,-1.644
27,23,-0.232
50,23,-1.281
25,24, 1.606
51,24, 0.311
26,25,-1.233
52,25, 1.015
37,27,-1.137
50,27,-0.346
29,28,-1.098
34,28, 0.317
30,29, 0.003
34,29,-0.774
31,30, 1.874
34,30, 2.619
40,30,-0.924
41,31, 1.600
33,32,-0.693
34,32, 0.938
35,32, 0.700
36,32,-1.674
38,32, 2.013
43,32,-0.861
34,33,-0.550
35,34, 1.046
36,34,-1.523
40,34,-0.069
36,35,-0.774
42,36,-1.206
49,36,-1.094
38,37, 0.184
50,37,-0.942
43,38, 2.029
51,38,-0.733
42,39,-0.705
46,39, 1.599
41,40,-0.239
42,40,-0.771
42,41, 1.954
49,42, 1.599
44,43, 0.565
47,43, 1.283
48,43,-0.799
49,43,-0.670
51,43, 0.684
45,44, 0.157
47,44,-0.096
52,44,-1.638
46,45, 3.461
47,45,-1.669
53,45,-0.028
55,45, 0.119
47,46, 1.340
48,46,-1.159
49,46, 0.922
48,47, 0.072
49,48, 0.468
51,50,-0.892
52,51, 0.405
53,52, 0.147
54,52, 0.534
58,52,-1.254
55,53, 0.665
55,54, 2.027
58,54,-0.351
56,55, 1.631
59,55,-0.357
63,55, 2.734
71,55,-0.383
57,56, 0.205
60,56,-0.657
64,56,-0.581
61,57, 0.072
65,57,-1.387
60,59,-0.222
61,60,-0.239
65,61, 0.771
68,62,-0.368
70,62, 1.167
64,63,-0.908
70,63, 1.720
71,63,-1.288
65,64, 0.159
68,64,-0.096
69,64,-1.357
66,65, 0.048
67,65,-1.387
68,65,-1.021
68,66,-0.667
68,67,-1.320
69,68,-1.143
70,68,-0.195
 0, 0, 0.145
 1, 1, 5.000
 2, 2, 2.440
 3, 3, 2.403
 4, 4, 3.580
 5, 5, 2.032
 6, 6, 4.407
 7, 7,-0.055
 8, 8,-0.482
 9, 9, 0.000
10,10, 4.224
11,11, 2.785
12,12, 2.726
13,13, 1.007
14,14, 1.564
15,15, 5.000
16,16,-0.927
17,17, 5.000
18,18,-0.493
19,19, 0.291
20,20, 3.250
21,21, 2.738
22,22, 2.835
23,23, 3.502
24,24, 1.755
25,25, 4.926
26,26,-0.898
27,27, 1.242
28,28, 0.242
29,29, 1.562
30,30, 4.071
31,31, 5.000
32,32, 3.847
33,33,-1.077
34,34, 4.478
35,35, 0.715
36,36,-0.968
37,37,-0.001
38,38, 2.656
39,39, 1.496
40,40, 0.300
41,41, 4.049
42,42, 2.258
43,43, 4.117
44,44, 0.119
45,45, 2.843
46,46, 3.793
47,47, 2.410
48,48, 0.216
49,49, 2.718
50,50,-0.382
51,51, 1.954
52,52, 1.673
53,53, 0.017
54,54, 2.526
55,55, 5.000
56,56, 1.326
57,57,-0.253
58,58,-0.540
59,59,-0.694
60,60, 0.742
61,61, 3.991
62,62, 3.487
63,63, 3.103
64,64, 0.762
65,65, 2.083
66,66, 1.718
67,67,-1.386
68,68, 2.274
69,69,-1.141
70,70, 1.829
71,71,-0.372
