from,to,weight
 0, 2, 1.037
 0, 3, 0.992
 1, 2, 2.495
 1,23,-0.883
 1,27,-0.922
 2,28,-0.168
 4, 8, 0.297
 4,18, 0.148
 4,34,-1.503
 5, 6,-1.364
 5, 7,-0.717
 5,10,-0.866
 6, 7,-0.374
 7, 8, 0.492
 7,30, 1.587
 7,33,-1.229
 8,10, 0.129
 8,34, 0.725
 9,10, 0.133
 9,12, 1.105
 9,14,-1.314
10,16, 0.209
11,12,-0.112
11,13, 1.870
12,13,-0.472
12,14, 0.327
13,15, 1.439
14,15, 0.000
14,16,-1.219
15,16, 2.142
18,19,-0.056
18,34, 1.404
18,39,-1.069
19,20,-0.746
19,39, 0.645
20,40, 1.140
20,42,-0.136
22,23,-1.068
24,25,-0.726
24,28,-0.749
26,28,-1.270
29,32,-0.658
29,37,-1.160
29,58,-0.814
30,31,-0.165
30,32, 0.502
30,33,-1.185
31,32, 1.172
31,34, 1.340
32,35,-0.943
32,37,-0.496
32,58, 0.997
33,34,-1.454
34,35,-1.324
34,36, 0.359
34,39,-0.931
35,37,-1.035
36,37, 1.834
36,38, 0.390
36,39, 0.225
37,38, 0.165
37,51, 0.455
37,56,-0.900
37,58, 0.200
38,40, 1.531
38,41,-0.481
38,42, 0.930
38,53,-0.339
38,57,-0.105
39,40,-1.628
40,42,-1.115
41,42,-0.189
41,57,-0.598
43,44, 0.144
43,45, 1.903
43,50,-0.050
45,48, 1.916
45,50, 0.934
46,47, 1.044
47,48, 1.038
48,50,-0.163
49,50,-0.687
49,53,-1.051
50,54, 2.326
51,52, 2.834
51,53, 0.952
51,54,-1.222
51,56,-0.886
51,58, 1.208
52,54, 1.608
52,55, 0.809
53,54,-0.602
53,57,-1.435
56,58,-0.935
 2, 0, 1.037
 3, 0, 0.992
 2, 1, 2.495
23, 1,-0.883
27, 1,-0.922
28, 2,-0.168
 8, 4, 0.297
18, 4, 0.148
34, 4,-1.503
 6, 5,-1.364
 7, 5,-0.717
10, 5,-0.866
 7, 6,-0.374
 8, 7, 0.492
30, 7, 1.587
33, 7,-1.229
10, 8, 0.129
34, 8, 0.725
10, 9, 0.133
12, 9, 1.105
14, 9,-1.314
16,10, 0.209
12,11,-0.112
13,11, 1.870
13,12,-0.472
14,12, 0.327
15,13, 1.439
15,14, 0.000
16,14,-1.219
16,15, 2.142
19,18,-0.056
34,18, 1.404
39,18,-1.069
20,19,-0.746
39,19, 0.645
40,20, 1.140
42,20,-0.136
23,22,-1.068
25,24,-0.726
28,24,-0.749
28,26,-1.270
32,29,-0.658
37,29,-1.160
58,29,-0.814
31,30,-0.165
32,30, 0.502
33,30,-1.185
32,31, 1.172
34,31, 1.340
35,32,-0.943
37,32,-0.496
58,32, 0.997
34,33,-1.454
35,34,-1.324
36,34, 0.359
39,34,-0.931
37,35,-1.035
37,36, 1.834
38,36, 0.390
39,36, 0.225
38,37, 0.165
51,37, 0.455
56,37,-0.900
58,37, 0.200
40,38, 1.531
41,38,-0.481
42,38, 0.930
53,38,-0.339
57,38,-0.105
40,39,-1.628
42,40,-1.115
42,41,-0.189
57,41,-0.598
44,43, 0.144
45,43, 1.903
50,43,-0.050
48,45, 1.916
50,45, 0.934
47,46, 1.044
48,47, 1.038
50,48,-0.163
50,49,-0.687
53,49,-1.051
54,50, 2.326
52,51, 2.834
53,51, 0.952
54,51,-1.222
56,51,-0.886
58,51, 1.208
54,52, 1.608
55,52, 0.809
54,53,-0.602
57,53,-1.435
58,56,-0.935
 0, 0, 2.770
 1, 1, 2.862
 2, 2, 3.988
 3, 3, 2.579
 4, 4,-0.363
 5, 5, 1.945
 6, 6,-0.399
 7, 7, 4.383
 8, 8, 2.646
 9, 9, 1.469
10,10, 3.772
11,11, 4.898
12,12, 3.375
13,13, 4.997
14,14, 0.055
15,15, 4.809
16,16, 3.095
17,17, 2.274
18,18, 2.606
19,19, 2.443
20,20, 2.762
21,21, 0.543
22,22,-0.114
23,23, 2.191
24,24, 2.844
25,25,-0.120
26,26, 0.585
27,27,-0.360
28,28, 0.530
29,29,-0.723
30,30, 4.121
31,31, 1.239
32,32, 3.627
33,33,-1.193
34,34, 2.994
35,35,-0.969
36,36, 2.725
37,37, 3.936
38,38, 4.700
39,39, 0.656
40,40, 0.748
41,41, 0.109
42,42, 3.652
43,43, 2.691
44,44, 1.909
45,45, 3.874
46,46, 2.711
47,47, 3.324
48,48, 3.310
49,49, 0.538
50,50, 2.672
51,51, 4.195
52,52, 4.263
53,53, 1.624
54,54, 2.339
55,55, 2.341
56,56,-0.734
57,57, 0.377
58,58, 2.976
