from,to,weight
 0, 1, 1.524
 0, 3,-0.234
 0,37, 1.624
 1, 3,-0.576
 1, 6, 1.724
 3, 4, 1.726
 3, 6, 1.987
 3,37,-0.987
 4, 5, 1.334
 4,38,-1.678
 4,42,-1.482
 5,43, 1.960
 7, 8, 0.103
 7, 9, 0.097
 7,12, 0.392
 9,12, 0.148
 9,17, 0.570
11,14, 1.138
12,17,-0.090
13,14, 0.147
13,15,-0.521
13,47,-0.081
14,15, 0.786
15,16, 0.096
15,21, 0.493
15,48, 1.355
16,18,-0.357
17,18, 0.141
19,20,-0.103
19,21,-0.245
20,21,-0.889
20,41, 1.115
21,48,-1.142
22,26, 0.489
23,25, 0.452
23,26,-1.114
24,25,-1.257
25,26, 1.324
25,27,-0.629
28,29,-1.389
28,38,-0.777
29,33,-0.859
29,38,-1.272
30,36,-0.335
30,41, 0.285
31,32,-0.433
31,33, 0.748
31,35,-1.487
32,33,-0.844
33,34, 2.519
33,35,-1.011
33,38, 2.583
34,35, 0.902
34,36,-1.005
34,39,-1.416
34,40, 1.207
34,43, 0.832
35,36, 0.291
36,41,-1.086
37,38, 2.618
38,39,-0.543
38,42,-1.421
39,43,-0.696
40,41,-0.692
40,43,-1.249
40,45,-1.580
42,43,-1.505
43,44,-0.780
43,45, 1.213
45,46, 0.102
45,47, 0.508
45,48,-0.395
46,48, 0.238
47,48, 0.390
 1, 0, 1.524
 3, 0,-0.234
37, 0, 1.624
 3, 1,-0.576
 6, 1, 1.724
 4, 3, 1.726
 6, 3, 1.987
37, 3,-0.987
 5, 4, 1.334
38, 4,-1.678
42, 4,-1.482
43, 5, 1.960
 8, 7, 0.103
 9, 7, 0.097
12, 7, 0.392
12, 9, 0.148
17, 9, 0.570
14,11, 1.138
17,12,-0.090
14,13, 0.147
15,13,-0.521
47,13,-0.081
15,14, 0.786
16,15, 0.096
21,15, 0.493
48,15, 1.355
18,16,-0.357
18,17, 0.141
20,19,-0.103
21,19,-0.245
21,20,-0.889
41,20, 1.115
48,21,-1.142
26,22, 0.489
25,23, 0.452
26,23,-1.114
25,24,-1.257
26,25, 1.324
27,25,-0.629
29,28,-1.389
38,28,-0.777
33,29,-0.859
38,29,-1.272
36,30,-0.335
41,30, 0.285
32,31,-0.433
33,31, 0.748
35,31,-1.487
33,32,-0.844
34,33, 2.519
35,33,-1.011
38,33, 2.583
35,34, 0.902
36,34,-1.005
39,34,-1.416
40,34, 1.207
43,34, 0.832
36,35, 0.291
41,36,-1.086
38,37, 2.618
39,38,-0.543
42,38,-1.421
43,39,-0.696
41,40,-0.692
43,40,-1.249
45,40,-1.580
43,42,-1.505
44,43,-0.780
45,43, 1.213
46,45, 0.102
47,45, 0.508
48,45,-0.395
48,46, 0.238
48,47, 0.390
 0, 0, 3.648
 1, 1, 2.175
 2, 2,-0.181
 3, 3, 5.000
 4, 4, 0.941
 5, 5, 2.788
 6, 6, 4.937
 7, 7, 1.995
 8, 8, 0.763
 9, 9, 2.683
10,10, 0.906
11,11, 1.865
12,12, 3.365
13,13, 0.864
14,14, 3.815
15,15, 4.351
16,16, 0.406
17,17, 1.457
18,18, 2.992
19,19,-0.291
20,20, 3.984
21,21, 1.629
22,22, 2.518
23,23, 2.982
24,24,-1.525
25,25, 3.935
26,26, 2.889
27,27, 1.413
28,28,-0.624
29,29,-0.902
30,30, 1.176
31,31, 1.118
32,32, 0.279
33,33, 4.627
34,34, 3.213
35,35, 1.313
36,36, 0.974
37,37, 3.148
38,38, 2.786
39,39,-0.813
40,40, 1.436
41,41, 1.911
42,42,-1.441
43,43, 3.817
44,44,-0.202
45,45, 2.895
46,46,-0.151
47,47, 2.630
48,48, 2.481
49,49,-0.490
