from,to,weight
 0, 6,-0.152
 0,36,-1.309
 1,16,-1.388
 1,37, 0.009
 3, 4,-1.012
 3, 6, 0.721
 4, 6,-0.113
 5, 6, 0.720
 5,29, 1.729
 5,30, 0.942
 6, 7, 0.681
 6,33,-0.566
 6,36, 0.931
 7,10,-0.390
 8,10,-1.311
 8,15,-1.361
10,12,-0.947
10,13,-0.171
10,15,-0.490
11,12,-0.542
13,15,-0.711
14,15,-1.409
15,17, 0.495
16,19,-0.279
16,37,-0.709
16,42, 0.819
18,19, 2.231
18,20,-0.504
19,20,-1.591
19,21, 1.710
19,38, 0.741
19,42, 1.230
20,21,-0.318
21,40, 0.557
21,43,-0.862
21,45, 1.222
22,23,-0.161
22,24, 0.046
23,24, 0.234
23,27, 1.180
24,27, 0.238
25,26,-0.396
26,29, 0.370
26,30,-0.556
27,28, 1.114
28,29, 1.261
29,30,-0.058
30,31, 2.255
30,32,-1.221
30,33, 0.353
31,32,-1.095
31,33,-1.355
31,35, 1.311
31,68,-0.765
32,69,-0.779
33,34,-1.529
33,35, 2.316
33,36, 0.756
34,35,-0.802
34,37,-0.653
34,38,-1.316
35,39, 1.006
35,70, 0.906
36,37,-0.493
37,38, 0.345
37,42, 0.792
38,39, 2.188
38,40,-0.841
38,42,-0.101
39,41,-0.252
39,70, 0.284
40,41, 0.204
40,43,-0.936
40,44,-0.140
40,45, 0.701
40,66,-0.895
41,67,-0.099
43,45,-1.305
44,45, 0.106
44,66,-0.920
46,47, 2.017
46,48,-0.055
47,48, 0.690
47,49,-0.218
47,58, 1.936
48,50, 2.230
49,50,-0.397
49,58,-0.353
49,64,-1.454
50,54, 0.384
51,53, 1.455
51,55, 1.141
52,53,-0.933
53,55,-1.343
54,55, 0.752
56,60, 0.069
56,65,-1.384
57,61,-0.602
58,64, 2.607
59,60,-0.953
59,63,-1.012
59,68,-1.564
60,61, 2.350
60,62,-0.752
60,63, 0.606
60,65, 1.774
60,69, 0.015
62,63,-0.501
63,64, 1.648
63,70, 0.704
64,67, 0.673
65,69, 0.451
66,67,-1.163
68,69, 0.003
68,70,-0.309
 6, 0,-0.152
36, 0,-1.309
16, 1,-1.388
37, 1, 0.009
 4, 3,-1.012
 6, 3, 0.721
 6, 4,-0.113
 6, 5, 0.720
29, 5, 1.729
30, 5, 0.942
 7, 6, 0.681
33, 6,-0.566
36, 6, 0.931
10, 7,-0.390
10, 8,-1.311
15, 8,-1.361
12,10,-0.947
13,10,-0.171
15,10,-0.490
12,11,-0.542
15,13,-0.711
15,14,-1.409
17,15, 0.495
19,16,-0.279
37,16,-0.709
42,16, 0.819
19,18, 2.231
20,18,-0.504
20,19,-1.591
21,19, 1.710
38,19, 0.741
42,19, 1.230
21,20,-0.318
40,21, 0.557
43,21,-0.862
45,21, 1.222
23,22,-0.161
24,22, 0.046
24,23, 0.234
27,23, 1.180
27,24, 0.238
26,25,-0.396
29,26, 0.370
30,26,-0.556
28,27, 1.114
29,28, 1.261
30,29,-0.058
31,30, 2.255
32,30,-1.221
33,30, 0.353
32,31,-1.095
33,31,-1.355
35,31, 1.311
68,31,-0.765
69,32,-0.779
34,33,-1.529
35,33, 2.316
36,33, 0.756
35,34,-0.802
37,34,-0.653
38,34,-1.316
39,35, 1.006
70,35, 0.906
37,36,-0.493
38,37, 0.345
42,37, 0.792
39,38, 2.188
40,38,-0.841
42,38,-0.101
41,39,-0.252
70,39, 0.284
41,40, 0.204
43,40,-0.936
44,40,-0.140
45,40, 0.701
66,40,-0.895
67,41,-0.099
45,43,-1.305
45,44, 0.106
66,44,-0.920
47,46, 2.017
48,46,-0.055
48,47, 0.690
49,47,-0.218
58,47, 1.936
50,48, 2.230
50,49,-0.397
58,49,-0.353
64,49,-1.454
54,50, 0.384
53,51, 1.455
55,51, 1.141
53,52,-0.933
55,53,-1.343
55,54, 0.752
60,56, 0.069
65,56,-1.384
61,57,-0.602
64,58, 2.607
60,59,-0.953
63,59,-1.012
68,59,-1.564
61,60, 2.350
62,60,-0.752
63,60, 0.606
65,60, 1.774
69,60, 0.015
63,62,-0.501
64,63, 1.648
70,63, 0.704
67,64, 0.673
69,65, 0.451
67,66,-1.163
69,68, 0.003
70,68,-0.309
 0, 0,-0.114
 1, 1, 0.447
 2, 2,-0.768
 3, 3, 0.304
 4, 4, 1.812
 5, 5, 3.623
 6, 6, 5.000
 7, 7, 1.473
 8, 8,-1.272
 9, 9, 0.704
10,10, 3.299
11,11, 1.855
12,12, 2.412
13,13,-0.291
14,14,-1.345
15,15, 3.812
16,16, 2.042
17,17, 0.857
18,18, 1.821
19,19, 4.639
20,20, 0.144
21,21, 5.000
22,22, 0.389
23,23, 3.982
24,24, 4.034
25,25,-0.058
26,26, 0.842
27,27, 3.071
28,28, 0.172
29,29, 2.987
30,30, 4.700
31,31, 1.813
32,32,-0.418
33,33, 1.898
34,34,-0.779
35,35, 4.093
36,36, 1.335
37,37, 3.082
38,38, 3.329
39,39, 3.664
40,40, 3.338
41,41, 1.404
42,42, 2.537
43,43,-0.895
44,44, 0.183
45,45, 5.000
46,46, 3.100
47,47, 4.688
48,48, 4.214
49,49, 1.288
50,50, 4.204
51,51, 4.687
52,52,-1.199
53,53, 3.859
54,54, 1.435
55,55, 1.398
56,56,-0.062
57,57,-0.879
58,58, 3.675
59,59,-1.257
60,60, 4.495
61,61, 3.148
62,62,-0.584
63,63, 3.948
64,64, 4.059
65,65, 4.808
66,66,-0.632
67,67, 1.231
68,68, 0.017
69,69, 1.806
70,70, 2.018
