from,to,weight
 0, 4,-1.224
 0,24,-0.881
 1, 2,-0.137
 1, 5, 0.963
 1,49,-0.954
 1,51, 1.382
 2, 5, 0.386
 2,46,-0.250
 2,49,-0.098
 3, 4, 1.784
 3, 6, 1.464
 3, 8, 0.342
 3,21, 2.358
 3,23,-0.128
 4, 5, 1.244
 4, 6,-0.330
 4,24,-0.020
 5, 6, 0.107
 5,46,-0.631
 6, 9, 0.042
 6,44,-1.650
 6,48, 0.401
 7, 8, 0.125
 7, 9,-0.340
 7,11, 0.516
 7,17,-1.260
 7,41,-0.791
 8, 9,-1.652
 8,19,-1.173
 9,43,-1.163
 9,44,-1.570
 9,48,-0.571
10,12,-0.857
10,34,-1.135
10,38,-1.285
10,40,-0.710
11,12, 0.102
11,17, 0.527
11,41, 0.343
12,13,-0.312
12,14,-1.588
12,18, 0.445
12,35,-0.858
12,42,-1.060
13,14, 0.305
13,35, 0.354
14,15,-1.397
14,18, 0.792
14,35,-0.904
15,35,-1.585
16,36, 1.576
17,18, 0.490
17,19, 0.696
20,21, 2.778
20,22,-0.567
20,29, 2.113
21,23,-0.476
22,23,-1.015
22,24, 0.700
22,25,-1.173
22,28, 0.701
22,29, 0.730
23,24,-0.875
24,26, 0.757
25,26,-1.669
26,27,-0.165
28,29,-1.276
28,31, 0.462
29,31,-0.900
33,34, 0.307
33,36,-0.902
33,37,-0.178
34,35, 0.180
34,36, 0.973
34,38, 1.854
34,61,-1.591
35,36, 0.385
38,40, 1.151
38,61,-0.601
39,40, 0.906
39,43,-0.553
39,45,-0.078
39,60, 1.217
40,41, 1.072
40,42,-1.358
40,43,-1.135
40,61,-0.983
41,42,-1.176
41,43, 0.862
43,48, 0.842
44,48,-1.482
45,47,-1.282
45,48,-0.261
45,60,-1.279
45,64, 0.402
46,47, 2.462
46,48, 0.355
46,49,-0.602
47,48,-0.070
47,50, 0.283
47,54,-1.369
47,56, 2.433
47,66, 0.568
49,50,-1.664
49,51, 0.285
50,53, 0.060
50,54,-1.122
51,53, 1.736
53,54, 1.819
54,55, 1.164
54,56,-1.685
54,69, 0.717
55,56, 1.097
55,69,-0.022
56,66,-1.344
56,68, 0.222
56,69,-0.620
57,58,-0.242
57,59,-0.155
57,60, 1.533
57,62,-1.019
57,67, 2.342
58,60,-1.536
58,61,-1.340
59,60,-1.156
59,63,-0.437
60,61, 0.442
60,64, 2.051
62,63, 0.703
62,67, 0.403
63,64, 0.583
63,65, 0.550
63,66, 0.242
64,66,-0.596
65,66, 1.225
66,68, 1.948
67,70, 0.610
68,69, 1.554
 4, 0,-1.224
24, 0,-0.881
 2, 1,-0.137
 5, 1, 0.963
49, 1,-0.954
51, 1, 1.382
 5, 2, 0.386
46, 2,-0.250
49, 2,-0.098
 4, 3, 1.784
 6, 3, 1.464
 8, 3, 0.342
21, 3, 2.358
23, 3,-0.128
 5, 4, 1.244
 6, 4,-0.330
24, 4,-0.020
 6, 5, 0.107
46, 5,-0.631
 9, 6, 0.042
44, 6,-1.650
48, 6, 0.401
 8, 7, 0.125
 9, 7,-0.340
11, 7, 0.516
17, 7,-1.260
41, 7,-0.791
 9, 8,-1.652
19, 8,-1.173
43, 9,-1.163
44, 9,-1.570
48, 9,-0.571
12,10,-0.857
34,10,-1.135
38,10,-1.285
40,10,-0.710
12,11, 0.102
17,11, 0.527
41,11, 0.343
13,12,-0.312
14,12,-1.588
18,12, 0.445
35,12,-0.858
42,12,-1.060
14,13, 0.305
35,13, 0.354
15,14,-1.397
18,14, 0.792
35,14,-0.904
35,15,-1.585
36,16, 1.576
18,17, 0.490
19,17, 0.696
21,20, 2.778
22,20,-0.567
29,20, 2.113
23,21,-0.476
23,22,-1.015
24,22, 0.700
25,22,-1.173
28,22, 0.701
29,22, 0.730
24,23,-0.875
26,24, 0.757
26,25,-1.669
27,26,-0.165
29,28,-1.276
31,28, 0.462
31,29,-0.900
34,33, 0.307
36,33,-0.902
37,33,-0.178
35,34, 0.180
36,34, 0.973
38,34, 1.854
61,34,-1.591
36,35, 0.385
40,38, 1.151
61,38,-0.601
40,39, 0.906
43,39,-0.553
45,39,-0.078
60,39, 1.217
41,40, 1.072
42,40,-1.358
43,40,-1.135
61,40,-0.983
42,41,-1.176
43,41, 0.862
48,43, 0.842
48,44,-1.482
47,45,-1.282
48,45,-0.261
60,45,-1.279
64,45, 0.402
47,46, 2.462
48,46, 0.355
49,46,-0.602
48,47,-0.070
50,47, 0.283
54,47,-1.369
56,47, 2.433
66,47, 0.568
50,49,-1.664
51,49, 0.285
53,50, 0.060
54,50,-1.122
53,51, 1.736
54,53, 1.819
55,54, 1.164
56,54,-1.685
69,54, 0.717
56,55, 1.097
69,55,-0.022
66,56,-1.344
68,56, 0.222
69,56,-0.620
58,57,-0.242
59,57,-0.155
60,57, 1.533
62,57,-1.019
67,57, 2.342
60,58,-1.536
61,58,-1.340
60,59,-1.156
63,59,-0.437
61,60, 0.442
64,60, 2.051
63,62, 0.703
67,62, 0.403
64,63, 0.583
65,63, 0.550
66,63, 0.242
66,64,-0.596
66,65, 1.225
68,66, 1.948
70,67, 0.610
69,68, 1.554
 0, 0,-0.088
 1, 1, 4.053
 2, 2, 1.313
 3, 3, 4.448
 4, 4, 2.531
 5, 5, 3.122
 6, 6, 2.735
 7, 7, 1.255
 8, 8, 0.428
 9, 9, 0.288
10,10,-0.484
11,11, 1.757
12,12, 1.827
13,13, 0.330
14,14, 3.518
15,15,-1.448
16,16, 3.937
17,17, 1.443
18,18, 2.975
19,19, 1.061
20,20, 2.339
21,21, 3.902
22,22, 2.462
23,23, 0.096
24,24, 1.903
25,25,-1.433
26,26, 0.582
27,27, 0.451
28,28, 1.517
29,29, 3.606
30,30,-0.461
31,31, 1.873
32,32,-0.680
33,33, 1.523
34,34, 3.221
35,35, 2.588
36,36, 2.643
37,37, 0.619
38,38, 1.470
39,39, 1.943
40,40, 2.986
41,41, 2.164
42,42,-1.169
43,43, 1.161
44,44,-1.547
45,45, 0.648
46,46, 2.756
47,47, 3.999
48,48, 3.495
49,49, 0.492
50,50,-0.123
51,51, 3.453
52,52,-0.876
53,53, 3.597
54,54, 3.558
55,55, 1.095
56,56, 3.043
57,57, 4.131
58,58, 0.117
59,59,-0.277
60,60, 3.523
61,61, 0.511
62,62, 0.398
63,63, 2.784
64,64, 2.193
65,65, 1.376
66,66, 3.313
67,67, 5.000
68,68, 1.513
69,69, 4.223
70,70, 0.457
