from,to,weight
  0,  1, 1.102
  0,  2,-0.513
  0,  6,-1.175
  0, 15,-0.327
  0, 17, 0.156
  1,  2,-1.116
  1,  3, 0.172
  1,  7, 0.701
  1, 32,-0.307
  1, 34, 1.438
  2, 18,-1.161
  3,  7, 0.450
  3, 29,-0.291
  3, 32, 0.117
  4,  5,-1.497
  4,  8,-1.553
  5,  6, 0.712
  5,  8, 1.328
  5, 12, 1.469
  5, 14,-0.210
  6,  7, 0.632
  6,  8,-0.482
  6, 15,-0.406
  7,  8, 0.274
  7, 29,-0.381
  8, 31, 0.836
 11, 12, 0.736
 11, 13,-1.285
 11, 20, 0.620
 12, 14, 0.133
 13, 14, 0.173
 13, 15,-0.811
 13, 16,-1.154
 13, 19, 1.266
 13, 20, 1.270
 14, 15, 0.452
 15, 17, 1.022
 16, 17,-1.041
 16, 19,-1.347
 17, 18, 1.087
 19, 20,-1.490
 19, 23, 1.662
 20, 23, 0.845
 21, 22,-1.118
 22, 23, 1.219
 24, 25, 0.780
 24, 27,-0.572
 24, 28,-0.271
 24, 43, 0.162
 24, 46,-0.327
 25, 26, 0.041
 25, 27,-1.184
 26, 27,-0.872
 27, 31, 0.199
 28, 30,-0.478
 28, 31, 0.451
 28, 46, 0.512
 29, 30, 3.407
 29, 31, 0.809
 29, 32,-0.758
 30, 31,-0.010
 30, 33, 0.454
 30, 39,-1.415
 30, 40,-1.591
 30, 41, 1.959
 30, 48, 0.475
 32, 33,-0.587
 32, 34,-0.469
 33, 37, 0.050
 33, 39,-1.024
 34, 35,-0.644
 34, 36,-1.370
 34, 37, 1.026
 35, 36,-0.333
 37, 39, 2.138
 39, 40, 1.510
 39, 52, 0.370
 40, 41, 1.159
 40, 52,-0.246
 41, 48,-0.662
 41, 50, 0.300
 41, 52,-0.732
 42, 43, 0.347
 42, 44,-0.318
 42, 49, 1.506
 43, 46, 0.951
 44, 45, 1.602
 44, 46,-1.043
 44, 49, 0.794
 45, 46, 0.729
 45, 47, 0.121
 45, 48,-0.075
 46, 48,-1.145
 47, 48, 0.817
 48, 50, 1.697
 50, 52, 1.550
 51, 52, 0.364
 53, 54,-0.672
 53, 72, 0.887
 53, 75,-0.919
 54, 55, 0.248
 54, 72,-1.243
 55, 56,-0.027
 55, 58, 0.837
 55, 68,-0.206
 55, 73, 1.654
 56, 57, 0.036
 58, 68, 0.508
 59, 63, 0.908
 59, 69,-1.209
 60, 61, 0.610
 62, 64, 0.753
 62, 98,-1.517
 62,103,-0.636
 63, 64, 1.825
 63, 69,-0.062
 64, 70, 0.881
 64,102,-0.973
 64,104, 2.385
 65, 66,-0.070
 65, 67, 0.035
 65, 68,-0.126
 65, 70, 2.003
 65, 99, 0.358
 66, 67,-0.213
 66, 71,-0.239
 66,100,-1.214
 67, 68, 0.478
 67, 72,-1.032
 68, 73, 1.051
 69, 70, 0.239
 70,102,-0.042
 71, 72, 1.160
 71, 74,-0.292
 71, 87,-1.473
 71,100, 0.180
 72, 73, 1.367
 72, 75, 0.795
 74, 75, 1.512
 74, 87, 0.785
 74, 95, 0.111
 74, 97,-1.011
 76, 79,-0.388
 76, 83,-0.936
 77, 78, 0.809
 77, 79, 1.622
 78, 79, 0.258
 78, 80,-0.976
 78, 81, 1.294
 78, 98, 2.067
 78,103,-0.791
 79, 83, 1.187
 80,104,-0.563
 81, 82,-0.499
 81, 83,-0.909
 81, 85, 0.794
 81, 86, 0.088
 81, 98,-1.358
 82, 85,-1.162
 82, 88,-0.586
 83, 84,-0.464
 83, 85, 1.843
 85, 89, 2.156
 86, 88, 0.167
 86, 98, 0.860
 87, 88, 1.556
 87, 90, 0.471
 87, 95, 0.500
 87, 97,-0.991
 87,100, 1.483
 88, 89,-0.988
 88, 91,-0.702
 88,101,-1.686
 89, 93, 1.956
 90, 91,-0.645
 90, 94, 0.524
 90, 95, 0.504
 91, 93,-0.739
 91, 94,-0.573
 92, 93,-0.094
 92, 94,-0.316
 93, 94, 0.885
 94, 96,-0.295
 95, 96,-1.272
 95, 97,-1.383
 98, 99, 0.987
 98,100,-1.260
 98,101,-1.678
 98,102,-0.148
 99,100, 0.293
 99,102,-1.679
100,101,-1.680
103,104,-1.505
  1,  0, 1.102
  2,  0,-0.513
  6,  0,-1.175
 15,  0,-0.327
 17,  0, 0.156
  2,  1,-1.116
  3,  1, 0.172
  7,  1, 0.701
 32,  1,-0.307
 34,  1, 1.438
 18,  2,-1.161
  7,  3, 0.450
 29,  3,-0.291
 32,  3, 0.117
  5,  4,-1.497
  8,  4,-1.553
  6,  5, 0.712
  8,  5, 1.328
 12,  5, 1.469
 14,  5,-0.210
  7,  6, 0.632
  8,  6,-0.482
 15,  6,-0.406
  8,  7, 0.274
 29,  7,-0.381
 31,  8, 0.836
 12, 11, 0.736
 13, 11,-1.285
 20, 11, 0.620
 14, 12, 0.133
 14, 13, 0.173
 15, 13,-0.811
 16, 13,-1.154
 19, 13, 1.266
 20, 13, 1.270
 15, 14, 0.452
 17, 15, 1.022
 17, 16,-1.041
 19, 16,-1.347
 18, 17, 1.087
 20, 19,-1.490
 23, 19, 1.662
 23, 20, 0.845
 22, 21,-1.118
 23, 22, 1.219
 25, 24, 0.780
 27, 24,-0.572
 28, 24,-0.271
 43, 24, 0.162
 46, 24,-0.327
 26, 25, 0.041
 27, 25,-1.184
 27, 26,-0.872
 31, 27, 0.199
 30, 28,-0.478
 31, 28, 0.451
 46, 28, 0.512
 30, 29, 3.407
 31, 29, 0.809
 32, 29,-0.758
 31, 30,-0.010
 33, 30, 0.454
 39, 30,-1.415
 40, 30,-1.591
 41, 30, 1.959
 48, 30, 0.475
 33, 32,-0.587
 34, 32,-0.469
 37, 33, 0.050
 39, 33,-1.024
 35, 34,-0.644
 36, 34,-1.370
 37, 34, 1.026
 36, 35,-0.333
 39, 37, 2.138
 40, 39, 1.510
 52, 39, 0.370
 41, 40, 1.159
 52, 40,-0.246
 48, 41,-0.662
 50, 41, 0.300
 52, 41,-0.732
 43, 42, 0.347
 44, 42,-0.318
 49, 42, 1.506
 46, 43, 0.951
 45, 44, 1.602
 46, 44,-1.043
 49, 44, 0.794
 46, 45, 0.729
 47, 45, 0.121
 48, 45,-0.075
 48, 46,-1.145
 48, 47, 0.817
 50, 48, 1.697
 52, 50, 1.550
 52, 51, 0.364
 54, 53,-0.672
 72, 53, 0.887
 75, 53,-0.919
 55, 54, 0.248
 72, 54,-1.243
 56, 55,-0.027
 58, 55, 0.837
 68, 55,-0.206
 73, 55, 1.654
 57, 56, 0.036
 68, 58, 0.508
 63, 59, 0.908
 69, 59,-1.209
 61, 60, 0.610
 64, 62, 0.753
 98, 62,-1.517
103, 62,-0.636
 64, 63, 1.825
 69, 63,-0.062
 70, 64, 0.881
102, 64,-0.973
104, 64, 2.385
 66, 65,-0.070
 67, 65, 0.035
 68, 65,-0.126
 70, 65, 2.003
 99, 65, 0.358
 67, 66,-0.213
 71, 66,-0.239
100, 66,-1.214
 68, 67, 0.478
 72, 67,-1.032
 73, 68, 1.051
 70, 69, 0.239
102, 70,-0.042
 72, 71, 1.160
 74, 71,-0.292
 87, 71,-1.473
100, 71, 0.180
 73, 72, 1.367
 75, 72, 0.795
 75, 74, 1.512
 87, 74, 0.785
 95, 74, 0.111
 97, 74,-1.011
 79, 76,-0.388
 83, 76,-0.936
 78, 77, 0.809
 79, 77, 1.622
 79, 78, 0.258
 80, 78,-0.976
 81, 78, 1.294
 98, 78, 2.067
103, 78,-0.791
 83, 79, 1.187
104, 80,-0.563
 82, 81,-0.499
 83, 81,-0.909
 85, 81, 0.794
 86, 81, 0.088
 98, 81,-1.358
 85, 82,-1.162
 88, 82,-0.586
 84, 83,-0.464
 85, 83, 1.843
 89, 85, 2.156
 88, 86, 0.167
 98, 86, 0.860
 88, 87, 1.556
 90, 87, 0.471
 95, 87, 0.500
 97, 87,-0.991
100, 87, 1.483
 89, 88,-0.988
 91, 88,-0.702
101, 88,-1.686
 93, 89, 1.956
 91, 90,-0.645
 94, 90, 0.524
 95, 90, 0.504
 93, 91,-0.739
 94, 91,-0.573
 93, 92,-0.094
 94, 92,-0.316
 94, 93, 0.885
 96, 94,-0.295
 96, 95,-1.272
 97, 95,-1.383
 99, 98, 0.987
100, 98,-1.260
101, 98,-1.678
102, 98,-0.148
100, 99, 0.293
102, 99,-1.679
101,100,-1.680
104,103,-1.505
  0,  0, 1.920
  1,  1, 5.000
  2,  2,-0.100
  3,  3, 1.527
  4,  4,-1.525
  5,  5, 3.837
  6,  6, 1.735
  7,  7, 2.895
  8,  8, 3.378
  9,  9,-0.315
 10, 10,-0.258
 11, 11, 0.009
 12, 12, 3.394
 13, 13, 2.102
 14, 14, 1.680
 15, 15, 1.762
 16, 16,-0.860
 17, 17, 2.178
 18, 18, 2.037
 19, 19, 2.216
 20, 20, 4.512
 21, 21,-1.359
 22, 22, 2.007
 23, 23, 4.117
 24, 24, 2.481
 25, 25, 2.833
 26, 26, 0.731
 27, 27, 1.356
 28, 28, 1.340
 29, 29, 3.326
 30, 30, 4.625
 31, 31, 3.398
 32, 32, 1.311
 33, 33, 0.573
 34, 34, 1.863
 35, 35,-0.498
 36, 36, 1.608
 37, 37, 2.971
 38, 38, 2.368
 39, 39, 2.999
 40, 40, 1.352
 41, 41, 3.125
 42, 42, 2.884
 43, 43, 2.215
 44, 44, 1.213
 45, 45, 2.206
 46, 46, 2.738
 47, 47, 0.797
 48, 48, 3.195
 49, 49, 5.000
 50, 50, 1.528
 51, 51, 0.433
 52, 52, 4.400
 53, 53, 1.994
 54, 54, 0.649
 55, 55, 4.314
 56, 56, 2.041
 57, 57, 1.259
 58, 58, 3.137
 59, 59, 1.844
 60, 60, 1.149
 61, 61, 4.491
 62, 62, 0.171
 63, 63, 3.075
 64, 64, 5.000
 65, 65, 2.481
 66, 66, 0.379
 67, 67, 0.921
 68, 68, 4.001
 69, 69, 1.067
 70, 70, 2.921
 71, 71, 2.030
 72, 72, 3.075
 73, 73, 2.469
 74, 74, 2.882
 75, 75, 3.895
 76, 76,-0.006
 77, 77, 3.610
 78, 78, 4.712
 79, 79, 3.211
 80, 80,-0.139
 81, 81, 2.600
 82, 82,-0.763
 83, 83, 4.228
 84, 84,-0.472
 85, 85, 3.874
 86, 86, 0.768
 87, 87, 4.005
 88, 88, 1.689
 89, 89, 1.410
 90, 90, 1.611
 91, 91, 0.177
 92, 92, 1.027
 93, 93, 2.191
 94, 94, 4.484
 95, 95, 4.200
 96, 96,-0.747
 97, 97,-1.131
 98, 98, 3.550
 99, 99, 0.898
100,100, 1.690
101,101,-1.678
102,102,-0.194
103,103,-0.600
104,104, 3.330
