from,to,weight
 0, 1, 2.686
 0,31, 0.532
 0,46,-1.324
 1, 4, 0.365
 1,27,-1.065
 1,31,-0.298
 2, 3, 0.900
 2, 4, 1.309
 3, 4,-0.767
 3, 5,-0.568
 3, 6,-0.296
 3, 9, 0.044
 3,23, 1.115
 4, 5,-0.839
 4,27,-0.648
 4,31, 1.194
 5,28,-0.815
 5,32,-0.994
 6, 9,-0.324
 7, 8, 1.833
 7, 9, 1.606
 8, 9,-0.845
 8,10, 1.449
 9,10, 1.960
 9,23,-0.676
10,13, 1.207
10,19, 0.259
10,24,-0.130
12,15,-0.031
13,14, 0.922
13,15, 1.072
13,19,-0.581
14,15,-0.676
14,17, 0.625
14,18, 0.522
14,21, 0.215
15,16, 0.604
17,18, 0.305
18,21, 0.454
19,20,-0.823
19,21,-0.710
19,24,-0.358
20,21, 1.636
20,22, 0.200
20,25, 1.335
20,47,-1.038
22,48, 0.573
23,24, 0.006
23,28, 0.823
24,25, 1.022
24,28,-1.381
25,26,-1.091
25,28, 1.791
25,47,-0.902
26,28,-1.139
26,48,-0.860
27,31,-0.234
28,32, 1.569
28,49,-0.097
29,30,-0.659
29,32,-0.753
29,36,-1.193
30,31, 4.652
30,32, 1.046
30,37,-0.232
30,45, 2.688
31,32, 0.122
31,46,-1.282
32,38, 0.662
32,49,-1.511
33,34, 0.962
33,39,-1.495
34,35, 0.924
34,39, 0.678
35,36, 1.330
35,38,-0.236
35,40,-0.830
35,48, 1.530
36,37,-0.519
36,38,-1.296
36,41,-1.046
36,42, 0.048
37,43,-0.986
37,45,-0.517
38,49,-0.290
39,40,-0.972
39,41, 0.004
40,41,-0.847
41,42, 0.521
42,43, 1.050
42,44, 0.271
43,44,-0.758
43,45, 1.754
45,46,-1.092
47,48,-0.986
48,49,-0.791
 1, 0, 2.686
31, 0, 0.532
46, 0,-1.324
 4, 1, 0.365
27, 1,-1.065
31, 1,-0.298
 3, 2, 0.900
 4, 2, 1.309
 4, 3,-0.767
 5, 3,-0.568
 6, 3,-0.296
 9, 3, 0.044
23, 3, 1.115
 5, 4,-0.839
27, 4,-0.648
31, 4, 1.194
28, 5,-0.815
32, 5,-0.994
 9, 6,-0.324
 8, 7, 1.833
 9, 7, 1.606
 9, 8,-0.845
10, 8, 1.449
10, 9, 1.960
23, 9,-0.676
13,10, 1.207
19,10, 0.259
24,10,-0.130
15,12,-0.031
14,13, 0.922
15,13, 1.072
19,13,-0.581
15,14,-0.676
17,14, 0.625
18,14, 0.522
21,14, 0.215
16,15, 0.604
18,17, 0.305
21,18, 0.454
20,19,-0.823
21,19,-0.710
24,19,-0.358
21,20, 1.636
22,20, 0.200
25,20, 1.335
47,20,-1.038
48,22, 0.573
24,23, 0.006
28,23, 0.823
25,24, 1.022
28,24,-1.381
26,25,-1.091
28,25, 1.791
47,25,-0.902
28,26,-1.139
48,26,-0.860
31,27,-0.234
32,28, 1.569
49,28,-0.097
30,29,-0.659
32,29,-0.753
36,29,-1.193
31,30, 4.652
32,30, 1.046
37,30,-0.232
45,30, 2.688
32,31, 0.122
46,31,-1.282
38,32, 0.662
49,32,-1.511
34,33, 0.962
39,33,-1.495
35,34, 0.924
39,34, 0.678
36,35, 1.330
38,35,-0.236
40,35,-0.830
48,35, 1.530
37,36,-0.519
38,36,-1.296
41,36,-1.046
42,36, 0.048
43,37,-0.986
45,37,-0.517
49,38,-0.290
40,39,-0.972
41,39, 0.004
41,40,-0.847
42,41, 0.521
43,42, 1.050
44,42, 0.271
44,43,-0.758
45,43, 1.754
46,45,-1.092
48,47,-0.986
49,48,-0.791
 0, 0, 4.464
 1, 1, 2.603
 2, 2, 1.221
 3, 3, 4.537
 4, 4, 5.000
 5, 5,-0.202
 6, 6,-0.710
 7, 7, 3.872
 8, 8, 3.403
 9, 9, 3.666
10,10, 4.640
11,11, 0.214
12,12, 0.061
13,13, 2.782
14,14, 3.984
15,15, 3.573
16,16, 2.623
17,17, 3.151
18,18, 2.236
19,19, 1.060
20,20, 2.651
21,21, 3.200
22,22, 1.190
23,23, 1.630
24,24, 1.411
25,25, 3.061
26,26,-0.978
27,27,-0.403
28,28, 3.969
29,29,-0.850
30,30, 5.000
31,31, 4.192
32,32, 3.461
33,33, 1.898
34,34, 1.269
35,35, 3.151
36,36, 1.242
37,37, 0.023
38,38, 0.667
39,39, 2.884
40,40,-0.694
41,41, 1.390
42,42, 2.619
43,43, 4.064
44,44, 0.940
45,45, 3.865
46,46,-0.958
47,47,-0.894
48,48, 3.155
49,49,-0.385
