from,to,weight
  0,  1, 0.720
  0,  2, 0.244
  0,  6,-0.869
  0, 20, 0.167
  0, 22,-0.020
  1,  2, 0.035
  1,  3, 0.634
  1,  7,-0.050
  1, 44,-0.465
  1, 46, 2.799
  2, 23,-0.165
  3,  7, 0.743
  3, 41,-0.370
  3, 44, 0.839
  4,  5,-0.392
  4,  8,-0.632
  4,  9,-0.801
  5,  6, 1.254
  5,  8, 1.259
  5, 17, 1.621
  5, 19, 0.019
  6,  7, 0.696
  6,  8,-0.188
  6, 20,-0.589
  7,  8, 0.763
  7, 41,-1.025
  8, 10, 0.254
  8, 39,-1.575
  8, 43, 0.430
  9, 10,-0.781
  9, 12, 0.041
  9, 14,-1.207
 10, 38,-1.051
 10, 39,-1.520
 10, 43,-0.528
 11, 12,-0.984
 11, 13,-1.512
 11, 36, 0.459
 12, 13,-1.061
 12, 14, 0.596
 12, 37,-0.156
 13, 15,-1.533
 14, 15, 0.193
 16, 17, 1.040
 16, 18,-1.343
 16, 28, 1.068
 17, 19, 0.557
 17, 29,-1.451
 18, 19, 0.328
 18, 20,-0.506
 18, 21,-0.773
 18, 25, 1.813
 18, 26,-1.686
 18, 28, 1.153
 19, 20, 0.557
 20, 22, 1.321
 21, 22,-1.072
 21, 23,-1.314
 21, 25,-1.336
 22, 23, 1.379
 24, 25, 0.138
 24, 31,-0.280
 25, 26,-1.533
 25, 28,-1.142
 25, 32, 1.772
 26, 28,-1.525
 27, 28, 0.171
 28, 29,-1.494
 28, 32, 1.636
 30, 31, 0.639
 30, 32,-0.794
 30, 33,-1.059
 31, 32, 0.999
 31, 33,-0.111
 33,115,-1.454
 35, 36, 1.407
 35, 38,-1.148
 35, 40, 0.735
 35, 55, 1.769
 36, 37, 0.347
 36, 38,-1.125
 37, 38,-0.181
 38, 43, 0.195
 39, 43,-1.363
 40, 42,-0.534
 40, 43, 0.245
 40, 55,-1.619
 40, 58, 0.573
 41, 42, 2.230
 41, 43, 0.021
 41, 44,-0.569
 42, 43,-0.060
 42, 45, 0.614
 42, 51,-1.691
 42, 52,-1.079
 42, 53, 2.597
 42, 60, 0.311
 44, 45,-0.122
 44, 46, 0.153
 45, 49,-0.193
 45, 51,-0.615
 46, 47, 1.838
 46, 49, 0.470
 47, 48, 1.629
 47, 49,-1.592
 48, 49, 0.027
 48, 50,-0.881
 49, 51, 2.110
 50, 51,-0.722
 51, 52, 1.893
 51, 68,-0.755
 51, 69,-1.406
 52, 53, 1.577
 52, 68, 0.353
 52, 69,-1.300
 53, 60,-1.386
 53, 65, 0.936
 53, 68,-1.418
 54, 55, 0.862
 54, 56, 0.737
 54, 62, 1.828
 55, 58, 1.514
 56, 57, 1.659
 56, 58,-0.065
 56, 62, 0.504
 57, 58,-0.173
 57, 59, 1.448
 57, 61,-1.164
 57, 63,-0.209
 58, 60,-0.245
 58, 61,-0.790
 59, 60, 1.415
 59, 61,-1.297
 59, 64,-0.990
 60, 61,-0.660
 60, 65, 1.232
 62, 63,-1.107
 64, 65,-1.119
 64, 67,-1.700
 65, 68, 1.773
 66, 67,-0.010
 66, 68, 0.472
 67, 68,-0.166
 70, 71,-1.378
 70, 89, 0.551
 70, 92,-1.326
 71, 72,-0.712
 71, 90,-0.602
 72, 73, 0.880
 72, 75,-0.130
 72, 83,-0.903
 72, 90, 1.449
 73, 74, 0.162
 75, 83, 0.062
 76, 77,-0.720
 76, 78, 0.112
 76, 86,-1.434
 77, 78, 0.665
 78, 79, 2.600
 78, 86, 0.980
 79, 87, 0.108
 79,123,-1.616
 79,124, 3.442
 80, 81,-1.390
 80, 82,-0.084
 80, 83,-0.293
 80, 84,-1.190
 80, 85,-1.481
 80, 87, 1.285
 80,121, 0.089
 81, 82,-1.175
 81, 88,-1.669
 81,122,-1.414
 82, 83,-0.151
 82, 89,-0.712
 83, 84, 0.251
 83, 90, 1.530
 84, 85,-0.026
 85, 86,-0.072
 85, 87,-0.978
 86, 87, 0.763
 87,123, 0.866
 88, 89, 1.143
 88, 91,-0.290
 88,122, 0.596
 89, 90, 1.916
 89, 92, 0.709
 91, 92, 3.308
 91,107, 0.902
 91,119, 2.880
 91,122,-1.378
 93, 96,-0.466
 94,100,-0.791
 94,124, 0.002
 95, 99,-1.603
 95,103,-1.515
 96, 97,-1.110
 96, 98, 0.835
 96, 99, 1.190
 96,100,-0.188
 97, 98,-0.895
 97,100,-1.139
 98, 99,-0.736
 98,100, 0.313
 98,101, 2.256
 98,105,-1.645
 98,120, 2.679
 99,103, 0.792
100,124, 0.452
101,102,-0.274
101,103,-0.027
101,104, 1.095
101,105, 0.918
102,104,-1.600
102,109,-0.501
103,104, 1.652
104,110, 1.652
105,106,-0.480
105,109, 0.261
105,120, 0.487
106,107,-0.417
106,109,-1.509
106,121,-0.904
107,108,-1.266
107,109, 0.878
107,111,-1.196
107,116, 0.132
107,119, 0.364
107,122, 0.923
108,109,-1.659
108,112,-1.296
109,110,-1.367
109,113, 1.386
110,114, 1.662
111,112,-1.406
111,116,-1.392
112,113,-0.346
112,115,-1.064
113,114,-0.018
113,115, 0.850
114,115, 1.144
115,118, 1.455
116,117, 2.307
116,119, 1.048
117,118, 0.478
120,121, 0.534
120,123, 0.529
121,122, 0.386
121,123,-0.831
123,124,-0.761
  1,  0, 0.720
  2,  0, 0.244
  6,  0,-0.869
 20,  0, 0.167
 22,  0,-0.020
  2,  1, 0.035
  3,  1, 0.634
  7,  1,-0.050
 44,  1,-0.465
 46,  1, 2.799
 23,  2,-0.165
  7,  3, 0.743
 41,  3,-0.370
 44,  3, 0.839
  5,  4,-0.392
  8,  4,-0.632
  9,  4,-0.801
  6,  5, 1.254
  8,  5, 1.259
 17,  5, 1.621
 19,  5, 0.019
  7,  6, 0.696
  8,  6,-0.188
 20,  6,-0.589
  8,  7, 0.763
 41,  7,-1.025
 10,  8, 0.254
 39,  8,-1.575
 43,  8, 0.430
 10,  9,-0.781
 12,  9, 0.041
 14,  9,-1.207
 38, 10,-1.051
 39, 10,-1.520
 43, 10,-0.528
 12, 11,-0.984
 13, 11,-1.512
 36, 11, 0.459
 13, 12,-1.061
 14, 12, 0.596
 37, 12,-0.156
 15, 13,-1.533
 15, 14, 0.193
 17, 16, 1.040
 18, 16,-1.343
 28, 16, 1.068
 19, 17, 0.557
 29, 17,-1.451
 19, 18, 0.328
 20, 18,-0.506
 21, 18,-0.773
 25, 18, 1.813
 26, 18,-1.686
 28, 18, 1.153
 20, 19, 0.557
 22, 20, 1.321
 22, 21,-1.072
 23, 21,-1.314
 25, 21,-1.336
 23, 22, 1.379
 25, 24, 0.138
 31, 24,-0.280
 26, 25,-1.533
 28, 25,-1.142
 32, 25, 1.772
 28, 26,-1.525
 28, 27, 0.171
 29, 28,-1.494
 32, 28, 1.636
 31, 30, 0.639
 32, 30,-0.794
 33, 30,-1.059
 32, 31, 0.999
 33, 31,-0.111
115, 33,-1.454
 36, 35, 1.407
 38, 35,-1.148
 40, 35, 0.735
 55, 35, 1.769
 37, 36, 0.347
 38, 36,-1.125
 38, 37,-0.181
 43, 38, 0.195
 43, 39,-1.363
 42, 40,-0.534
 43, 40, 0.245
 55, 40,-1.619
 58, 40, 0.573
 42, 41, 2.230
 43, 41, 0.021
 44, 41,-0.569
 43, 42,-0.060
 45, 42, 0.614
 51, 42,-1.691
 52, 42,-1.079
 53, 42, 2.597
 60, 42, 0.311
 45, 44,-0.122
 46, 44, 0.153
 49, 45,-0.193
 51, 45,-0.615
 47, 46, 1.838
 49, 46, 0.470
 48, 47, 1.629
 49, 47,-1.592
 49, 48, 0.027
 50, 48,-0.881
 51, 49, 2.110
 51, 50,-0.722
 52, 51, 1.893
 68, 51,-0.755
 69, 51,-1.406
 53, 52, 1.577
 68, 52, 0.353
 69, 52,-1.300
 60, 53,-1.386
 65, 53, 0.936
 68, 53,-1.418
 55, 54, 0.862
 56, 54, 0.737
 62, 54, 1.828
 58, 55, 1.514
 57, 56, 1.659
 58, 56,-0.065
 62, 56, 0.504
 58, 57,-0.173
 59, 57, 1.448
 61, 57,-1.164
 63, 57,-0.209
 60, 58,-0.245
 61, 58,-0.790
 60, 59, 1.415
 61, 59,-1.297
 64, 59,-0.990
 61, 60,-0.660
 65, 60, 1.232
 63, 62,-1.107
 65, 64,-1.119
 67, 64,-1.700
 68, 65, 1.773
 67, 66,-0.010
 68, 66, 0.472
 68, 67,-0.166
 71, 70,-1.378
 89, 70, 0.551
 92, 70,-1.326
 72, 71,-0.712
 90, 71,-0.602
 73, 72, 0.880
 75, 72,-0.130
 83, 72,-0.903
 90, 72, 1.449
 74, 73, 0.162
 83, 75, 0.062
 77, 76,-0.720
 78, 76, 0.112
 86, 76,-1.434
 78, 77, 0.665
 79, 78, 2.600
 86, 78, 0.980
 87, 79, 0.108
123, 79,-1.616
124, 79, 3.442
 81, 80,-1.390
 82, 80,-0.084
 83, 80,-0.293
 84, 80,-1.190
 85, 80,-1.481
 87, 80, 1.285
121, 80, 0.089
 82, 81,-1.175
 88, 81,-1.669
122, 81,-1.414
 83, 82,-0.151
 89, 82,-0.712
 84, 83, 0.251
 90, 83, 1.530
 85, 84,-0.026
 86, 85,-0.072
 87, 85,-0.978
 87, 86, 0.763
123, 87, 0.866
 89, 88, 1.143
 91, 88,-0.290
122, 88, 0.596
 90, 89, 1.916
 92, 89, 0.709
 92, 91, 3.308
107, 91, 0.902
119, 91, 2.880
122, 91,-1.378
 96, 93,-0.466
100, 94,-0.791
124, 94, 0.002
 99, 95,-1.603
103, 95,-1.515
 97, 96,-1.110
 98, 96, 0.835
 99, 96, 1.190
100, 96,-0.188
 98, 97,-0.895
100, 97,-1.139
 99, 98,-0.736
100, 98, 0.313
101, 98, 2.256
105, 98,-1.645
120, 98, 2.679
103, 99, 0.792
124,100, 0.452
102,101,-0.274
103,101,-0.027
104,101, 1.095
105,101, 0.918
104,102,-1.600
109,102,-0.501
104,103, 1.652
110,104, 1.652
106,105,-0.480
109,105, 0.261
120,105, 0.487
107,106,-0.417
109,106,-1.509
121,106,-0.904
108,107,-1.266
109,107, 0.878
111,107,-1.196
116,107, 0.132
119,107, 0.364
122,107, 0.923
109,108,-1.659
112,108,-1.296
110,109,-1.367
113,109, 1.386
114,110, 1.662
112,111,-1.406
116,111,-1.392
113,112,-0.346
115,112,-1.064
114,113,-0.018
115,113, 0.850
115,114, 1.144
118,115, 1.455
117,116, 2.307
119,116, 1.048
118,117, 0.478
121,120, 0.534
123,120, 0.529
122,121, 0.386
123,121,-0.831
124,123,-0.761
  0,  0, 2.173
  1,  1, 5.000
  2,  2, 1.472
  3,  3, 2.177
  4,  4,-0.259
  5,  5, 4.046
  6,  6, 2.236
  7,  7, 2.365
  8,  8, 3.835
  9,  9, 0.999
 10, 10, 0.585
 11, 11, 0.570
 12, 12, 1.327
 13, 13,-1.007
 14, 14, 1.760
 15, 15, 2.646
 16, 16,-0.418
 17, 17, 4.702
 18, 18, 2.975
 19, 19, 2.101
 20, 20, 2.147
 21, 21,-0.291
 22, 22, 1.697
 23, 23, 3.197
 24, 24, 0.987
 25, 25, 2.297
 26, 26,-1.637
 27, 27, 0.821
 28, 28, 5.000
 29, 29,-1.486
 30, 30, 1.443
 31, 31, 2.991
 32, 32, 3.423
 33, 33, 1.592
 34, 34,-0.246
 35, 35, 2.854
 36, 36, 3.358
 37, 37, 0.692
 38, 38, 0.570
 39, 39,-1.445
 40, 40, 1.676
 41, 41, 2.298
 42, 42, 4.394
 43, 43, 3.238
 44, 44, 2.074
 45, 45, 0.770
 46, 46, 2.149
 47, 47, 0.700
 48, 48, 3.222
 49, 49, 2.387
 50, 50, 4.548
 51, 51, 3.259
 52, 52, 2.460
 53, 53, 3.210
 54, 54, 4.416
 55, 55, 2.274
 56, 56, 2.187
 57, 57, 2.322
 58, 58, 3.173
 59, 59, 1.525
 60, 60, 2.522
 61, 61,-0.587
 62, 62, 4.401
 63, 63,-0.160
 64, 64,-1.042
 65, 65, 1.783
 66, 66, 1.755
 67, 67, 1.007
 68, 68, 3.755
 69, 69,-1.429
 70, 70, 1.332
 71, 71,-0.452
 72, 72, 4.117
 73, 73, 2.904
 74, 74, 0.415
 75, 75, 1.421
 76, 76, 0.155
 77, 77, 4.530
 78, 78, 4.188
 79, 79, 4.130
 80, 80, 1.822
 81, 81,-1.321
 82, 82, 0.379
 83, 83, 3.923
 84, 84,-0.162
 85, 85, 0.410
 86, 86, 2.415
 87, 87, 2.787
 88, 88, 1.056
 89, 89, 2.765
 90, 90, 3.458
 91, 91, 4.165
 92, 92, 3.555
 93, 93, 0.010
 94, 94, 0.187
 95, 95,-1.438
 96, 96, 4.008
 97, 97,-0.906
 98, 98, 4.579
 99, 99, 1.838
100,100, 1.993
101,101, 3.917
102,102,-0.706
103,103, 4.294
104,104, 3.201
105,105, 1.784
106,106,-0.384
107,107, 4.344
108,108,-1.487
109,109, 1.809
110,110, 1.567
111,111,-1.142
112,112, 0.177
113,113, 2.071
114,114, 2.280
115,115, 4.775
116,116, 3.940
117,117, 3.861
118,118, 2.091
119,119, 1.338
120,120, 2.816
121,121, 1.758
122,122, 1.351
123,123, 1.533
124,124, 3.303
