from,to,weight
 0, 1,-0.082
 0,18,-1.210
 0,20, 0.863
 1, 4, 0.205
 1,15,-0.158
 1,18,-0.574
 2, 3,-0.043
 2, 5, 0.963
 2, 6,-0.786
 3, 4,-0.369
 3, 5,-1.040
 4, 5, 1.046
 4,15, 1.067
 5,13,-1.166
 5,17, 0.923
 9,10,-0.707
 9,31,-0.832
10,11, 0.873
10,13, 0.157
10,14,-0.798
10,31, 1.203
10,33,-0.585
11,12,-0.053
11,13,-1.105
12,13, 0.055
13,17, 0.450
14,16,-1.293
14,17,-0.848
14,33,-1.033
15,16, 2.811
15,17,-1.064
15,18,-1.663
16,17,-0.102
16,19, 1.469
16,25,-1.474
16,26,-1.431
16,27, 2.715
16,35, 0.964
18,19,-1.329
18,20,-0.761
19,23, 1.066
19,25,-0.916
20,21,-0.275
20,23, 1.497
21,22,-0.029
21,23,-1.473
22,23,-0.523
22,24, 0.612
23,25, 2.022
24,25,-0.244
24,41, 2.029
25,26, 1.518
25,43, 0.116
26,27, 1.558
26,43,-0.553
27,28,-0.559
27,35,-1.301
27,40,-0.081
27,43,-1.288
28,35,-1.512
28,40,-0.474
29,30, 0.620
29,31, 1.489
29,37, 2.401
30,31,-0.598
30,32, 0.360
30,38,-1.493
31,33, 0.790
32,33,-0.077
32,34, 0.459
32,35, 0.225
32,36,-1.595
32,38, 0.232
33,35,-0.296
34,35, 0.804
34,36,-1.585
34,39, 0.447
35,36,-1.650
35,40, 1.001
37,38, 0.204
37,44, 1.860
39,40,-0.851
39,42,-0.294
40,43, 1.209
41,42, 0.512
41,43,-0.134
42,43,-0.688
45,46,-0.977
45,59, 0.521
45,62, 0.434
46,60,-0.195
47,50, 0.171
48,51,-0.203
48,56,-1.246
48,60,-1.021
49,50, 0.493
49,53, 0.954
51,52, 1.645
51,53,-0.209
51,56, 2.328
52,53, 1.029
52,54, 0.922
53,54,-0.982
53,55, 1.041
56,60, 0.870
56,73, 0.088
57,58,-0.136
57,59,-1.462
57,71,-0.940
58,59, 2.096
58,61, 0.785
58,72, 0.982
59,60, 2.418
59,62, 1.648
60,73, 0.470
61,62, 1.068
61,69, 2.112
61,72,-1.135
63,66, 0.867
63,70,-0.543
64,69, 0.607
64,72,-0.717
66,68,-0.913
70,71,-0.081
71,72,-0.837
 1, 0,-0.082
18, 0,-1.210
20, 0, 0.863
 4, 1, 0.205
15, 1,-0.158
18, 1,-0.574
 3, 2,-0.043
 5, 2, 0.963
 6, 2,-0.786
 4, 3,-0.369
 5, 3,-1.040
 5, 4, 1.046
15, 4, 1.067
13, 5,-1.166
17, 5, 0.923
10, 9,-0.707
31, 9,-0.832
11,10, 0.873
13,10, 0.157
14,10,-0.798
31,10, 1.203
33,10,-0.585
12,11,-0.053
13,11,-1.105
13,12, 0.055
17,13, 0.450
16,14,-1.293
17,14,-0.848
33,14,-1.033
16,15, 2.811
17,15,-1.064
18,15,-1.663
17,16,-0.102
19,16, 1.469
25,16,-1.474
26,16,-1.431
27,16, 2.715
35,16, 0.964
19,18,-1.329
20,18,-0.761
23,19, 1.066
25,19,-0.916
21,20,-0.275
23,20, 1.497
22,21,-0.029
23,21,-1.473
23,22,-0.523
24,22, 0.612
25,23, 2.022
25,24,-0.244
41,24, 2.029
26,25, 1.518
43,25, 0.116
27,26, 1.558
43,26,-0.553
28,27,-0.559
35,27,-1.301
40,27,-0.081
43,27,-1.288
35,28,-1.512
40,28,-0.474
30,29, 0.620
31,29, 1.489
37,29, 2.401
31,30,-0.598
32,30, 0.360
38,30,-1.493
33,31, 0.790
33,32,-0.077
34,32, 0.459
35,32, 0.225
36,32,-1.595
38,32, 0.232
35,33,-0.296
35,34, 0.804
36,34,-1.585
39,34, 0.447
36,35,-1.650
40,35, 1.001
38,37, 0.204
44,37, 1.860
40,39,-0.851
42,39,-0.294
43,40, 1.209
42,41, 0.512
43,41,-0.134
43,42,-0.688
46,45,-0.977
59,45, 0.521
62,45, 0.434
60,46,-0.195
50,47, 0.171
51,48,-0.203
56,48,-1.246
60,48,-1.021
50,49, 0.493
53,49, 0.954
52,51, 1.645
53,51,-0.209
56,51, 2.328
53,52, 1.029
54,52, 0.922
54,53,-0.982
55,53, 1.041
60,56, 0.870
73,56, 0.088
58,57,-0.136
59,57,-1.462
71,57,-0.940
59,58, 2.096
61,58, 0.785
72,58, 0.982
60,59, 2.418
62,59, 1.648
73,60, 0.470
62,61, 1.068
69,61, 2.112
72,61,-1.135
66,63, 0.867
70,63,-0.543
69,64, 0.607
72,64,-0.717
68,66,-0.913
71,70,-0.081
72,71,-0.837
 0, 0, 3.229
 1, 1, 0.881
 2, 2, 2.712
 3, 3, 0.025
 4, 4, 3.894
 5, 5, 3.717
 6, 6, 0.023
 7, 7, 0.356
 8, 8, 1.889
 9, 9,-0.327
10,10, 3.025
11,11, 2.342
12,12, 0.633
13,13, 2.107
14,14,-0.502
15,15, 2.253
16,16, 4.969
17,17, 1.751
18,18,-0.425
19,19, 0.948
20,20, 2.277
21,21,-0.702
22,22, 1.646
23,23, 3.076
24,24, 4.542
25,25, 3.069
26,26, 0.810
27,27, 3.320
28,28,-0.681
29,29, 4.797
30,30, 0.808
31,31, 3.418
32,32, 2.974
33,33, 1.423
34,34, 2.158
35,35, 3.050
36,36,-1.607
37,37, 5.000
38,38,-0.519
39,39, 0.780
40,40, 2.193
41,41, 3.170
42,42, 1.585
43,43, 2.228
44,44, 2.958
45,45, 2.856
46,46, 0.013
47,47, 2.048
48,48,-0.027
49,49, 1.209
50,50, 2.078
51,51, 4.579
52,52, 3.299
53,53, 4.504
54,54, 0.131
55,55,-0.046
56,56, 4.150
57,57,-0.090
58,58, 3.644
59,59, 3.308
60,60, 3.557
61,61, 3.189
62,62, 3.723
63,63, 3.416
64,64, 1.958
65,65, 0.324
66,66, 2.937
67,67, 0.201
68,68,-0.573
69,69, 3.211
70,70, 2.539
71,71, 0.239
72,72, 0.042
73,73, 0.643
