from,to,weight
  0,  1, 0.316
  0, 19, 0.322
  1,  2,-0.896
  1,  5,-0.321
  1, 20,-0.264
  1, 33,-0.341
  1, 36,-0.224
  2,  5,-0.569
  2, 33,-0.669
  3,  4, 0.459
  3,  6, 0.944
  3, 10,-0.926
  3, 16, 1.379
  3, 18,-1.237
  4,  5, 0.466
  4,  6,-0.500
  4, 19,-0.632
  5,  6, 0.762
  5, 20,-0.083
  5, 33, 1.579
  6,  7,-1.658
  6, 11, 0.004
  6, 32, 0.248
  6, 35, 0.103
  7, 11,-1.667
  7, 32,-1.669
  8,  9, 1.603
  8, 10, 1.887
  8, 11,-0.247
  8, 31, 0.821
  9, 28,-1.232
 10, 11,-1.064
 10, 14, 1.615
 11, 32,-0.037
 12, 13,-1.069
 12, 28,-0.436
 14, 16, 0.515
 15, 16, 0.339
 15, 17,-1.094
 15, 24, 0.714
 15, 25, 0.120
 15, 26,-1.586
 16, 18, 0.703
 17, 18, 0.012
 17, 19,-0.344
 17, 24, 0.933
 18, 19, 0.837
 19, 20,-0.824
 19, 21, 0.068
 21, 23,-0.624
 23,105,-0.552
 24, 26, 2.099
 25, 26, 0.576
 27, 28, 0.320
 27, 30, 0.860
 27, 42,-0.507
 27, 46,-0.279
 29, 30,-0.324
 29, 32, 0.811
 29, 39, 0.525
 29, 45, 0.326
 30, 31, 0.678
 30, 32,-1.512
 30, 46,-0.255
 31, 32, 0.117
 32, 35,-0.946
 33, 34, 2.743
 33, 35,-0.939
 33, 36, 0.336
 34, 35,-0.346
 34, 37,-0.819
 34, 38, 1.127
 37, 38,-0.719
 38, 52,-0.275
 38, 53, 0.401
 39, 45,-1.394
 39, 49, 0.123
 40, 41,-1.001
 40, 43,-1.292
 40, 47,-1.245
 41, 42, 0.150
 41, 44,-0.040
 41, 48,-1.208
 42, 46, 0.422
 43, 44, 0.186
 43, 45, 1.902
 43, 47, 1.891
 44, 45,-1.417
 44, 46,-0.378
 45, 46, 1.508
 45, 49, 1.288
 47, 48,-1.144
 47, 50, 1.656
 49, 51,-0.878
 54, 55, 0.072
 54, 72, 0.005
 54, 75,-0.957
 55, 56, 0.425
 55, 72, 0.370
 56, 57, 0.686
 56, 73,-0.532
 57, 69, 0.754
 58, 63, 0.332
 59, 60,-0.635
 60, 61,-1.651
 62, 64, 0.891
 62, 65,-0.378
 62,112, 0.157
 63, 64, 1.761
 64, 70, 1.395
 64,113, 1.291
 64,114, 0.312
 65, 66, 0.544
 65, 70,-0.689
 65,106, 0.537
 65,112, 0.239
 66, 67, 0.671
 66, 68,-0.751
 66, 70, 0.333
 66,107,-1.019
 67, 68,-0.064
 67, 71, 0.659
 67,108,-0.446
 68, 69, 0.571
 68, 72,-1.545
 69, 73,-0.731
 71, 72, 2.170
 71, 74, 0.612
 71, 93,-1.470
 71,108, 1.084
 72, 73, 0.122
 72, 75, 0.150
 74, 75, 0.178
 74, 93, 1.441
 74,103, 0.224
 76, 77,-0.307
 76, 80, 0.219
 76, 87,-0.417
 77,105, 1.074
 78, 79,-0.818
 78, 81,-0.206
 78,110, 1.021
 79, 80,-1.025
 79, 81,-0.766
 80, 83, 1.611
 80, 87,-1.449
 81, 82, 0.544
 81, 83, 3.255
 81,110, 0.872
 82, 83,-0.279
 82, 84, 0.037
 82, 85, 0.247
 82,106, 0.585
 82,112, 1.710
 83, 84,-0.322
 83, 87, 1.557
 84, 91,-0.664
 85, 86,-1.014
 85, 91,-0.049
 85, 92,-0.203
 85,106,-1.314
 86, 91,-0.388
 86, 94,-0.774
 87, 89, 0.869
 87, 90,-0.648
 87, 91, 1.260
 88, 89,-0.552
 88, 90,-1.582
 88, 91, 1.547
 88, 95,-0.248
 89, 90,-1.148
 89,105, 0.320
 90, 91,-0.292
 91, 96, 2.088
 92, 94,-1.685
 92,106,-0.209
 93, 94, 1.180
 93, 97,-1.578
 93, 98, 0.394
 93,103, 0.469
 93,108, 1.165
 94, 96,-0.326
 94, 97,-0.875
 94,109, 0.155
 95, 96,-0.955
 95,100, 0.508
 96, 97,-1.696
 96,101, 1.071
 97,102,-0.832
 98,102, 0.399
 98,103,-1.128
 99,100,-0.032
 99,102,-0.338
100,101,-0.527
100,102,-0.068
101,102, 0.749
102,104, 1.828
103,104,-1.350
106,107,-0.803
106,109, 1.140
106,112,-0.054
107,108,-0.406
107,109,-1.630
108,109,-0.035
110,111,-1.519
110,112,-0.443
110,113, 0.759
111,112,-1.352
111,113,-1.529
112,113,-0.397
113,114,-1.293
  1,  0, 0.316
 19,  0, 0.322
  2,  1,-0.896
  5,  1,-0.321
 20,  1,-0.264
 33,  1,-0.341
 36,  1,-0.224
  5,  2,-0.569
 33,  2,-0.669
  4,  3, 0.459
  6,  3, 0.944
 10,  3,-0.926
 16,  3, 1.379
 18,  3,-1.237
  5,  4, 0.466
  6,  4,-0.500
 19,  4,-0.632
  6,  5, 0.762
 20,  5,-0.083
 33,  5, 1.579
  7,  6,-1.658
 11,  6, 0.004
 32,  6, 0.248
 35,  6, 0.103
 11,  7,-1.667
 32,  7,-1.669
  9,  8, 1.603
 10,  8, 1.887
 11,  8,-0.247
 31,  8, 0.821
 28,  9,-1.232
 11, 10,-1.064
 14, 10, 1.615
 32, 11,-0.037
 13, 12,-1.069
 28, 12,-0.436
 16, 14, 0.515
 16, 15, 0.339
 17, 15,-1.094
 24, 15, 0.714
 25, 15, 0.120
 26, 15,-1.586
 18, 16, 0.703
 18, 17, 0.012
 19, 17,-0.344
 24, 17, 0.933
 19, 18, 0.837
 20, 19,-0.824
 21, 19, 0.068
 23, 21,-0.624
105, 23,-0.552
 26, 24, 2.099
 26, 25, 0.576
 28, 27, 0.320
 30, 27, 0.860
 42, 27,-0.507
 46, 27,-0.279
 30, 29,-0.324
 32, 29, 0.811
 39, 29, 0.525
 45, 29, 0.326
 31, 30, 0.678
 32, 30,-1.512
 46, 30,-0.255
 32, 31, 0.117
 35, 32,-0.946
 34, 33, 2.743
 35, 33,-0.939
 36, 33, 0.336
 35, 34,-0.346
 37, 34,-0.819
 38, 34, 1.127
 38, 37,-0.719
 52, 38,-0.275
 53, 38, 0.401
 45, 39,-1.394
 49, 39, 0.123
 41, 40,-1.001
 43, 40,-1.292
 47, 40,-1.245
 42, 41, 0.150
 44, 41,-0.040
 48, 41,-1.208
 46, 42, 0.422
 44, 43, 0.186
 45, 43, 1.902
 47, 43, 1.891
 45, 44,-1.417
 46, 44,-0.378
 46, 45, 1.508
 49, 45, 1.288
 48, 47,-1.144
 50, 47, 1.656
 51, 49,-0.878
 55, 54, 0.072
 72, 54, 0.005
 75, 54,-0.957
 56, 55, 0.425
 72, 55, 0.370
 57, 56, 0.686
 73, 56,-0.532
 69, 57, 0.754
 63, 58, 0.332
 60, 59,-0.635
 61, 60,-1.651
 64, 62, 0.891
 65, 62,-0.378
112, 62, 0.157
 64, 63, 1.761
 70, 64, 1.395
113, 64, 1.291
114, 64, 0.312
 66, 65, 0.544
 70, 65,-0.689
106, 65, 0.537
112, 65, 0.239
 67, 66, 0.671
 68, 66,-0.751
 70, 66, 0.333
107, 66,-1.019
 68, 67,-0.064
 71, 67, 0.659
108, 67,-0.446
 69, 68, 0.571
 72, 68,-1.545
 73, 69,-0.731
 72, 71, 2.170
 74, 71, 0.612
 93, 71,-1.470
108, 71, 1.084
 73, 72, 0.122
 75, 72, 0.150
 75, 74, 0.178
 93, 74, 1.441
103, 74, 0.224
 77, 76,-0.307
 80, 76, 0.219
 87, 76,-0.417
105, 77, 1.074
 79, 78,-0.818
 81, 78,-0.206
110, 78, 1.021
 80, 79,-1.025
 81, 79,-0.766
 83, 80, 1.611
 87, 80,-1.449
 82, 81, 0.544
 83, 81, 3.255
110, 81, 0.872
 83, 82,-0.279
 84, 82, 0.037
 85, 82, 0.247
106, 82, 0.585
112, 82, 1.710
 84, 83,-0.322
 87, 83, 1.557
 91, 84,-0.664
 86, 85,-1.014
 91, 85,-0.049
 92, 85,-0.203
106, 85,-1.314
 91, 86,-0.388
 94, 86,-0.774
 89, 87, 0.869
 90, 87,-0.648
 91, 87, 1.260
 89, 88,-0.552
 90, 88,-1.582
 91, 88, 1.547
 95, 88,-0.248
 90, 89,-1.148
105, 89, 0.320
 91, 90,-0.292
 96, 91, 2.088
 94, 92,-1.685
106, 92,-0.209
 94, 93, 1.180
 97, 93,-1.578
 98, 93, 0.394
103, 93, 0.469
108, 93, 1.165
 96, 94,-0.326
 97, 94,-0.875
109, 94, 0.155
 96, 95,-0.955
100, 95, 0.508
 97, 96,-1.696
101, 96, 1.071
102, 97,-0.832
102, 98, 0.399
103, 98,-1.128
100, 99,-0.032
102, 99,-0.338
101,100,-0.527
102,100,-0.068
102,101, 0.749
104,102, 1.828
104,103,-1.350
107,106,-0.803
109,106, 1.140
112,106,-0.054
108,107,-0.406
109,107,-1.630
109,108,-0.035
111,110,-1.519
112,110,-0.443
113,110, 0.759
112,111,-1.352
113,111,-1.529
113,112,-0.397
114,113,-1.293
  0,  0, 0.553
  1,  1, 4.027
  2,  2,-0.653
  3,  3, 2.010
  4,  4, 1.181
  5,  5, 3.855
  6,  6, 3.606
  7,  7,-1.659
  8,  8, 3.644
  9,  9, 2.290
 10, 10, 1.832
 11, 11, 0.561
 12, 12, 0.366
 13, 13, 0.590
 14, 14, 2.768
 15, 15, 1.239
 16, 16, 3.605
 17, 17, 1.097
 18, 18, 1.445
 19, 19, 4.204
 20, 20,-0.139
 21, 21,-0.733
 22, 22, 0.097
 23, 23, 1.757
 24, 24, 4.144
 25, 25, 0.867
 26, 26, 4.342
 27, 27, 3.007
 28, 28, 2.204
 29, 29, 2.566
 30, 30, 2.047
 31, 31, 0.702
 32, 32, 2.544
 33, 33, 4.485
 34, 34, 4.259
 35, 35, 0.916
 36, 36, 0.617
 37, 37,-0.497
 38, 38, 5.000
 39, 39, 1.271
 40, 40,-1.168
 41, 41, 3.370
 42, 42, 0.838
 43, 43, 2.380
 44, 44, 0.031
 45, 45, 3.711
 46, 46, 2.656
 47, 47, 4.380
 48, 48,-1.201
 49, 49, 0.659
 50, 50, 2.502
 51, 51,-1.032
 52, 52, 4.653
 53, 53, 0.401
 54, 54, 1.275
 55, 55, 2.789
 56, 56, 2.663
 57, 57, 4.516
 58, 58, 0.480
 59, 59,-0.886
 60, 60, 5.000
 61, 61,-1.277
 62, 62, 0.929
 63, 63, 2.521
 64, 64, 5.000
 65, 65, 2.077
 66, 66, 2.084
 67, 67, 1.232
 68, 68, 0.303
 69, 69, 2.387
 70, 70, 1.600
 71, 71, 3.265
 72, 72, 3.110
 73, 73, 0.267
 74, 74, 3.646
 75, 75, 1.957
 76, 76, 1.540
 77, 77, 1.863
 78, 78, 4.049
 79, 79,-0.330
 80, 80, 2.803
 81, 81, 3.176
 82, 82, 3.814
 83, 83, 3.799
 84, 84,-0.282
 85, 85, 1.072
 86, 86,-0.390
 87, 87, 3.552
 88, 88, 2.168
 89, 89, 1.630
 90, 90,-1.029
 91, 91, 4.734
 92, 92,-1.283
 93, 93, 4.163
 94, 94, 1.435
 95, 95, 0.821
 96, 96, 1.891
 97, 97,-1.325
 98, 98, 0.101
 99, 99,-0.478
100,100, 2.951
101,101, 0.555
102,102, 4.930
103,103, 2.086
104,104, 1.332
105,105, 2.992
106,106, 3.630
107,107,-0.936
108,108, 2.209
109,109, 1.096
110,110, 2.816
111,111,-1.370
112,112, 3.557
113,113, 2.836
114,114,-0.162
