from,to,weight
 0, 1,-0.183
 0, 4,-1.082
 0, 7,-0.843
 0,13,-0.128
 1, 2, 0.876
 1, 4,-0.059
 1, 5, 0.000
 1, 8, 1.316
 1,23,-0.896
 1,25, 0.701
 2, 3,-0.833
 2,26,-0.687
 3,27,-1.249
 4,14,-0.971
 4,15,-1.026
 5, 8,-0.065
 5,20,-0.261
 5,23,-0.390
 6, 7, 1.663
 6, 9, 0.928
 6,11, 0.433
 7, 8, 0.844
 7, 9,-0.637
 7,12,-1.121
 7,13,-0.484
 8, 9, 0.583
 8,20, 0.756
 9,22,-1.300
10,11, 0.419
10,12,-0.480
10,16, 1.994
11,12,-0.318
12,13, 0.336
13,14, 0.757
14,15, 0.671
17,19,-0.143
17,35,-0.472
17,38,-0.398
18,19,-0.760
19,22, 1.113
20,21, 2.719
20,22, 0.459
20,23,-0.853
21,22,-0.406
21,24, 0.974
21,31,-1.494
21,32,-1.373
21,33, 2.614
21,40, 1.402
22,41,-1.056
23,24,-1.417
23,25,-0.839
24,28, 0.495
24,31,-0.883
25,26,-0.110
25,28, 0.796
26,27, 1.010
26,28,-1.228
27,28,-0.257
27,29, 1.500
28,31, 1.460
29,30,-1.549
29,31,-0.046
29,44,-0.278
31,32, 1.515
31,46, 0.678
32,33, 1.303
32,46,-0.981
33,40,-1.392
33,43, 0.581
33,46,-0.866
34,35, 0.063
34,42, 0.482
35,38, 1.634
36,37, 0.867
36,42, 0.739
37,38, 0.562
37,39, 0.047
37,40,-0.014
38,40,-0.058
38,41,-0.851
39,40, 0.835
40,41,-1.321
40,43, 2.021
43,46, 1.720
44,45,-0.793
44,46,-0.649
45,46,-0.665
47,48,-1.362
47,70,-1.298
48,49,-0.035
48,50,-0.431
48,63,-1.628
48,70, 1.895
50,63,-0.491
51,52, 1.265
51,58, 1.779
51,66, 0.530
52,54, 1.430
52,56,-1.119
52,58,-0.969
53,54, 0.347
54,56, 0.286
55,57,-1.119
56,58,-0.990
57,58, 0.861
57,59, 0.772
58,59, 1.212
58,66, 0.346
59,67,-0.680
59,97, 2.165
60,61,-0.640
60,62,-0.146
60,63,-0.223
60,64,-1.244
60,65,-1.484
60,67, 1.916
60,93, 0.292
61,62,-0.505
61,68,-0.994
61,94,-1.106
62,63, 0.316
62,69,-1.272
63,64,-0.514
63,65,-1.550
63,70, 1.727
64,65,-0.576
65,66,-0.515
65,67,-0.986
66,67, 1.343
67,95, 0.590
67,97, 0.086
68,69, 0.122
68,71,-0.737
68,94, 0.065
69,70, 1.355
69,72, 0.022
71,72, 1.752
71,84, 1.034
71,91,-0.591
73,75,-0.791
73,96, 0.857
74,77,-1.056
74,80,-1.459
75,76, 0.184
75,77, 1.132
75,78, 0.917
75,96,-1.507
76,77, 0.059
76,78, 0.822
76,79, 1.332
76,92, 1.467
77,80, 1.195
78,95,-1.143
78,97, 1.096
79,80,-0.444
79,81, 1.219
79,82, 1.581
79,92,-1.267
80,81, 0.505
81,86, 0.611
82,83,-1.495
82,84,-0.504
82,85, 0.330
82,86,-1.298
82,92, 0.559
83,84,-1.414
83,93,-1.445
84,85,-0.065
84,87, 1.014
84,91, 0.396
84,94, 1.053
85,88,-1.461
86,89, 1.078
87,88,-0.570
87,89,-0.946
87,91, 0.483
88,89,-0.596
89,90,-0.431
92,93, 0.786
92,95, 1.076
93,94, 0.174
93,95,-1.488
95,97,-0.234
96,97, 1.371
 1, 0,-0.183
 4, 0,-1.082
 7, 0,-0.843
13, 0,-0.128
 2, 1, 0.876
 4, 1,-0.059
 5, 1, 0.000
 8, 1, 1.316
23, 1,-0.896
25, 1, 0.701
 3, 2,-0.833
26, 2,-0.687
27, 3,-1.249
14, 4,-0.971
15, 4,-1.026
 8, 5,-0.065
20, 5,-0.261
23, 5,-0.390
 7, 6, 1.663
 9, 6, 0.928
11, 6, 0.433
 8, 7, 0.844
 9, 7,-0.637
12, 7,-1.121
13, 7,-0.484
 9, 8, 0.583
20, 8, 0.756
22, 9,-1.300
11,10, 0.419
12,10,-0.480
16,10, 1.994
12,11,-0.318
13,12, 0.336
14,13, 0.757
15,14, 0.671
19,17,-0.143
35,17,-0.472
38,17,-0.398
19,18,-0.760
22,19, 1.113
21,20, 2.719
22,20, 0.459
23,20,-0.853
22,21,-0.406
24,21, 0.974
31,21,-1.494
32,21,-1.373
33,21, 2.614
40,21, 1.402
41,22,-1.056
24,23,-1.417
25,23,-0.839
28,24, 0.495
31,24,-0.883
26,25,-0.110
28,25, 0.796
27,26, 1.010
28,26,-1.228
28,27,-0.257
29,27, 1.500
31,28, 1.460
30,29,-1.549
31,29,-0.046
44,29,-0.278
32,31, 1.515
46,31, 0.678
33,32, 1.303
46,32,-0.981
40,33,-1.392
43,33, 0.581
46,33,-0.866
35,34, 0.063
42,34, 0.482
38,35, 1.634
37,36, 0.867
42,36, 0.739
38,37, 0.562
39,37, 0.047
40,37,-0.014
40,38,-0.058
41,38,-0.851
40,39, 0.835
41,40,-1.321
43,40, 2.021
46,43, 1.720
45,44,-0.793
46,44,-0.649
46,45,-0.665
48,47,-1.362
70,47,-1.298
49,48,-0.035
50,48,-0.431
63,48,-1.628
70,48, 1.895
63,50,-0.491
52,51, 1.265
58,51, 1.779
66,51, 0.530
54,52, 1.430
56,52,-1.119
58,52,-0.969
54,53, 0.347
56,54, 0.286
57,55,-1.119
58,56,-0.990
58,57, 0.861
59,57, 0.772
59,58, 1.212
66,58, 0.346
67,59,-0.680
97,59, 2.165
61,60,-0.640
62,60,-0.146
63,60,-0.223
64,60,-1.244
65,60,-1.484
67,60, 1.916
93,60, 0.292
62,61,-0.505
68,61,-0.994
94,61,-1.106
63,62, 0.316
69,62,-1.272
64,63,-0.514
65,63,-1.550
70,63, 1.727
65,64,-0.576
66,65,-0.515
67,65,-0.986
67,66, 1.343
95,67, 0.590
97,67, 0.086
69,68, 0.122
71,68,-0.737
94,68, 0.065
70,69, 1.355
72,69, 0.022
72,71, 1.752
84,71, 1.034
91,71,-0.591
75,73,-0.791
96,73, 0.857
77,74,-1.056
80,74,-1.459
76,75, 0.184
77,75, 1.132
78,75, 0.917
96,75,-1.507
77,76, 0.059
78,76, 0.822
79,76, 1.332
92,76, 1.467
80,77, 1.195
95,78,-1.143
97,78, 1.096
80,79,-0.444
81,79, 1.219
82,79, 1.581
92,79,-1.267
81,80, 0.505
86,81, 0.611
83,82,-1.495
84,82,-0.504
85,82, 0.330
86,82,-1.298
92,82, 0.559
84,83,-1.414
93,83,-1.445
85,84,-0.065
87,84, 1.014
91,84, 0.396
94,84, 1.053
88,85,-1.461
89,86, 1.078
88,87,-0.570
89,87,-0.946
91,87, 0.483
89,88,-0.596
90,89,-0.431
93,92, 0.786
95,92, 1.076
94,93, 0.174
95,93,-1.488
97,95,-0.234
97,96, 1.371
 0, 0, 0.141
 1, 1, 5.000
 2, 2, 0.345
 3, 3,-0.861
 4, 4, 0.447
 5, 5, 1.035
 6, 6, 3.600
 7, 7, 2.334
 8, 8, 3.508
 9, 9, 2.420
10,10, 2.633
11,11, 1.452
12,12, 0.602
13,13, 2.781
14,14, 0.178
15,15, 2.303
16,16, 3.538
17,17, 0.873
18,18, 0.147
19,19, 2.534
20,20, 3.368
21,21, 4.438
22,22, 2.307
23,23,-0.010
24,24, 0.500
25,25, 1.455
26,26, 0.494
27,27, 3.551
28,28, 2.450
29,29, 4.767
30,30,-1.682
31,31, 3.030
32,32, 0.770
33,33, 3.253
34,34, 0.058
35,35, 3.070
36,36, 0.078
37,37, 2.005
38,38, 2.647
39,39, 0.663
40,40, 3.774
41,41,-0.855
42,42, 5.000
43,43, 1.908
44,44,-0.339
45,45,-0.094
46,46, 3.299
47,47,-1.265
48,48, 4.365
49,49, 1.702
50,50, 1.568
51,51, 4.011
52,52, 2.848
53,53, 0.462
54,54, 3.078
55,55,-1.198
56,56, 0.344
57,57, 3.594
58,58, 4.254
59,59, 3.370
60,60, 2.318
61,61,-0.296
62,62, 0.532
63,63, 3.674
64,64,-0.789
65,65,-0.040
66,66, 2.454
67,67, 3.840
68,68, 0.884
69,69, 0.429
70,70, 3.624
71,71, 1.836
72,72, 4.032
73,73, 1.892
74,74,-1.049
75,75, 3.654
76,76, 3.829
77,77, 3.182
78,78, 2.151
79,79, 3.218
80,80, 4.096
81,81, 2.273
82,82, 1.906
83,83,-1.415
84,84, 4.088
85,85,-0.370
86,86,-0.011
87,87, 3.151
88,88,-0.500
89,89, 2.866
90,90, 0.187
91,91, 3.173
92,92, 3.127
93,93, 1.097
94,94, 1.399
95,95, 0.852
96,96, 2.046
97,97, 4.669
