from,to,weight
 0, 1,-0.726
 0, 3, 0.156
 1, 3,-0.439
 1, 4, 0.158
 2, 3, 0.106
 2, 6,-1.216
 3, 4, 0.985
 3, 7, 0.833
 3,10, 0.455
 4, 5, 0.865
 4,10,-0.094
 5,13, 0.809
 5,18,-0.335
 5,39, 1.715
 6, 7,-0.060
 6, 9, 0.264
 7, 8, 0.626
 7, 9, 0.510
 7,10,-0.270
 8, 9, 0.023
 8,11,-0.692
 8,14, 1.094
10,11, 1.464
10,13, 0.403
11,12, 2.020
11,13,-1.089
11,14,-1.558
12,13, 0.642
12,15, 0.984
12,16, 1.580
12,19,-0.002
13,18,-0.834
13,20, 1.566
14,15, 1.678
15,16, 0.441
15,17, 0.763
16,17,-0.781
16,22, 0.906
17,21, 0.332
17,22, 0.573
18,20,-0.360
18,39,-0.563
19,20,-1.217
19,27,-1.471
19,36,-0.752
20,37, 2.216
20,39,-1.487
21,22, 0.133
21,27, 0.366
22,27, 2.015
23,24,-1.096
23,25, 2.613
23,30, 3.215
23,31,-0.065
24,25,-1.072
25,26, 0.870
25,32,-0.467
26,28, 0.502
26,34,-1.339
27,28, 3.410
27,29,-1.282
27,36,-0.768
28,29, 0.271
28,34,-0.340
29,35,-0.475
29,37, 0.885
30,31, 0.575
30,38,-1.066
31,32, 0.978
31,33, 0.970
31,38, 0.124
32,33, 0.611
32,34,-0.073
32,35,-0.295
33,35,-0.129
33,41,-0.002
34,35, 0.761
35,37, 1.002
35,39,-0.136
36,37,-0.869
37,39, 0.496
38,40,-1.400
 1, 0,-0.726
 3, 0, 0.156
 3, 1,-0.439
 4, 1, 0.158
 3, 2, 0.106
 6, 2,-1.216
 4, 3, 0.985
 7, 3, 0.833
10, 3, 0.455
 5, 4, 0.865
10, 4,-0.094
13, 5, 0.809
18, 5,-0.335
39, 5, 1.715
 7, 6,-0.060
 9, 6, 0.264
 8, 7, 0.626
 9, 7, 0.510
10, 7,-0.270
 9, 8, 0.023
11, 8,-0.692
14, 8, 1.094
11,10, 1.464
13,10, 0.403
12,11, 2.020
13,11,-1.089
14,11,-1.558
13,12, 0.642
15,12, 0.984
16,12, 1.580
19,12,-0.002
18,13,-0.834
20,13, 1.566
15,14, 1.678
16,15, 0.441
17,15, 0.763
17,16,-0.781
22,16, 0.906
21,17, 0.332
22,17, 0.573
20,18,-0.360
39,18,-0.563
20,19,-1.217
27,19,-1.471
36,19,-0.752
37,20, 2.216
39,20,-1.487
22,21, 0.133
27,21, 0.366
27,22, 2.015
24,23,-1.096
25,23, 2.613
30,23, 3.215
31,23,-0.065
25,24,-1.072
26,25, 0.870
32,25,-0.467
28,26, 0.502
34,26,-1.339
28,27, 3.410
29,27,-1.282
36,27,-0.768
29,28, 0.271
34,28,-0.340
35,29,-0.475
37,29, 0.885
31,30, 0.575
38,30,-1.066
32,31, 0.978
33,31, 0.970
38,31, 0.124
33,32, 0.611
34,32,-0.073
35,32,-0.295
35,33,-0.129
41,33,-0.002
35,34, 0.761
37,35, 1.002
39,35,-0.136
37,36,-0.869
39,37, 0.496
40,38,-1.400
 0, 0, 0.181
 1, 1, 1.105
 2, 2, 0.104
 3, 3, 4.457
 4, 4, 1.890
 5, 5, 3.442
 6, 6, 0.942
 7, 7, 2.664
 8, 8, 2.264
 9, 9, 4.719
10,10, 2.462
11,11, 1.413
12,12, 4.072
13,13, 3.237
14,14, 1.817
15,15, 4.378
16,16, 2.796
17,17, 2.789
18,18, 0.750
19,19, 0.418
20,20, 2.621
21,21, 3.012
22,22, 2.754
23,23, 4.774
24,24,-0.969
25,25, 4.627
26,26, 0.892
27,27, 4.665
28,28, 5.000
29,29, 0.769
30,30, 4.918
31,31, 3.538
32,32, 2.285
33,33, 3.992
34,34, 0.834
35,35, 4.286
36,36,-0.717
37,37, 3.420
38,38, 1.293
39,39, 4.451
40,40, 0.091
41,41, 1.336
