from,to,weight
 0, 2, 0.828
 0,15, 1.170
 0,18, 1.240
 0,27,-0.838
 0,28,-0.673
 1, 2, 1.772
 1, 5, 0.392
 1,10, 0.063
 1,12, 0.507
 1,25, 0.740
 2,15, 0.569
 2,27, 1.629
 3, 4, 0.902
 4, 5, 1.806
 4, 8, 0.926
 5,10, 1.422
 5,25, 1.432
 6, 7, 0.754
 6,24, 0.009
 8, 9,-0.196
10,11,-0.950
10,12, 1.330
11,13,-1.023
12,13, 1.816
12,15,-1.012
13,14, 2.294
13,15,-1.490
13,20,-1.553
14,15, 0.826
14,16, 0.296
14,21, 3.519
15,18,-0.495
16,17,-0.067
16,18,-0.261
16,19, 0.751
16,21,-1.597
16,29,-1.223
16,65,-0.084
17,18,-0.586
17,66,-0.061
19,21, 2.049
19,23,-0.208
19,29, 1.005
20,21,-0.766
21,22, 0.935
21,23,-0.585
22,23,-0.600
25,26,-0.124
27,28,-1.299
29,64, 0.221
29,65,-0.120
30,31, 1.273
30,34,-0.419
30,45, 1.071
31,32, 2.412
31,47, 0.630
31,50,-1.439
31,57,-1.505
32,33,-0.907
32,56,-1.632
32,61,-1.051
32,66, 2.447
35,36,-0.157
35,43, 0.308
35,68,-1.614
36,37,-1.161
39,45, 0.834
40,41, 1.243
40,46,-1.110
41,42, 0.244
41,44,-0.771
41,46,-0.174
42,43, 0.669
42,44,-1.417
42,47,-0.297
43,44, 1.212
43,48,-1.172
43,51, 0.163
43,68, 2.373
45,46,-0.705
45,47, 0.292
46,47, 0.415
47,48,-1.171
47,49,-0.512
47,50, 1.547
47,57,-1.583
48,51,-1.399
49,55,-0.576
49,59,-1.695
50,51, 0.010
50,55,-0.247
50,57,-0.364
51,52, 0.060
51,53,-0.489
51,54,-1.204
51,55, 0.096
51,68,-0.120
52,53,-0.030
53,54,-0.092
53,55,-0.959
53,58,-0.725
53,67,-0.073
54,55, 0.077
55,59, 1.306
56,61,-1.572
56,66,-1.631
57,59,-1.002
57,61,-0.688
57,62,-0.905
58,63,-0.935
59,62, 1.743
60,61, 0.379
60,62,-0.144
61,62, 0.981
61,66, 1.912
63,67,-0.596
64,65, 0.125
65,66, 0.754
68,69,-1.432
 2, 0, 0.828
15, 0, 1.170
18, 0, 1.240
27, 0,-0.838
28, 0,-0.673
 2, 1, 1.772
 5, 1, 0.392
10, 1, 0.063
12, 1, 0.507
25, 1, 0.740
15, 2, 0.569
27, 2, 1.629
 4, 3, 0.902
 5, 4, 1.806
 8, 4, 0.926
10, 5, 1.422
25, 5, 1.432
 7, 6, 0.754
24, 6, 0.009
 9, 8,-0.196
11,10,-0.950
12,10, 1.330
13,11,-1.023
13,12, 1.816
15,12,-1.012
14,13, 2.294
15,13,-1.490
20,13,-1.553
15,14, 0.826
16,14, 0.296
21,14, 3.519
18,15,-0.495
17,16,-0.067
18,16,-0.261
19,16, 0.751
21,16,-1.597
29,16,-1.223
65,16,-0.084
18,17,-0.586
66,17,-0.061
21,19, 2.049
23,19,-0.208
29,19, 1.005
21,20,-0.766
22,21, 0.935
23,21,-0.585
23,22,-0.600
26,25,-0.124
28,27,-1.299
64,29, 0.221
65,29,-0.120
31,30, 1.273
34,30,-0.419
45,30, 1.071
32,31, 2.412
47,31, 0.630
50,31,-1.439
57,31,-1.505
33,32,-0.907
56,32,-1.632
61,32,-1.051
66,32, 2.447
36,35,-0.157
43,35, 0.308
68,35,-1.614
37,36,-1.161
45,39, 0.834
41,40, 1.243
46,40,-1.110
42,41, 0.244
44,41,-0.771
46,41,-0.174
43,42, 0.669
44,42,-1.417
47,42,-0.297
44,43, 1.212
48,43,-1.172
51,43, 0.163
68,43, 2.373
46,45,-0.705
47,45, 0.292
47,46, 0.415
48,47,-1.171
49,47,-0.512
50,47, 1.547
57,47,-1.583
51,48,-1.399
55,49,-0.576
59,49,-1.695
51,50, 0.010
55,50,-0.247
57,50,-0.364
52,51, 0.060
53,51,-0.489
54,51,-1.204
55,51, 0.096
68,51,-0.120
53,52,-0.030
54,53,-0.092
55,53,-0.959
58,53,-0.725
67,53,-0.073
55,54, 0.077
59,55, 1.306
61,56,-1.572
66,56,-1.631
59,57,-1.002
61,57,-0.688
62,57,-0.905
63,58,-0.935
62,59, 1.743
61,60, 0.379
62,60,-0.144
62,61, 0.981
66,61, 1.912
67,63,-0.596
65,64, 0.125
66,65, 0.754
69,68,-1.432
 0, 0, 4.044
 1, 1, 3.950
 2, 2, 3.685
 3, 3, 1.257
 4, 4, 2.140
 5, 5, 3.995
 6, 6, 1.444
 7, 7, 2.543
 8, 8, 2.375
 9, 9, 0.437
10,10, 3.113
11,11,-0.918
12,12, 1.702
13,13, 1.414
14,14, 3.800
15,15, 1.894
16,16, 2.141
17,17, 0.394
18,18, 4.263
19,19, 3.195
20,20,-1.008
21,21, 5.000
22,22, 0.588
23,23, 0.656
24,24, 1.265
25,25, 2.501
26,26, 0.347
27,27, 1.282
28,28,-0.785
29,29, 1.386
30,30, 3.035
31,31, 2.469
32,32, 3.171
33,33,-1.171
34,34, 1.825
35,35,-0.196
36,36, 2.670
37,37,-1.167
38,38,-0.322
39,39, 2.967
40,40, 1.745
41,41, 0.972
42,42, 0.351
43,43, 4.480
44,44, 1.005
45,45, 2.494
46,46, 0.803
47,47, 4.035
48,48,-1.189
49,49,-0.881
50,50, 0.426
51,51, 3.507
52,52,-0.041
53,53, 3.946
54,54,-0.116
55,55, 2.647
56,56,-1.605
57,57, 0.084
58,58, 1.563
59,59, 2.860
60,60, 1.635
61,61, 3.106
62,62, 1.783
63,63, 0.529
64,64, 4.220
65,65, 2.296
66,66, 4.411
67,67, 2.009
68,68, 2.642
69,69,-1.154
