from,to,weight
 0, 1, 1.167
 0, 2,-0.882
 0,16, 1.704
 1, 3,-0.502
 1,38, 0.019
 1,39, 0.312
 2, 3, 1.921
 2, 4, 0.664
 2, 7,-1.380
 2,13, 1.423
 2,16, 0.060
 3,38, 2.077
 4, 8, 1.141
 5, 6,-1.166
 5, 8, 0.278
 5, 9,-0.877
 5,36,-0.889
 6, 8, 0.321
 6,10, 0.433
 7, 8,-1.363
 7,13,-1.368
 8,14,-0.263
 8,37,-0.160
 9,10,-0.213
10,27, 0.366
11,12, 1.613
11,14,-1.078
11,27, 0.890
12,13,-0.146
12,14,-0.938
12,15,-0.836
12,23, 0.707
12,28,-0.705
13,14,-0.394
13,16, 2.038
15,16,-0.533
15,23,-0.910
16,17, 1.546
16,18,-1.589
16,20,-1.455
16,24, 1.680
17,18,-0.367
17,21,-0.359
18,22,-0.288
19,22, 1.626
19,40, 0.214
20,21,-1.452
21,22,-0.007
21,73,-0.848
22,40, 0.207
22,74, 0.310
23,24,-0.611
23,25, 0.352
23,28,-1.425
23,32, 0.702
24,25, 0.189
25,33,-0.122
26,27, 1.507
26,28,-0.850
26,29, 0.614
26,31, 0.266
27,28,-0.683
28,32,-0.736
30,31, 1.240
31,32, 1.432
31,33,-0.963
32,33, 0.557
33,71,-0.840
38,39, 0.666
40,41, 0.965
40,43,-1.106
40,74,-0.039
41,43, 0.601
41,46,-0.535
42,43,-0.535
42,44, 1.058
42,45,-1.543
42,61,-0.938
42,73, 1.051
43,44, 0.832
43,46, 0.341
43,74, 1.120
44,45,-1.449
44,50, 1.211
44,62,-1.387
45,63,-1.468
47,48,-1.191
47,52,-1.379
47,77, 1.693
48,52, 0.162
49,50,-0.816
49,51,-1.426
49,55,-0.500
49,60,-0.663
50,51,-1.199
50,62,-1.329
51,63,-1.385
52,54, 1.100
52,55,-0.161
52,56,-1.651
52,77, 0.360
53,57,-1.479
53,66, 0.098
53,76,-1.418
54,59, 2.025
55,60, 0.017
56,59,-1.661
56,60,-1.691
57,58,-1.336
57,66,-1.423
58,59, 2.022
58,65, 0.827
58,67, 3.780
59,60, 1.490
59,64,-1.640
59,65, 0.158
60,63, 1.075
60,64,-0.715
61,63, 0.933
61,65, 0.856
61,73, 1.419
62,63,-1.135
63,64,-1.043
63,65,-1.243
64,65,-0.394
66,67, 0.019
66,76, 0.677
67,68,-0.753
67,70, 3.188
68,71,-0.991
69,70,-0.302
69,72,-1.578
70,71, 1.096
70,72, 1.156
73,74, 0.651
73,75,-0.941
 1, 0, 1.167
 2, 0,-0.882
16, 0, 1.704
 3, 1,-0.502
38, 1, 0.019
39, 1, 0.312
 3, 2, 1.921
 4, 2, 0.664
 7, 2,-1.380
13, 2, 1.423
16, 2, 0.060
38, 3, 2.077
 8, 4, 1.141
 6, 5,-1.166
 8, 5, 0.278
 9, 5,-0.877
36, 5,-0.889
 8, 6, 0.321
10, 6, 0.433
 8, 7,-1.363
13, 7,-1.368
14, 8,-0.263
37, 8,-0.160
10, 9,-0.213
27,10, 0.366
12,11, 1.613
14,11,-1.078
27,11, 0.890
13,12,-0.146
14,12,-0.938
15,12,-0.836
23,12, 0.707
28,12,-0.705
14,13,-0.394
16,13, 2.038
16,15,-0.533
23,15,-0.910
17,16, 1.546
18,16,-1.589
20,16,-1.455
24,16, 1.680
18,17,-0.367
21,17,-0.359
22,18,-0.288
22,19, 1.626
40,19, 0.214
21,20,-1.452
22,21,-0.007
73,21,-0.848
40,22, 0.207
74,22, 0.310
24,23,-0.611
25,23, 0.352
28,23,-1.425
32,23, 0.702
25,24, 0.189
33,25,-0.122
27,26, 1.507
28,26,-0.850
29,26, 0.614
31,26, 0.266
28,27,-0.683
32,28,-0.736
31,30, 1.240
32,31, 1.432
33,31,-0.963
33,32, 0.557
71,33,-0.840
39,38, 0.666
41,40, 0.965
43,40,-1.106
74,40,-0.039
43,41, 0.601
46,41,-0.535
43,42,-0.535
44,42, 1.058
45,42,-1.543
61,42,-0.938
73,42, 1.051
44,43, 0.832
46,43, 0.341
74,43, 1.120
45,44,-1.449
50,44, 1.211
62,44,-1.387
63,45,-1.468
48,47,-1.191
52,47,-1.379
77,47, 1.693
52,48, 0.162
50,49,-0.816
51,49,-1.426
55,49,-0.500
60,49,-0.663
51,50,-1.199
62,50,-1.329
63,51,-1.385
54,52, 1.100
55,52,-0.161
56,52,-1.651
77,52, 0.360
57,53,-1.479
66,53, 0.098
76,53,-1.418
59,54, 2.025
60,55, 0.017
59,56,-1.661
60,56,-1.691
58,57,-1.336
66,57,-1.423
59,58, 2.022
65,58, 0.827
67,58, 3.780
60,59, 1.490
64,59,-1.640
65,59, 0.158
63,60, 1.075
64,60,-0.715
63,61, 0.933
65,61, 0.856
73,61, 1.419
63,62,-1.135
64,63,-1.043
65,63,-1.243
65,64,-0.394
67,66, 0.019
76,66, 0.677
68,67,-0.753
70,67, 3.188
71,68,-0.991
70,69,-0.302
72,69,-1.578
71,70, 1.096
72,70, 1.156
74,73, 0.651
75,73,-0.941
 0, 0, 1.769
 1, 1, 3.624
 2, 2, 3.913
 3, 3, 3.102
 4, 4, 1.502
 5, 5, 1.079
 6, 6, 0.097
 7, 7,-1.314
 8, 8, 3.689
 9, 9,-0.070
10,10, 3.662
11,11, 1.532
12,12, 1.900
13,13, 2.531
14,14, 0.156
15,15,-0.756
16,16, 5.000
17,17, 0.507
18,18,-0.545
19,19, 2.097
20,20,-1.486
21,21, 0.134
22,22, 5.000
23,23, 2.385
24,24, 0.591
25,25, 2.494
26,26, 4.899
27,27, 2.600
28,28, 0.184
29,29, 1.363
30,30, 1.294
31,31, 3.574
32,32, 2.240
33,33, 2.756
34,34, 0.032
35,35,-0.977
36,36,-0.543
37,37,-0.415
38,38, 4.517
39,39, 1.515
40,40, 2.639
41,41, 3.294
42,42, 1.285
43,43, 4.045
44,44, 3.581
45,45,-1.463
46,46, 0.710
47,47, 2.991
48,48,-0.161
49,49, 0.934
50,50, 1.895
51,51,-1.348
52,52, 4.900
53,53, 0.657
54,54, 0.884
55,55,-0.169
56,56,-1.679
57,57,-1.303
58,58, 3.011
59,59, 3.368
60,60, 2.442
61,61, 1.841
62,62,-1.287
63,63, 1.340
64,64,-0.561
65,65, 2.493
66,66, 2.544
67,67, 2.949
68,68,-0.617
69,69, 0.272
70,70, 4.205
71,71, 2.445
72,72, 1.267
73,73, 3.696
74,74, 2.016
75,75,-1.189
76,76, 1.681
77,77, 2.803
