from,to,weight
 0, 1, 0.120
 1, 5, 0.466
 1,26, 0.070
 1,28, 1.228
 2, 3, 1.406
 2, 6, 1.452
 2,22, 1.161
 2,44,-0.814
 2,45, 1.772
 3, 4,-1.186
 3, 5, 1.648
 3,23,-0.307
 3,46,-0.359
 4, 5,-1.206
 4,24,-1.176
 5,25,-1.483
 5,26, 1.220
 6, 8, 0.315
 6,43,-0.038
 6,44, 0.447
 7, 8, 0.102
 7,16, 1.708
 7,41, 0.936
 8,43,-0.948
 9,10,-0.465
 9,16,-0.115
10,11, 2.180
10,12,-0.892
10,13,-1.605
10,14,-0.468
10,18, 1.712
11,12, 0.416
12,13, 0.931
13,14,-0.614
14,18,-0.123
15,16, 1.444
16,18,-0.650
16,19, 1.114
17,18,-1.165
17,19,-0.900
17,37,-1.159
18,19, 0.498
19,38,-0.887
20,21, 0.084
20,33,-1.290
21,22, 0.359
21,24, 0.914
21,31, 0.197
21,33,-1.208
22,23,-0.744
22,24,-0.857
23,24,-0.387
24,25,-1.139
26,27, 0.503
26,28, 1.654
27,29,-1.479
27,30, 1.038
27,32, 1.716
28,29,-0.151
29,30,-0.007
30,32,-1.502
30,39, 1.871
32,39, 0.788
34,35,-1.243
35,36,-0.552
35,38,-1.211
36,37,-0.230
37,38,-0.057
41,42, 0.724
41,43,-0.046
42,43, 0.306
43,44, 0.340
43,45,-1.556
44,45, 0.598
45,46,-0.753
47,62,-0.455
48,49,-0.414
48,50,-1.385
48,51, 1.895
48,55, 0.027
48,60, 0.054
49,50,-0.320
49,51,-1.692
50,51,-0.326
51,52, 2.496
51,54,-0.532
51,56, 1.184
52,53,-0.665
52,54, 1.719
53,54,-1.186
54,56, 0.694
55,56,-0.704
55,60, 0.309
57,61,-0.414
57,98,-0.885
58,59, 0.643
58,61, 0.946
58,63, 0.910
58,94, 0.991
58,97,-0.744
59,60,-0.148
59,61,-0.998
60,61, 0.837
61,98, 0.534
62,63, 1.566
62,64,-0.553
62,91, 2.045
62,93,-1.659
63,94, 0.746
64,91,-1.015
65,66, 0.118
65,67, 0.450
66,67, 1.071
66,69,-1.411
66,92,-0.649
66,96, 0.701
67,68,-0.976
69,70, 0.353
69,71, 0.063
69,72, 0.419
69,92,-0.298
70,71, 0.248
71,73,-0.601
72,94, 0.708
73,79,-0.487
74,75,-0.572
74,78, 0.588
74,79, 0.332
74,82, 2.903
74,89, 1.877
75,76,-1.201
75,77,-1.324
75,78,-1.041
75,90,-1.614
76,77,-1.136
76,91,-1.277
76,93,-1.594
77,78, 0.190
77,94, 0.737
78,79, 0.674
78,95,-0.309
80,81,-0.341
80,82,-0.027
81,82, 0.242
81,84,-0.029
82,85, 2.103
82,89,-1.274
83,84,-1.343
84,85,-1.093
84,88, 0.962
85,86,-1.313
85,89, 0.493
86,91, 0.205
87,88,-0.809
89,90, 0.298
89,91,-0.902
90,91, 0.433
91,93,-0.880
92,94, 0.394
92,96,-0.639
93,94,-0.859
94,95,-0.486
94,97,-0.757
96,97,-0.658
96,98, 0.024
97,98,-1.557
 1, 0, 0.120
 5, 1, 0.466
26, 1, 0.070
28, 1, 1.228
 3, 2, 1.406
 6, 2, 1.452
22, 2, 1.161
44, 2,-0.814
45, 2, 1.772
 4, 3,-1.186
 5, 3, 1.648
23, 3,-0.307
46, 3,-0.359
 5, 4,-1.206
24, 4,-1.176
25, 5,-1.483
26, 5, 1.220
 8, 6, 0.315
43, 6,-0.038
44, 6, 0.447
 8, 7, 0.102
16, 7, 1.708
41, 7, 0.936
43, 8,-0.948
10, 9,-0.465
16, 9,-0.115
11,10, 2.180
12,10,-0.892
13,10,-1.605
14,10,-0.468
18,10, 1.712
12,11, 0.416
13,12, 0.931
14,13,-0.614
18,14,-0.123
16,15, 1.444
18,16,-0.650
19,16, 1.114
18,17,-1.165
19,17,-0.900
37,17,-1.159
19,18, 0.498
38,19,-0.887
21,20, 0.084
33,20,-1.290
22,21, 0.359
24,21, 0.914
31,21, 0.197
33,21,-1.208
23,22,-0.744
24,22,-0.857
24,23,-0.387
25,24,-1.139
27,26, 0.503
28,26, 1.654
29,27,-1.479
30,27, 1.038
32,27, 1.716
29,28,-0.151
30,29,-0.007
32,30,-1.502
39,30, 1.871
39,32, 0.788
35,34,-1.243
36,35,-0.552
38,35,-1.211
37,36,-0.230
38,37,-0.057
42,41, 0.724
43,41,-0.046
43,42, 0.306
44,43, 0.340
45,43,-1.556
45,44, 0.598
46,45,-0.753
62,47,-0.455
49,48,-0.414
50,48,-1.385
51,48, 1.895
55,48, 0.027
60,48, 0.054
50,49,-0.320
51,49,-1.692
51,50,-0.326
52,51, 2.496
54,51,-0.532
56,51, 1.184
53,52,-0.665
54,52, 1.719
54,53,-1.186
56,54, 0.694
56,55,-0.704
60,55, 0.309
61,57,-0.414
98,57,-0.885
59,58, 0.643
61,58, 0.946
63,58, 0.910
94,58, 0.991
97,58,-0.744
60,59,-0.148
61,59,-0.998
61,60, 0.837
98,61, 0.534
63,62, 1.566
64,62,-0.553
91,62, 2.045
93,62,-1.659
94,63, 0.746
91,64,-1.015
66,65, 0.118
67,65, 0.450
67,66, 1.071
69,66,-1.411
92,66,-0.649
96,66, 0.701
68,67,-0.976
70,69, 0.353
71,69, 0.063
72,69, 0.419
92,69,-0.298
71,70, 0.248
73,71,-0.601
94,72, 0.708
79,73,-0.487
75,74,-0.572
78,74, 0.588
79,74, 0.332
82,74, 2.903
89,74, 1.877
76,75,-1.201
77,75,-1.324
78,75,-1.041
90,75,-1.614
77,76,-1.136
91,76,-1.277
93,76,-1.594
78,77, 0.190
94,77, 0.737
79,78, 0.674
95,78,-0.309
81,80,-0.341
82,80,-0.027
82,81, 0.242
84,81,-0.029
85,82, 2.103
89,82,-1.274
84,83,-1.343
85,84,-1.093
88,84, 0.962
86,85,-1.313
89,85, 0.493
91,86, 0.205
88,87,-0.809
90,89, 0.298
91,89,-0.902
91,90, 0.433
93,91,-0.880
94,92, 0.394
96,92,-0.639
94,93,-0.859
95,94,-0.486
97,94,-0.757
97,96,-0.658
98,96, 0.024
98,97,-1.557
 0, 0, 0.244
 1, 1, 3.650
 2, 2, 4.120
 3, 3, 3.566
 4, 4,-1.110
 5, 5, 2.987
 6, 6, 2.896
 7, 7, 2.719
 8, 8, 0.448
 9, 9, 0.111
10,10, 4.365
11,11, 4.882
12,12, 0.698
13,13, 3.530
14,14, 0.934
15,15, 0.750
16,16, 4.074
17,17,-0.567
18,18, 2.659
19,19, 1.275
20,20, 0.078
21,21, 4.475
22,22, 1.781
23,23,-0.208
24,24, 1.567
25,25,-1.194
26,26, 3.515
27,27, 1.831
28,28, 3.448
29,29,-0.297
30,30, 3.182
31,31, 0.272
32,32, 4.492
33,33,-0.033
34,34,-0.272
35,35, 1.600
36,36, 0.532
37,37, 3.447
38,38, 0.673
39,39, 5.000
40,40,-0.616
41,41, 2.155
42,42, 2.539
43,43, 2.815
44,44, 1.538
45,45, 2.720
46,46, 1.459
47,47, 0.417
48,48, 5.000
49,49,-0.947
50,50, 0.991
51,51, 3.942
52,52, 4.299
53,53,-0.490
54,54, 2.777
55,55, 1.140
56,56, 2.989
57,57, 0.883
58,58, 3.913
59,59, 0.503
60,60, 3.373
61,61, 2.661
62,62, 3.666
63,63, 2.167
64,64,-0.177
65,65, 2.523
66,66, 2.963
67,67, 3.447
68,68, 0.556
69,69, 1.591
70,70, 2.324
71,71, 2.328
72,72, 0.021
73,73, 0.241
74,74, 4.318
75,75,-0.532
76,76,-1.055
77,77,-0.358
78,78, 2.519
79,79, 2.533
80,80, 2.848
81,81, 0.304
82,82, 4.693
83,83,-1.367
84,84,-0.345
85,85, 1.340
86,86, 0.034
87,87,-1.005
88,88, 4.986
89,89, 2.212
90,90,-0.321
91,91, 3.338
92,92, 0.871
93,93,-1.278
94,94, 4.978
95,95,-0.406
96,96, 1.085
97,97,-0.411
98,98, 1.476
