from,to,weight
 0,62, 0.281
 0,63, 1.237
 1, 2,-1.199
 2, 5,-0.066
 2,43,-1.224
 4, 5, 0.805
 5, 6, 0.328
 5,43, 1.156
 7, 8, 1.260
 7,11, 1.525
 7,22,-1.659
 8,23,-1.447
 8,34,-0.529
10,11,-0.885
11,24, 0.313
12,15, 0.503
12,16,-1.212
13,14,-0.611
13,15, 0.147
13,18,-1.615
13,20,-0.189
14,15, 0.869
14,19,-1.239
15,16,-0.258
15,21, 0.230
16,21,-1.644
18,20,-0.969
18,28,-1.248
20,21, 0.367
20,28, 1.815
20,30, 1.139
23,26,-1.018
23,34,-0.887
24,25, 0.299
24,26, 0.597
25,26,-0.935
25,27, 0.519
26,27, 0.904
26,28, 0.212
26,34, 1.558
26,39, 1.097
27,28, 0.893
27,29, 0.196
28,29, 0.321
28,30,-0.414
30,31, 0.639
32,33, 0.040
32,34, 0.876
32,37,-0.884
32,43, 2.113
33,34, 0.027
33,38,-0.914
34,39,-1.125
35,38, 1.453
36,38, 0.129
36,42,-0.858
36,45, 0.662
37,38, 0.085
37,43,-0.578
38,39, 2.080
38,44,-0.465
40,41, 0.758
40,46, 0.125
40,51,-1.332
41,42, 0.749
41,43, 0.099
41,52,-0.720
42,43, 2.304
42,44,-0.337
42,45, 1.077
42,53, 2.514
43,44,-0.978
45,53,-0.273
45,68, 1.193
46,51,-0.314
46,60,-1.202
46,62,-0.097
47,48,-0.418
47,49,-0.568
47,54, 0.059
48,49, 0.596
48,50,-1.505
48,56,-0.138
49,50, 1.221
49,51, 0.389
49,53, 2.709
49,55,-0.637
50,51, 0.353
50,58,-0.099
50,59, 0.300
51,52,-0.256
51,53,-0.787
51,60,-1.010
52,53,-0.914
54,55,-0.616
54,64, 0.231
56,57,-1.095
56,58,-0.091
57,58,-0.577
58,59, 1.152
58,61,-0.632
59,60,-1.102
59,61, 1.267
60,62,-0.909
61,62, 2.732
62,63, 1.912
64,65,-0.764
65,66, 0.306
65,68,-0.113
66,67,-0.701
66,68,-1.009
66,70, 1.742
69,71,-1.001
70,73, 1.081
62, 0, 0.281
63, 0, 1.237
 2, 1,-1.199
 5, 2,-0.066
43, 2,-1.224
 5, 4, 0.805
 6, 5, 0.328
43, 5, 1.156
 8, 7, 1.260
11, 7, 1.525
22, 7,-1.659
23, 8,-1.447
34, 8,-0.529
11,10,-0.885
24,11, 0.313
15,12, 0.503
16,12,-1.212
14,13,-0.611
15,13, 0.147
18,13,-1.615
20,13,-0.189
15,14, 0.869
19,14,-1.239
16,15,-0.258
21,15, 0.230
21,16,-1.644
20,18,-0.969
28,18,-1.248
21,20, 0.367
28,20, 1.815
30,20, 1.139
26,23,-1.018
34,23,-0.887
25,24, 0.299
26,24, 0.597
26,25,-0.935
27,25, 0.519
27,26, 0.904
28,26, 0.212
34,26, 1.558
39,26, 1.097
28,27, 0.893
29,27, 0.196
29,28, 0.321
30,28,-0.414
31,30, 0.639
33,32, 0.040
34,32, 0.876
37,32,-0.884
43,32, 2.113
34,33, 0.027
38,33,-0.914
39,34,-1.125
38,35, 1.453
38,36, 0.129
42,36,-0.858
45,36, 0.662
38,37, 0.085
43,37,-0.578
39,38, 2.080
44,38,-0.465
41,40, 0.758
46,40, 0.125
51,40,-1.332
42,41, 0.749
43,41, 0.099
52,41,-0.720
43,42, 2.304
44,42,-0.337
45,42, 1.077
53,42, 2.514
44,43,-0.978
53,45,-0.273
68,45, 1.193
51,46,-0.314
60,46,-1.202
62,46,-0.097
48,47,-0.418
49,47,-0.568
54,47, 0.059
49,48, 0.596
50,48,-1.505
56,48,-0.138
50,49, 1.221
51,49, 0.389
53,49, 2.709
55,49,-0.637
51,50, 0.353
58,50,-0.099
59,50, 0.300
52,51,-0.256
53,51,-0.787
60,51,-1.010
53,52,-0.914
55,54,-0.616
64,54, 0.231
57,56,-1.095
58,56,-0.091
58,57,-0.577
59,58, 1.152
61,58,-0.632
60,59,-1.102
61,59, 1.267
62,60,-0.909
62,61, 2.732
63,62, 1.912
65,64,-0.764
66,65, 0.306
68,65,-0.113
67,66,-0.701
68,66,-1.009
70,66, 1.742
71,69,-1.001
73,70, 1.081
 0, 0, 3.812
 1, 1,-0.552
 2, 2, 0.073
 3, 3, 0.617
 4, 4, 1.376
 5, 5, 3.103
 6, 6, 3.043
 7, 7, 1.883
 8, 8, 2.031
 9, 9,-0.551
10,10,-1.003
11,11, 5.000
12,12, 0.941
13,13, 0.666
14,14, 3.279
15,15, 4.738
16,16,-0.103
17,17,-0.798
18,18,-1.066
19,19, 1.396
20,20, 3.624
21,21, 0.781
22,22,-1.686
23,23,-0.187
24,24, 2.154
25,25, 0.365
26,26, 4.900
27,27, 2.943
28,28, 3.730
29,29, 1.666
30,30, 2.437
31,31, 1.487
32,32, 1.731
33,33,-0.266
34,34, 4.410
35,35, 1.638
36,36,-0.280
37,37,-0.208
38,38, 5.000
39,39, 1.294
40,40, 0.786
41,41, 2.770
42,42, 4.270
43,43, 5.000
44,44,-0.336
45,45, 3.669
46,46, 0.978
47,47, 0.272
48,48, 1.602
49,49, 4.848
50,50, 1.917
51,51, 2.622
52,52,-0.664
53,53, 3.003
54,54, 3.144
55,55,-1.224
56,56, 1.531
57,57,-0.832
58,58, 4.490
59,59, 1.885
60,60,-0.640
61,61, 3.415
62,62, 4.592
63,63, 2.886
64,64, 1.614
65,65, 0.483
66,66, 4.348
67,67,-1.005
68,68, 1.089
69,69, 2.368
70,70, 4.167
71,71,-0.616
72,72, 0.869
73,73, 3.248
