from,to,weight
  0,  3,-0.610
  1,  2, 1.116
  1,  3, 1.888
  1,  4, 0.885
  1, 29, 1.267
  1, 32,-0.529
  1, 58,-0.282
  1, 59,-1.286
  2,  3,-0.801
  2, 60, 1.658
  3, 33, 1.056
  4,  6, 0.954
  4, 55,-0.218
  4, 58,-0.567
  5,  6,-0.687
  5,  7, 1.274
  5,  8, 0.694
  5,  9,-0.931
  5, 51,-1.006
  5, 53, 1.325
  6,  7, 2.380
  6, 24, 1.593
  6, 55, 0.636
  7,  8, 0.720
  7, 25,-1.416
  8, 27, 1.555
 10, 12,-0.181
 10, 48,-1.466
 10, 50, 0.406
 11, 51,-0.672
 12, 22, 1.269
 12, 52,-1.565
 13, 14,-1.182
 13, 22, 1.842
 15, 17, 0.458
 17, 18, 0.610
 17, 19, 0.546
 18, 19,-0.040
 18, 20, 1.232
 20, 21, 0.905
 22, 23, 1.847
 23, 45, 1.414
 24, 25,-1.504
 24, 28,-0.796
 24, 29, 0.290
 25, 27,-1.489
 25, 28,-1.542
 26, 27, 0.266
 26, 28,-1.087
 26, 40,-1.083
 27, 28, 0.998
 28, 41,-0.289
 29, 30, 0.275
 29, 31, 0.419
 29, 32,-0.217
 30, 31,-0.680
 30, 33, 0.443
 31, 34,-1.368
 31, 41, 0.623
 32, 33,-1.271
 33, 34,-1.500
 33, 35, 1.022
 35, 37, 0.109
 37,109, 0.183
 38, 46, 0.239
 42, 43,-1.232
 42, 45,-1.300
 43, 44, 1.081
 43, 45,-0.996
 44, 45, 1.665
 46, 47,-0.967
 48, 49, 0.206
 48, 50,-0.897
 49, 50, 0.226
 49, 69,-1.145
 50, 51, 1.951
 50, 52,-1.541
 50, 69, 0.466
 51, 53, 1.288
 51, 70,-1.679
 51, 72,-0.222
 53, 54, 0.684
 53, 55,-1.678
 53, 72,-0.543
 54, 55, 1.192
 54, 73, 0.040
 55, 56, 0.216
 55, 58,-0.151
 56, 57,-0.485
 57, 68,-0.611
 58, 59,-0.974
 59, 60,-0.468
 60, 61, 0.725
 60, 62, 1.191
 61, 64, 0.661
 62, 63,-0.010
 62, 66,-0.797
 64, 67,-0.436
 64, 83, 0.442
 65, 66, 1.041
 67, 68, 0.180
 67, 83,-0.375
 68, 75,-1.304
 68, 80,-0.334
 68, 83,-0.613
 69, 71,-0.220
 70, 71,-1.224
 70, 72,-0.992
 71, 79, 1.126
 71, 82, 0.732
 72, 73,-1.472
 72, 79, 0.857
 73, 74,-1.669
 73, 75, 0.352
 73, 76,-1.544
 73, 77,-1.620
 73, 79, 2.546
 74, 75,-1.527
 75, 76,-1.064
 75, 77,-1.306
 75, 80, 1.198
 76, 77,-1.130
 77, 78,-0.485
 77, 79,-0.870
 78, 79, 1.098
 78, 81, 1.350
 79, 82,-1.631
 80, 83, 1.643
 81, 82, 1.470
 84, 86,-0.306
 85,109, 0.782
 87, 88, 1.402
 89, 90,-0.732
 89, 93, 0.118
 89,111,-0.067
 90, 91,-1.574
 90, 93,-0.726
 91, 92,-0.553
 91, 99, 0.902
 91,105,-1.272
 93, 95, 0.333
 93, 99, 1.255
 93,111,-0.704
 95, 96, 1.083
 95, 99,-0.190
 95,100,-0.385
 96, 97,-0.757
 96,101,-0.810
 97,102, 0.114
 97,110,-1.244
 98, 99,-1.559
 98,104,-1.557
 99,105,-0.395
100,101,-0.697
100,103,-0.563
101,102,-0.026
101,103,-1.473
102,103, 0.733
102,106, 2.321
102,110,-0.536
103,104, 1.811
104,105, 0.585
104,109, 0.946
106,107, 3.071
106,110, 0.828
  3,  0,-0.610
  2,  1, 1.116
  3,  1, 1.888
  4,  1, 0.885
 29,  1, 1.267
 32,  1,-0.529
 58,  1,-0.282
 59,  1,-1.286
  3,  2,-0.801
 60,  2, 1.658
 33,  3, 1.056
  6,  4, 0.954
 55,  4,-0.218
 58,  4,-0.567
  6,  5,-0.687
  7,  5, 1.274
  8,  5, 0.694
  9,  5,-0.931
 51,  5,-1.006
 53,  5, 1.325
  7,  6, 2.380
 24,  6, 1.593
 55,  6, 0.636
  8,  7, 0.720
 25,  7,-1.416
 27,  8, 1.555
 12, 10,-0.181
 48, 10,-1.466
 50, 10, 0.406
 51, 11,-0.672
 22, 12, 1.269
 52, 12,-1.565
 14, 13,-1.182
 22, 13, 1.842
 17, 15, 0.458
 18, 17, 0.610
 19, 17, 0.546
 19, 18,-0.040
 20, 18, 1.232
 21, 20, 0.905
 23, 22, 1.847
 45, 23, 1.414
 25, 24,-1.504
 28, 24,-0.796
 29, 24, 0.290
 27, 25,-1.489
 28, 25,-1.542
 27, 26, 0.266
 28, 26,-1.087
 40, 26,-1.083
 28, 27, 0.998
 41, 28,-0.289
 30, 29, 0.275
 31, 29, 0.419
 32, 29,-0.217
 31, 30,-0.680
 33, 30, 0.443
 34, 31,-1.368
 41, 31, 0.623
 33, 32,-1.271
 34, 33,-1.500
 35, 33, 1.022
 37, 35, 0.109
109, 37, 0.183
 46, 38, 0.239
 43, 42,-1.232
 45, 42,-1.300
 44, 43, 1.081
 45, 43,-0.996
 45, 44, 1.665
 47, 46,-0.967
 49, 48, 0.206
 50, 48,-0.897
 50, 49, 0.226
 69, 49,-1.145
 51, 50, 1.951
 52, 50,-1.541
 69, 50, 0.466
 53, 51, 1.288
 70, 51,-1.679
 72, 51,-0.222
 54, 53, 0.684
 55, 53,-1.678
 72, 53,-0.543
 55, 54, 1.192
 73, 54, 0.040
 56, 55, 0.216
 58, 55,-0.151
 57, 56,-0.485
 68, 57,-0.611
 59, 58,-0.974
 60, 59,-0.468
 61, 60, 0.725
 62, 60, 1.191
 64, 61, 0.661
 63, 62,-0.010
 66, 62,-0.797
 67, 64,-0.436
 83, 64, 0.442
 66, 65, 1.041
 68, 67, 0.180
 83, 67,-0.375
 75, 68,-1.304
 80, 68,-0.334
 83, 68,-0.613
 71, 69,-0.220
 71, 70,-1.224
 72, 70,-0.992
 79, 71, 1.126
 82, 71, 0.732
 73, 72,-1.472
 79, 72, 0.857
 74, 73,-1.669
 75, 73, 0.352
 76, 73,-1.544
 77, 73,-1.620
 79, 73, 2.546
 75, 74,-1.527
 76, 75,-1.064
 77, 75,-1.306
 80, 75, 1.198
 77, 76,-1.130
 78, 77,-0.485
 79, 77,-0.870
 79, 78, 1.098
 81, 78, 1.350
 82, 79,-1.631
 83, 80, 1.643
 82, 81, 1.470
 86, 84,-0.306
109, 85, 0.782
 88, 87, 1.402
 90, 89,-0.732
 93, 89, 0.118
111, 89,-0.067
 91, 90,-1.574
 93, 90,-0.726
 92, 91,-0.553
 99, 91, 0.902
105, 91,-1.272
 95, 93, 0.333
 99, 93, 1.255
111, 93,-0.704
 96, 95, 1.083
 99, 95,-0.190
100, 95,-0.385
 97, 96,-0.757
101, 96,-0.810
102, 97, 0.114
110, 97,-1.244
 99, 98,-1.559
104, 98,-1.557
105, 99,-0.395
101,100,-0.697
103,100,-0.563
102,101,-0.026
103,101,-1.473
103,102, 0.733
106,102, 2.321
110,102,-0.536
104,103, 1.811
105,104, 0.585
109,104, 0.946
107,106, 3.071
110,106, 0.828
  0,  0,-0.785
  1,  1, 5.000
  2,  2, 0.866
  3,  3, 3.028
  4,  4, 1.379
  5,  5, 4.319
  6,  6, 4.038
  7,  7, 2.575
  8,  8, 1.711
  9,  9,-1.077
 10, 10, 0.087
 11, 11,-0.166
 12, 12, 1.559
 13, 13, 1.598
 14, 14,-0.013
 15, 15, 0.348
 16, 16, 4.788
 17, 17, 3.351
 18, 18, 4.690
 19, 19, 1.216
 20, 20, 2.011
 21, 21, 3.231
 22, 22, 4.653
 23, 23, 3.078
 24, 24, 1.963
 25, 25,-1.332
 26, 26, 1.104
 27, 27, 3.364
 28, 28, 1.264
 29, 29, 3.975
 30, 30, 0.173
 31, 31, 2.132
 32, 32,-1.055
 33, 33, 4.032
 34, 34,-1.375
 35, 35, 1.698
 36, 36, 2.571
 37, 37, 2.048
 38, 38, 0.584
 39, 39,-0.619
 40, 40, 0.480
 41, 41, 2.944
 42, 42, 0.263
 43, 43, 1.272
 44, 44, 2.721
 45, 45, 4.385
 46, 46, 3.325
 47, 47,-1.229
 48, 48, 2.248
 49, 49, 0.157
 50, 50, 3.873
 51, 51, 3.293
 52, 52,-1.553
 53, 53, 2.367
 54, 54, 1.487
 55, 55, 3.628
 56, 56,-0.641
 57, 57,-0.963
 58, 58, 0.489
 59, 59,-0.569
 60, 60, 4.312
 61, 61, 0.813
 62, 62, 2.687
 63, 63, 0.568
 64, 64, 2.040
 65, 65, 2.936
 66, 66, 2.658
 67, 67, 0.199
 68, 68, 2.507
 69, 69, 0.580
 70, 70,-1.099
 71, 71, 3.611
 72, 72, 0.765
 73, 73, 1.026
 74, 74,-1.579
 75, 75, 2.033
 76, 76,-1.242
 77, 77,-0.057
 78, 78, 1.386
 79, 79, 4.039
 80, 80, 1.013
 81, 81, 4.806
 82, 82, 1.659
 83, 83, 4.616
 84, 84, 1.004
 85, 85, 1.427
 86, 86, 1.857
 87, 87, 5.000
 88, 88, 0.511
 89, 89, 2.973
 90, 90,-0.663
 91, 91, 1.984
 92, 92,-0.256
 93, 93, 3.845
 94, 94,-0.724
 95, 95, 2.775
 96, 96, 1.192
 97, 97,-0.074
 98, 98,-1.601
 99, 99, 2.335
100,100,-0.311
101,101,-0.127
102,102, 4.407
103,103, 1.610
104,104, 4.275
105,105,-0.518
106,106, 4.152
107,107, 3.401
108,108, 0.486
109,109, 3.866
110,110, 1.840
111,111, 0.223
112,112, 2.093
